loss
2.275721549987793
2.3371024131774902
2.1787829399108887
2.069427967071533
2.1447908878326416
2.249640941619873
2.0008437633514404
2.0311458110809326
1.9820502996444702
1.7907196283340454
1.9314424991607666
1.78341543674469
1.7732397317886353
1.5444715023040771
1.4876538515090942
1.584616780281067
1.3765839338302612
1.5598599910736084
1.2893332242965698
1.3643815517425537
1.197003722190857
1.1044118404388428
0.9305891990661621
1.1926305294036865
1.1512802839279175
0.9719680547714233
1.1629900932312012
1.0970255136489868
1.389043927192688
0.9162660837173462
1.0251781940460205
1.1429450511932373
0.8467281460762024
0.5310905575752258
1.0958030223846436
0.9609934687614441
0.6996846199035645
0.6464362144470215
1.591732144355774
0.866081714630127
0.6713301539421082
0.7822045087814331
0.8589352369308472
1.320759892463684
0.7719361782073975
0.8909738659858704
0.9451900720596313
0.9830113649368286
0.8266617059707642
1.0960171222686768
0.7040885090827942
0.8868392705917358
0.9065848588943481
1.0340855121612549
0.9814618825912476
0.91387939453125
0.8044643402099609
1.2499926090240479
0.6764324307441711
0.6976152062416077
1.1215685606002808
0.8308390378952026
0.897757887840271
1.0110195875167847
0.7525163888931274
0.9847501516342163
0.7831401824951172
1.008185625076294
1.0104272365570068
0.6140831708908081
0.843248724937439
0.8297370076179504
1.1126867532730103
0.7207381129264832
0.8712294697761536
0.4202815592288971
0.7188154458999634
0.4865160584449768
0.4197261929512024
0.6210063695907593
0.696545422077179
0.5621598362922668
0.7990217804908752
0.6961513757705688
0.8681128621101379
0.5409592390060425
0.7284882664680481
0.45322638750076294
0.8300908207893372
1.2088921070098877
0.6869727373123169
1.0688446760177612
1.0186305046081543
0.6793689131736755
0.5122635960578918
0.6727517247200012
0.8490477800369263
0.4702959656715393
0.8437917828559875
0.37955212593078613
0.7363126873970032
0.6569639444351196
0.7190493941307068
0.7715117335319519
0.6432274580001831
0.8005179166793823
0.6343251466751099
0.654789388179779
0.9602181315422058
0.6673504114151001
0.6986912488937378
0.4994243085384369
0.5376895666122437
0.7246298789978027
0.602953314781189
0.7391418218612671
0.528932511806488
0.44287532567977905
1.3802295923233032
0.682115375995636
0.9394363164901733
0.6188839673995972
0.6456209421157837
0.6180540323257446
0.49918270111083984
0.6824976205825806
0.42560702562332153
0.7841776609420776
0.9557954668998718
0.4001297056674957
0.7906466722488403
0.46655526757240295
0.6755861639976501
0.7523452043533325
1.3063998222351074
0.6959654092788696
0.8614408373832703
0.8329261541366577
0.67575603723526
1.3355817794799805
0.8370422124862671
0.5728929042816162
0.5439024567604065
0.8034375309944153
0.8474937677383423
0.7163296937942505
0.687566876411438
0.9678101539611816
0.6269257664680481
0.5772093534469604
0.7256112098693848
0.5298623442649841
0.4327123165130615
0.5811793208122253
0.8250357508659363
0.4582972526550293
0.5015295743942261
0.41787147521972656
0.4881337583065033
0.5035097002983093
0.8649145364761353
0.9483562707901001
0.7994674444198608
0.5696831345558167
0.49075207114219666
0.7552723288536072
0.5189115405082703
0.7414647936820984
0.9359990954399109
0.8505390882492065
0.6486418843269348
0.42675095796585083
0.5278952717781067
0.37802010774612427
0.7302539944648743
0.6691247224807739
0.6206241250038147
0.623912513256073
0.8735727071762085
0.9171433448791504
1.045064926147461
0.7225505709648132
0.574309229850769
0.3631191849708557
0.49438124895095825
0.6481112241744995
0.5627504587173462
0.5133456587791443
0.7177408933639526
0.48980513215065
0.43974003195762634
0.684069037437439
0.5605255961418152
0.7352767586708069
1.4760386943817139
0.9414541125297546
1.4996873140335083
0.9018206596374512
0.6689227819442749
0.6016689538955688
0.583552360534668
1.1290158033370972
0.5895863771438599
0.7076802849769592
0.8431410789489746
0.28615209460258484
0.5669033527374268
0.5299672484397888
0.8979886174201965
0.3740605413913727
0.6341232061386108
0.5693584680557251
0.769874632358551
0.5470570921897888
0.3741329312324524
0.5103973150253296
0.743157148361206
0.5317685604095459
0.49494045972824097
0.7245122790336609
0.7865883111953735
0.437476247549057
0.41987165808677673
0.5444786548614502
0.47181782126426697
0.9682716131210327
0.36842411756515503
0.409564346075058
0.3672756850719452
0.3619498014450073
0.31498390436172485
0.5129774808883667
0.4882085919380188
0.2309861183166504
0.6943570375442505
0.791472315788269
0.16706418991088867
0.5064542293548584
0.5301626324653625
0.5468008518218994
0.5325106978416443
0.5343688726425171
0.5036944150924683
0.31872057914733887
0.9977372884750366
0.6896640062332153
0.4051779806613922
0.377374529838562
0.8250444531440735
0.2757464349269867
0.34995052218437195
0.6444475650787354
0.8683480024337769
0.6738283634185791
0.5181385278701782
0.7571803331375122
1.0907104015350342
0.6540720462799072
0.523486852645874
0.9464187622070312
0.9705597162246704
0.4939804673194885
1.4476300477981567
0.6497336626052856
0.9095862507820129
0.3628008961677551
0.8004015684127808
0.5660818815231323
0.9791410565376282
0.3796304166316986
1.3859823942184448
0.5852488875389099
0.8376105427742004
0.3942102789878845
0.7132304310798645
0.8683719635009766
0.47429758310317993
0.7031678557395935
0.7998629808425903
0.8480106592178345
0.3845827579498291
0.6079189777374268
0.4924050271511078
0.6024423837661743
0.9444612264633179
0.5135005116462708
0.34575149416923523
0.5936934947967529
0.7670750617980957
0.32792359590530396
0.38708487153053284
0.7064518332481384
0.3892824649810791
0.42775702476501465
0.5351488590240479
0.6140868663787842
0.7933312058448792
0.6021153926849365
0.49441733956336975
0.581016480922699
0.5476034879684448
0.3625737130641937
0.6117176413536072
0.3314773440361023
0.6399251222610474
0.5077462792396545
0.44936466217041016
0.8386591672897339
0.6348210573196411
0.5938255190849304
0.5362070798873901
0.5034652948379517
0.49058637022972107
0.8676031827926636
0.7335327863693237
0.4654196798801422
0.35843902826309204
0.5381163358688354
0.6841696500778198
0.7988871335983276
0.4166242182254791
0.6846208572387695
0.8295537233352661
0.7677154541015625
1.01728355884552
0.7395383715629578
0.3509213924407959
0.4088444113731384
0.6432558298110962
0.8917347192764282
0.400635302066803
0.8001114130020142
0.7341190576553345
0.7492406964302063
0.4283831715583801
0.6785423755645752
0.6454554200172424
0.5350362062454224
0.46505284309387207
0.34547561407089233
0.8818071484565735
0.3411046862602234
0.6604902744293213
0.753214418888092
0.6099177002906799
0.19151060283184052
0.7701085209846497
0.6059024333953857
0.41562700271606445
0.6533178687095642
0.5025620460510254
0.5191017985343933
0.4301789700984955
0.2839360237121582
0.7869141697883606
0.8876175880432129
0.32563620805740356
0.7749570608139038
0.4653272032737732
0.5788093209266663
0.7757459282875061
0.5910729765892029
0.5675020217895508
0.6727839708328247
0.6471239328384399
1.0048096179962158
0.5614384412765503
0.7495665550231934
0.5361679196357727
0.38104110956192017
0.4547121524810791
0.7248209118843079
0.48831281065940857
0.2820238173007965
0.4359055459499359
0.6510361433029175
0.5988636612892151
0.36639246344566345
0.41358309984207153
0.4036259651184082
1.2783645391464233
0.34675249457359314
0.5140825510025024
0.9448524713516235
0.7823280096054077
0.4171120226383209
0.4130171835422516
0.5830301642417908
0.8338483572006226
0.41710084676742554
0.33351460099220276
0.2579059600830078
0.38842421770095825
0.6918092966079712
0.9673959612846375
0.5463656187057495
1.1402934789657593
0.36216476559638977
0.6115418076515198
0.6080716252326965
0.6254626512527466
0.6640644073486328
0.39846304059028625
0.4605911374092102
0.4245869517326355
0.358323335647583
0.7677115797996521
0.4677789807319641
0.5473966002464294
0.5455717444419861
0.3490912914276123
0.6689223051071167
0.697337806224823
0.42582765221595764
0.4639310836791992
0.3818540573120117
1.0429561138153076
0.47753071784973145
0.41986513137817383
0.576149582862854
0.5521984696388245
0.5107337236404419
0.8015395402908325
0.2613999843597412
0.6123669743537903
0.4467430114746094
0.44302526116371155
0.5405231714248657
0.6591330766677856
0.6878454685211182
0.5992465615272522
0.5983346700668335
0.712307333946228
0.5384544134140015
0.6619921326637268
0.7660590410232544
0.4132815897464752
0.4734314978122711
0.5122060775756836
0.5840814709663391
0.674452543258667
0.3022150993347168
0.41780370473861694
0.7417107820510864
0.741503894329071
1.1326477527618408
0.649924635887146
0.45763081312179565
1.0254907608032227
0.5010966658592224
0.7286408543586731
0.49812522530555725
0.31103065609931946
0.7833585143089294
0.42611604928970337
0.6090978980064392
0.5467081665992737
0.32888543605804443
0.6296941041946411
0.33892109990119934
0.7060537934303284
0.6831791400909424
0.24183957278728485
0.7617686986923218
0.2648192048072815
0.8194481134414673
0.2237870693206787
0.7347181439399719
0.8936730623245239
0.3895726799964905
0.5493733882904053
0.7114160060882568
0.7984817028045654
0.641139805316925
0.6510664224624634
0.474531888961792
0.4800078272819519
0.4188636243343353
0.5288503170013428
0.5867183804512024
0.6464444398880005
0.7070444822311401
0.7372603416442871
0.46510347723960876
0.6050437688827515
0.5327956080436707
0.6562050580978394
0.555073618888855
1.3460233211517334
0.7504002451896667
0.7981902360916138
0.6662336587905884
0.7888518571853638
0.5408336520195007
0.3145280182361603
0.5773439407348633
0.39708656072616577
0.6223753690719604
0.4736390709877014
0.7332028150558472
0.34119147062301636
0.4106918275356293
0.35192790627479553
0.20172269642353058
0.5138804316520691
0.3458414077758789
0.20017871260643005
0.6909825205802917
0.2656994163990021
0.6208986043930054
0.6275137066841125
0.3072158992290497
0.673758327960968
0.4416138529777527
0.7589219212532043
0.44974756240844727
0.5686253309249878
0.4646819233894348
0.6662057638168335
0.36735615134239197
0.6739112734794617
0.6949249505996704
0.5697242617607117
0.6254907846450806
0.5483105778694153
0.22871756553649902
0.49128204584121704
0.6525723934173584
0.3188549876213074
0.4027921259403229
0.5029361844062805
0.5096046924591064
0.5198150873184204
0.44679003953933716
0.6253257989883423
0.8501044511795044
0.36795318126678467
0.39381909370422363
1.1241976022720337
0.3104155957698822
0.5248980522155762
0.49788790941238403
0.39236584305763245
0.797895610332489
0.44223037362098694
0.3191228210926056
0.7967122197151184
0.1365979015827179
0.5026334524154663
0.312614768743515
0.4337359368801117
1.249637484550476
0.553381085395813
0.425356924533844
0.3780902922153473
0.5026005506515503
0.6732221841812134
0.866202712059021
0.6545794010162354
0.4958494305610657
0.2328256368637085
0.4280664026737213
0.9105253219604492
0.48090657591819763
0.4618868827819824
0.5562568306922913
0.12141549587249756
0.3346724808216095
0.656330943107605
0.6067202687263489
0.5724142789840698
0.6942610740661621
0.9574621319770813
0.5829483270645142
0.19383421540260315
0.30935758352279663
1.1386706829071045
0.7308938503265381
0.5350188612937927
0.8099799156188965
0.5293244123458862
0.25818485021591187
0.6044955253601074
0.6852806210517883
0.5520514845848083
0.5486799478530884
0.409758985042572
0.7110093832015991
0.2647506296634674
0.4596501290798187
0.4200638234615326
0.9593011140823364
1.0114070177078247
1.0721579790115356
0.7539733648300171
0.31191951036453247
0.5343481302261353
0.5054674744606018
0.5092502236366272
0.5116623044013977
0.6950286626815796
0.502418577671051
0.34421274065971375
0.377159059047699
0.46399998664855957
0.2684420645236969
0.7046531438827515
0.8847030401229858
0.4799880087375641
0.8932698965072632
0.7495132684707642
0.5951793789863586
0.4335850775241852
0.38137659430503845
0.6393860578536987
0.4434182643890381
0.646323561668396
0.401648610830307
0.8943381309509277
0.7566918134689331
0.6987358331680298
0.6883276700973511
0.5809903144836426
0.7294645309448242
0.5564981698989868
0.4012758731842041
0.38321205973625183
0.22306764125823975
0.8377014398574829
0.5363129377365112
0.528181791305542
0.4410269260406494
0.8040070533752441
0.27932819724082947
0.49704083800315857
0.4976847171783447
0.7534550428390503
0.8431949615478516
0.33521342277526855
0.6602301001548767
0.5239046812057495
0.2669708728790283
0.32717835903167725
0.8336507081985474
0.8220083117485046
0.30703607201576233
0.5194016695022583
0.3756313621997833
0.41366496682167053
0.32560768723487854
0.36111754179000854
0.350155234336853
0.3967466950416565
0.26776668429374695
0.4465053081512451
0.8762098550796509
0.8646144866943359
0.41971907019615173
0.45088285207748413
0.42686110734939575
0.5299956202507019
0.5774853229522705
0.4909411072731018
0.5598599314689636
0.35278019309043884
0.30739957094192505
0.17567473649978638
0.7113693356513977
0.9221798777580261
0.8106120824813843
0.6658453941345215
0.49984869360923767
0.6048747897148132
0.6574622988700867
0.5378113389015198
0.4126059114933014
0.7178020477294922
0.485323965549469
0.6890816688537598
0.6136870980262756
0.800676703453064
0.6636263132095337
0.39792197942733765
0.4691261351108551
0.7528015375137329
0.356717586517334
0.4140861928462982
0.6075497269630432
0.4229590892791748
0.5983761548995972
0.26803886890411377
0.5934629440307617
0.3004003167152405
0.4397958815097809
1.2482643127441406
0.5382366180419922
0.6488248109817505
0.6299981474876404
0.5423535108566284
0.3865876793861389
0.44085559248924255
0.9048856496810913
0.6313377618789673
0.630172848701477
0.401181161403656
0.7395023703575134
0.7445275783538818
0.5268563032150269
0.7618730664253235
0.48794180154800415
0.4655376374721527
0.2472793608903885
0.2924981117248535
1.1140352487564087
0.43033504486083984
0.7428129315376282
0.6681416034698486
0.4697256088256836
0.2888733446598053
0.3328929841518402
0.3075004816055298
0.7598989009857178
0.6370720267295837
0.5858879685401917
0.35110747814178467
0.4053110182285309
0.6303592920303345
0.287707656621933
0.3986049294471741
0.4266955256462097
0.4566011428833008
0.4469814896583557
0.2962224781513214
0.3764146566390991
0.7072581052780151
0.32739004492759705
0.5752518773078918
0.43654531240463257
0.36785539984703064
0.5492163896560669
0.5373083353042603
0.43189844489097595
1.1083709001541138
0.4085511565208435
0.6278085708618164
0.2943606674671173
0.8142720460891724
0.49452248215675354
0.8800621032714844
0.45704561471939087
0.38572317361831665
0.5199384093284607
0.39718618988990784
0.9642532467842102
0.5489715933799744
0.8351853489875793
1.035121202468872
0.4780125617980957
0.12298323214054108
0.49274811148643494
0.3144060969352722
0.8699684143066406
0.3167349696159363
0.9145883321762085
0.7454305291175842
0.7969192862510681
0.23603017628192902
0.8281170129776001
0.42956462502479553
0.4768494963645935
0.4130899906158447
0.6972491145133972
0.5217151641845703
1.0967895984649658
0.4999029040336609
0.23479875922203064
0.7260419130325317
0.4859887659549713
0.7416134476661682
0.5645713210105896
0.37364479899406433
0.5258620977401733
0.6231904029846191
0.6297374963760376
0.27490562200546265
0.554602861404419
0.6031294465065002
0.536188006401062
0.49101728200912476
0.4497454762458801
0.46979957818984985
0.32486432790756226
0.21334993839263916
0.2653859853744507
0.44139280915260315
0.5051746964454651
0.5462650656700134
0.773757815361023
0.5364840030670166
0.6168283224105835
0.5084346532821655
1.058009147644043
0.4670788645744324
0.32456761598587036
0.29961252212524414
0.4120260179042816
0.3304736018180847
0.3323031961917877
0.4198649823665619
0.5083946585655212
0.40252557396888733
0.31482627987861633
0.6153159737586975
0.40890413522720337
0.39617031812667847
0.3906828761100769
0.2804378867149353
0.1544598937034607
1.0333545207977295
0.46470046043395996
0.41887563467025757
0.5736032724380493
0.3114902973175049
0.2628360688686371
0.6916775107383728
0.6077591180801392
0.5746880769729614
0.4973025321960449
0.6005314588546753
0.6420438289642334
1.1911983489990234
0.28592509031295776
0.4753299653530121
0.2674418091773987
0.7694457769393921
0.3426070511341095
0.9845616221427917
1.070249319076538
0.5588248372077942
1.0108118057250977
0.7412117719650269
0.6433573961257935
0.8424690961837769
0.5348221063613892
0.3577469289302826
0.3356584310531616
0.3512241840362549
0.7330411672592163
0.5074819922447205
0.23175589740276337
0.2772514224052429
0.5096380710601807
0.6265908479690552
0.6314998269081116
0.4337434768676758
0.36698538064956665
0.7981737852096558
0.47777217626571655
0.21096761524677277
0.4352168142795563
0.599579393863678
0.3968057930469513
0.9183850288391113
0.2546258270740509
0.556830644607544
1.074578881263733
0.49477657675743103
0.41930824518203735
0.7373736500740051
0.9631183743476868
0.7913622856140137
0.3487653136253357
0.5097985863685608
0.4993070662021637
0.3620283603668213
0.490201473236084
1.0342152118682861
0.19586458802223206
0.6840194463729858
0.7053924202919006
0.5807382464408875
0.5819262266159058
1.1552305221557617
1.0114866495132446
0.7033596038818359
0.26273319125175476
0.4303296208381653
0.5167802572250366
0.5054924488067627
0.39922550320625305
1.059694528579712
0.5089452862739563
0.39575374126434326
0.5845486521720886
0.47692808508872986
0.6205805540084839
0.6848922967910767
0.40434545278549194
0.3206639885902405
0.7142030000686646
1.0771291255950928
0.16380104422569275
0.7213505506515503
0.7392846941947937
0.5474753975868225
0.5838542580604553
0.4728425145149231
0.45150628685951233
0.5349441766738892
0.7657030820846558
0.6674339771270752
0.25781404972076416
1.0431053638458252
0.42418187856674194
0.6628060340881348
0.26723819971084595
0.25315308570861816
0.3487251102924347
0.5859376192092896
0.7740247249603271
0.5719345808029175
0.6343194246292114
0.49197354912757874
0.851544201374054
0.47936469316482544
0.813939094543457
0.39978623390197754
0.5405776500701904
0.6554347276687622
0.29853203892707825
0.4175875782966614
0.5045576095581055
0.1343921720981598
0.30936628580093384
0.9034171104431152
0.4491388201713562
0.3089505732059479
0.5476799011230469
0.41778525710105896
0.47209542989730835
0.38153737783432007
0.1837855726480484
0.7015445828437805
0.7210153341293335
0.4164758622646332
0.5151730179786682
0.36409300565719604
0.7283850312232971
0.33156752586364746
0.5251384973526001
0.9870818257331848
0.4380107522010803
0.6166980266571045
0.8682677149772644
0.9350488781929016
0.44612568616867065
0.6694183945655823
0.27653026580810547
0.5510779023170471
0.27120354771614075
0.4165564477443695
0.5410410165786743
0.6883533596992493
0.9402656555175781
0.469207763671875
0.33623093366622925
1.14821457862854
0.3973097801208496
0.46941107511520386
0.3595559000968933
0.2959393262863159
0.6085077524185181
0.6473742723464966
0.4730326235294342
0.934127926826477
0.4046388268470764
0.4612414836883545
0.48981723189353943
1.0021531581878662
0.36158487200737
0.41532081365585327
0.2600300908088684
0.23764601349830627
0.1291368454694748
0.5438797473907471
0.766609787940979
0.22338838875293732
0.2165556401014328
0.5416848063468933
0.588997483253479
0.8756657838821411
0.5440047383308411
0.6935364603996277
0.49499577283859253
0.46985307335853577
0.8920515179634094
0.5068283677101135
0.5815446972846985
0.6952643990516663
0.6372746229171753
0.30362439155578613
0.7093504667282104
0.30808454751968384
0.5374881029129028
0.4900111258029938
0.7043193578720093
0.39746424555778503
0.7132003307342529
0.806228518486023
0.6384893655776978
0.39334630966186523
0.521551251411438
0.5348168611526489
0.3305959701538086
0.5736888647079468
0.9162465929985046
0.609897792339325
0.5093614459037781
0.30742841958999634
0.3792228102684021
0.6225403547286987
0.5741433501243591
0.3505178391933441
0.2938916087150574
0.9417773485183716
0.19859060645103455
0.35704702138900757
0.9518305063247681
0.5568777918815613
0.4630860686302185
0.45937928557395935
0.5265666842460632
0.828398585319519
0.7321330308914185
1.1386759281158447
0.49381232261657715
0.44842830300331116
0.367825448513031
0.6654293537139893
0.3991982340812683
0.6930610537528992
0.666041910648346
0.5182589292526245
0.3725208640098572
0.46094122529029846
0.6560751795768738
0.2905734181404114
0.5014951229095459
0.4526790678501129
0.37334418296813965
0.48327064514160156
0.8110597729682922
0.5277255773544312
0.5531923770904541
0.4497397541999817
0.5406695604324341
0.31212466955184937
0.5324629545211792
0.6042097806930542
0.3728899359703064
0.4967380464076996
0.20681257545948029
0.6249825358390808
0.5210033655166626
0.7315696477890015
0.35550910234451294
0.9780028462409973
0.7064157724380493
0.3494574725627899
0.753612756729126
0.45180171728134155
0.7406524419784546
0.9859727621078491
0.532931387424469
0.25732550024986267
0.4616973400115967
0.1985509693622589
0.347526490688324
0.32533153891563416
0.4350023865699768
0.5085486173629761
0.4679855704307556
0.41189736127853394
0.39905881881713867
0.3974772095680237
0.3019393980503082
0.39344924688339233
0.5023071765899658
0.8573349714279175
0.4730685353279114
0.5376412272453308
0.44860702753067017
0.6769719123840332
0.49406322836875916
0.539405107498169
0.7150183916091919
0.1864330917596817
0.773158609867096
0.42200058698654175
0.3390142619609833
0.5937198400497437
0.4279000163078308
0.3406680226325989
0.6018089056015015
0.5927724242210388
0.7058203816413879
0.5943132638931274
0.5383243560791016
0.6396526098251343
0.9240414500236511
0.3017745614051819
0.5849839448928833
0.39938467741012573
0.5960227847099304
1.0970304012298584
0.44008979201316833
0.35569900274276733
0.44661903381347656
0.846464991569519
0.4207127094268799
0.44386816024780273
0.10902001708745956
0.49055036902427673
0.4487108290195465
0.48302990198135376
1.039429783821106
0.5024775266647339
0.7094698548316956
1.593540072441101
0.7872759103775024
0.17073646187782288
0.6263139843940735
0.2781078517436981
0.38197311758995056
0.4872894287109375
0.649084210395813
0.16828154027462006
0.31674396991729736
0.825569748878479
0.43548744916915894
0.6312645077705383
0.36883872747421265
0.6072260141372681
0.5692815184593201
0.29898521304130554
0.5539184212684631
0.3808296024799347
1.2748595476150513
0.6752931475639343
0.5860557556152344
0.5143536925315857
0.4169634282588959
1.0154107809066772
0.2925114333629608
0.3673632740974426
0.6581859588623047
0.7036769390106201
0.5447220802307129
0.8058484792709351
0.5363546013832092
0.4725969731807709
0.7604014873504639
0.6442286372184753
0.2619419991970062
0.7451211214065552
0.7039733529090881
0.4545859694480896
0.6704705953598022
0.6731839179992676
0.3962310552597046
0.4035572111606598
0.709653377532959
0.6647907495498657
0.36535578966140747
0.7473562955856323
0.6701139807701111
0.48576563596725464
0.8461565971374512
0.3901084065437317
0.7466627359390259
0.45234188437461853
0.40180104970932007
0.5844078660011292
0.47343701124191284
0.7101413011550903
0.4037582278251648
0.302823543548584
0.6746869683265686
0.45758405327796936
0.48972541093826294
0.2571263015270233
0.2407025843858719
0.48573604226112366
0.2770386338233948
0.4570344090461731
0.6132793426513672
0.29551592469215393
0.3044864535331726
0.7218515276908875
0.26355215907096863
0.5272253751754761
0.6677342653274536
1.0457038879394531
0.4236052632331848
0.48442745208740234
0.4192613959312439
0.30952683091163635
0.521386981010437
0.5846342444419861
0.6843636631965637
0.2652807831764221
0.4494103491306305
0.27927106618881226
0.5538498163223267
0.5968772172927856
0.8050625920295715
0.5844453573226929
0.4890485405921936
0.49480098485946655
0.2980455160140991
0.4833882451057434
0.6037623882293701
0.6069707274436951
0.3732360899448395
0.4206203818321228
0.5281609892845154
0.5778406858444214
0.7465883493423462
0.8966307640075684
1.0128511190414429
0.24776144325733185
0.911279022693634
0.45630812644958496
0.4758688807487488
0.40747374296188354
0.1958695948123932
0.8054701089859009
0.3233286440372467
0.5173768401145935
0.49454188346862793
0.68788743019104
0.6911135911941528
0.7902710437774658
0.09428922832012177
0.4269105792045593
0.3914422392845154
0.16491183638572693
0.49874430894851685
0.8392548561096191
0.42840152978897095
0.39322975277900696
0.2569270730018616
0.2010621577501297
0.19658973813056946
0.34784623980522156
0.1813797503709793
0.45978808403015137
0.4911807179450989
0.3027196228504181
0.3116540014743805
0.4740823805332184
0.4723554253578186
0.31075358390808105
0.5261155366897583
0.3367900252342224
0.35799843072891235
0.39381861686706543
0.43447309732437134
0.6535142064094543
0.30851447582244873
0.5446211099624634
0.748515248298645
0.5568538904190063
0.2581273019313812
0.3460913300514221
1.0180423259735107
0.4143296778202057
0.7081009745597839
0.6635860204696655
0.44708529114723206
0.47268277406692505
0.43857541680336
0.46647852659225464
0.5222068428993225
0.4499599039554596
0.36525869369506836
0.3088902235031128
0.5090414881706238
0.8011265993118286
0.7509732246398926
0.4451916217803955
0.2988026738166809
0.42388400435447693
0.28246456384658813
0.7439983487129211
0.35871678590774536
0.31418925523757935
0.40504616498947144
0.47960081696510315
0.5170167684555054
0.4147771894931793
0.6197282075881958
0.99351966381073
0.39649659395217896
0.3702802360057831
0.5744408965110779
0.5312831997871399
0.3616057336330414
0.27929452061653137
0.8781905174255371
0.667992115020752
1.3162119388580322
0.8852654695510864
0.9567297697067261
0.3745727837085724
0.5732892155647278
0.28915444016456604
0.3735140860080719
0.2919798195362091
1.03836190700531
0.29650938510894775
0.8944889903068542
0.5323366522789001
0.3752936124801636
0.38679295778274536
0.33992329239845276
0.24148240685462952
0.4430620074272156
0.5523196458816528
0.4571245312690735
0.1796446591615677
0.5137672424316406
0.3695405125617981
0.2140139639377594
0.609279453754425
0.4647408127784729
0.4382932186126709
0.5669001340866089
0.36703336238861084
0.6297162771224976
0.29838937520980835
0.4487796723842621
0.1533571481704712
0.2992182672023773
0.4424794316291809
0.821025013923645
0.8303403854370117
0.3924176096916199
0.4910981059074402
0.31979888677597046
0.41993802785873413
0.30951350927352905
0.25070175528526306
0.20863953232765198
0.31454867124557495
1.0337114334106445
0.40790024399757385
0.43998783826828003
0.654634416103363
0.7610899806022644
0.7473469376564026
0.21081502735614777
0.5575748085975647
0.3975095748901367
0.541657030582428
0.17992985248565674
0.5721310377120972
0.6875942945480347
0.41507092118263245
0.40847906470298767
0.5050951838493347
0.6069430112838745
0.3745768666267395
0.6831096410751343
0.23602354526519775
0.36913377046585083
0.36902111768722534
0.6055281162261963
0.6173449158668518
0.5106581449508667
0.9039877653121948
0.43943095207214355
0.7054020762443542
0.8060431480407715
0.6752031445503235
0.39138203859329224
0.35999345779418945
0.6018850803375244
0.2501498758792877
0.6456251740455627
0.48609715700149536
0.23257717490196228
0.34011679887771606
0.579534113407135
0.20555059611797333
0.3513091802597046
0.48860985040664673
0.6110855340957642
0.3078833222389221
0.8516533970832825
0.6773051619529724
0.7311617136001587
0.22830185294151306
0.41982585191726685
0.3445212244987488
0.1306222528219223
0.5708578824996948
0.6798338890075684
0.8935213088989258
0.38712310791015625
0.4383440613746643
0.6321795582771301
0.22417263686656952
0.7574409246444702
0.732617974281311
0.40047135949134827
0.337780237197876
0.7786421179771423
0.3688355088233948
0.6227100491523743
0.6699325442314148
0.2532663941383362
0.2585662603378296
0.3134159743785858
1.0537554025650024
0.6056438684463501
0.5732825994491577
0.5038716793060303
0.6182817816734314
0.2836771011352539
0.17288431525230408
0.9691153764724731
0.27868884801864624
0.26217979192733765
0.5104764699935913
0.33832302689552307
0.4273792803287506
0.3432967960834503
0.7901116609573364
0.7176384329795837
0.41820985078811646
0.5417395830154419
0.39664918184280396
0.7326349020004272
0.432175874710083
0.3876707851886749
0.5161609649658203
0.37871861457824707
0.550439715385437
0.2303987741470337
1.282915711402893
0.613406240940094
0.559109091758728
0.2692633271217346
1.131671667098999
0.1591489613056183
0.5755516886711121
0.5681847333908081
0.33971601724624634
0.7337641716003418
0.5220795273780823
0.32202669978141785
0.7914971709251404
0.634224534034729
0.4032061994075775
0.24332666397094727
0.37034907937049866
0.6304117441177368
0.4356544613838196
0.5593298673629761
0.45966655015945435
0.8598432540893555
0.5748449563980103
0.5187278389930725
0.7119945287704468
1.0386278629302979
0.5992174744606018
0.42314204573631287
0.568767786026001
0.9111478924751282
0.7590619325637817
0.6609940528869629
0.47320032119750977
0.5967691540718079
0.3566540777683258
0.7060402631759644
0.5292400121688843
0.559873104095459
0.5993973016738892
0.9838724136352539
0.2947387993335724
0.7188419103622437
0.3435966372489929
0.3971947729587555
0.567012369632721
0.6591081619262695
0.7368454337120056
0.4060552716255188
0.2344857007265091
0.46188902854919434
0.31661415100097656
0.5804523825645447
1.0203583240509033
0.5658093690872192
0.7266725301742554
0.6880471110343933
1.0956398248672485
0.701403021812439
0.5660170316696167
0.7159048318862915
0.7134610414505005
0.5763959884643555
0.8148926496505737
0.35834330320358276
0.5295226573944092
0.2632547914981842
0.362098753452301
0.41602635383605957
0.19263511896133423
0.1853567659854889
0.3131076395511627
0.5655077695846558
0.4226035475730896
0.2682483494281769
0.46778756380081177
0.790206789970398
0.21952077746391296
0.3316930830478668
0.3491002917289734
0.5633497834205627
0.5940296053886414
0.553648829460144
0.22370576858520508
0.4590904116630554
0.6123313307762146
0.2796194851398468
0.21675577759742737
0.731170654296875
0.7354713082313538
0.7571629285812378
0.22373676300048828
0.5904989242553711
0.46256598830223083
0.2584570050239563
0.505937397480011
0.49743595719337463
0.4183775782585144
0.49741047620773315
0.5338556170463562
0.8529518246650696
0.4014434814453125
0.3051520884037018
0.5883301496505737
0.11519676446914673
0.3802739977836609
0.2978665232658386
0.7560700178146362
0.4584134519100189
0.3430623710155487
0.1923205554485321
1.0609016418457031
0.5128583908081055
0.5887168049812317
0.5857303738594055
0.28965362906455994
0.7216101884841919
0.4019668698310852
0.3493938148021698
0.3882766366004944
0.24593107402324677
0.5019211173057556
0.6544488668441772
0.32864728569984436
0.6387438178062439
0.3460175395011902
0.5955838561058044
0.5035117864608765
0.42790183424949646
0.32109004259109497
0.4886464476585388
0.3637832999229431
0.5459597110748291
0.7258327007293701
0.5606473684310913
0.6589645743370056
0.6211169958114624
0.4458867609500885
0.32930147647857666
0.8014408946037292
0.33164677023887634
0.5091320872306824
0.4111809730529785
0.21994879841804504
0.6021521687507629
0.37626513838768005
0.22995741665363312
0.215849831700325
0.35596609115600586
0.1309453696012497
0.4574511647224426
0.6468254327774048
0.6374073028564453
0.38488584756851196
0.6692554354667664
0.5996182560920715
0.6156437993049622
0.20262035727500916
0.4795461595058441
0.5010640621185303
0.3455384075641632
0.4406462609767914
0.4470888078212738
0.9970242381095886
0.4521990716457367
0.37204331159591675
0.4894546866416931
0.4297237992286682
0.1923304945230484
0.33336812257766724
0.37801751494407654
0.6893838047981262
0.5663076639175415
0.8446469306945801
0.37957268953323364
0.43645286560058594
0.6312631368637085
0.10908444970846176
0.18585984408855438
0.43656811118125916
0.589682936668396
0.4021560251712799
0.13634364306926727
0.3019179403781891
0.7821160554885864
0.37028443813323975
0.16925260424613953
0.6831787824630737
0.39841556549072266
0.7173393964767456
0.7115866541862488
0.5309122800827026
0.29867854714393616
0.48418188095092773
0.5622087717056274
0.44889768958091736
0.3717135787010193
0.4703556001186371
0.6016131043434143
0.3051680028438568
0.4958658218383789
0.6619230508804321
0.3429982364177704
0.6536731719970703
0.2356559783220291
0.3797679543495178
0.33666715025901794
0.37564918398857117
0.3224182426929474
0.2790082097053528
0.3350505530834198
0.4698304533958435
0.5382305383682251
0.5786916613578796
1.0908372402191162
0.4650082588195801
0.39244353771209717
0.13177092373371124
0.2783846855163574
0.7790042161941528
0.3973868191242218
0.569370448589325
0.6034433245658875
0.23670394718647003
0.6101532578468323
0.4236498773097992
0.9290735125541687
1.037264108657837
0.5134767293930054
0.5348061919212341
0.9040486216545105
0.252987802028656
0.5437668561935425
0.5486825704574585
0.49164527654647827
0.2991507351398468
0.8653586506843567
0.39886993169784546
0.381178617477417
1.4970611333847046
0.4756428599357605
0.6747297048568726
0.5188247561454773
0.5528398156166077
0.3993392288684845
0.5800844430923462
0.3356746733188629
0.3034232258796692
0.33705905079841614
1.1143743991851807
0.6983627080917358
0.6119378805160522
0.3711927533149719
0.5618442296981812
0.8137702941894531
0.9336012601852417
0.3133310377597809
0.7150051593780518
0.25068357586860657
0.4871821403503418
0.5821978449821472
0.6696742177009583
0.48638445138931274
0.1552354246377945
0.47872504591941833
0.5775643587112427
0.46753430366516113
0.18209847807884216
0.40735992789268494
0.6206077337265015
1.1030277013778687
0.5731104612350464
0.6521437764167786
0.4523235857486725
0.21071402728557587
0.4168948531150818
0.5362801551818848
0.2822137773036957
0.768724262714386
0.2746264934539795
0.5412269830703735
0.6208634972572327
0.4298480451107025
0.39111968874931335
0.6245089769363403
0.17817412316799164
0.2771965265274048
0.7684985995292664
0.628431499004364
0.37795794010162354
0.4628215730190277
0.372830867767334
1.117686152458191
0.5269458889961243
0.39018359780311584
0.6820421814918518
0.504192590713501
0.44201093912124634
0.33134251832962036
0.7650067806243896
0.2431972771883011
0.40457576513290405
0.49244561791419983
0.9521462321281433
0.2827773690223694
0.48881983757019043
0.4303417205810547
0.4822872281074524
0.32830363512039185
0.5074313282966614
0.43309587240219116
0.2756601870059967
0.42800790071487427
0.23102228343486786
0.7769932746887207
0.22701935470104218
0.47515207529067993
1.056755781173706
0.3262116014957428
0.9062949419021606
0.45684146881103516
0.2896399199962616
0.34744542837142944
0.6612833738327026
0.41034579277038574
0.3413276970386505
0.5526705384254456
0.2991272509098053
0.2841864228248596
0.9835978746414185
0.28310641646385193
0.25626757740974426
0.6898539662361145
1.0474662780761719
0.5161997079849243
1.0712354183197021
0.502655029296875
0.4455740451812744
0.4719472825527191
0.6203674077987671
0.5901896953582764
0.5163894891738892
0.3532332479953766
0.47961944341659546
0.3400877118110657
0.3870776295661926
0.3632323145866394
0.20812201499938965
0.318336546421051
0.17156128585338593
0.9388636350631714
0.4022749066352844
0.5080267190933228
1.162880301475525
0.43717747926712036
0.7973757386207581
0.27055811882019043
0.26782485842704773
0.31069713830947876
0.6832161545753479
0.3419375717639923
0.7571203708648682
0.18010994791984558
0.5108186602592468
0.4855474531650543
0.8477194905281067
0.3839476704597473
1.242807388305664
0.4663580358028412
0.43261227011680603
0.4867975115776062
0.8248695135116577
0.4964390695095062
0.5063003301620483
0.6954468488693237
0.6128506660461426
0.6872118711471558
0.5216473340988159
0.3043242394924164
1.1577956676483154
0.29281213879585266
0.7090736627578735
0.44773125648498535
1.2928906679153442
0.26617011427879333
0.48731446266174316
0.6094609498977661
0.299480140209198
0.42675337195396423
0.5067508220672607
0.9939874410629272
0.34150686860084534
0.7682090401649475
0.3957873582839966
0.524077296257019
0.5918868184089661
0.487468421459198
0.43091297149658203
0.14983998239040375
0.8144729733467102
0.39943450689315796
0.6857200860977173
0.6205159425735474
0.3727310299873352
0.5187608599662781
0.7237540483474731
0.45442476868629456
0.20781373977661133
0.7655878067016602
0.32126283645629883
0.30099955201148987
0.475707471370697
0.44975295662879944
0.6002256274223328
0.5699594020843506
0.255759060382843
0.8761715888977051
0.3191676139831543
0.37598973512649536
0.7404118776321411
0.6286794543266296
0.13547876477241516
0.4724288880825043
0.6071323156356812
0.42576709389686584
0.34147781133651733
0.44082123041152954
0.2738611102104187
0.3773082494735718
0.31301942467689514
0.8914130926132202
0.587376594543457
0.7313088774681091
0.36724066734313965
0.4580335021018982
0.6524461507797241
0.4737795889377594
0.5433582067489624
0.6386551260948181
0.4444202482700348
0.32861509919166565
0.614727258682251
0.48885971307754517
0.17287936806678772
0.4088556170463562
0.5388852953910828
0.7800713777542114
0.7475107312202454
0.47429555654525757
0.37769052386283875
0.3874342143535614
0.445753276348114
0.5552881360054016
0.9296496510505676
0.7517734169960022
0.26401495933532715
0.9332284927368164
0.4650419354438782
0.9539918899536133
0.4037927985191345
0.32667165994644165
0.30452555418014526
0.6389256715774536
0.4889855980873108
0.5278775691986084
0.23613783717155457
0.5116177201271057
0.4616580605506897
0.4952893853187561
0.32084548473358154
0.27551040053367615
0.2791927754878998
0.6639447212219238
0.40065962076187134
0.3266770839691162
0.5560568571090698
0.25201207399368286
0.5758172869682312
0.5239481925964355
0.57976233959198
0.38843366503715515
0.716042697429657
0.4847605228424072
0.4053467810153961
0.4749327600002289
0.516086757183075
0.45406976342201233
0.4620274007320404
0.38908690214157104
0.29195842146873474
0.45041340589523315
0.7690428495407104
0.4468911588191986
0.7652751207351685
0.32032620906829834
0.24846050143241882
0.44923657178878784
0.14799097180366516
0.34567466378211975
0.5494874715805054
0.4498768448829651
0.9564002156257629
0.3440939784049988
0.3496926426887512
0.543300449848175
0.2838420569896698
0.1854306161403656
0.5915762782096863
0.4796880781650543
0.4845939576625824
0.5401613116264343
0.5538093447685242
0.3542770743370056
0.44811004400253296
0.48994937539100647
0.9606126546859741
0.27466386556625366
0.8493877649307251
0.4760890007019043
0.5012778043746948
0.28096848726272583
0.33296892046928406
0.6023525595664978
0.5594201683998108
0.4189223647117615
0.48428717255592346
0.3497009575366974
0.47491469979286194
0.6208216547966003
0.5299670696258545
0.41316723823547363
0.47281527519226074
0.4618327021598816
0.2832111716270447
1.1646467447280884
0.18768897652626038
0.484936386346817
0.6324142813682556
1.114030122756958
0.18616753816604614
0.3471055030822754
0.642719566822052
0.5595070123672485
0.2253512442111969
0.47385650873184204
0.3284057676792145
0.3644823133945465
0.665793776512146
0.5932872891426086
0.3164185583591461
0.841577410697937
0.653730034828186
0.42581886053085327
0.625781774520874
0.2844797670841217
0.6775065064430237
0.22594137489795685
1.0874067544937134
0.516058087348938
0.3297770321369171
0.8075644373893738
0.2101469337940216
0.21712645888328552
0.4508468508720398
0.4643537402153015
0.35825565457344055
0.44508975744247437
0.4223036766052246
0.5974022150039673
0.5461483597755432
0.9967939257621765
0.4097530245780945
0.28338155150413513
0.2694375813007355
0.4127494692802429
0.716555118560791
0.7416662573814392
0.36632439494132996
0.8078609704971313
0.5135656595230103
0.5188339352607727
0.17292283475399017
0.8505088090896606
0.31960368156433105
0.3248439431190491
0.36514216661453247
0.5311952233314514
0.35408294200897217
0.5838443040847778
0.49399441480636597
0.9255358576774597
0.2245039939880371
1.084255337715149
0.4589640200138092
0.5436553955078125
0.19723716378211975
0.6329479813575745
0.31855303049087524
0.6508274674415588
0.4249400496482849
0.4751965403556824
0.6533317565917969
0.5302586555480957
0.24330627918243408
0.5919811725616455
0.7129026055335999
0.270718514919281
0.2639721930027008
0.8112878799438477
0.4226158559322357
0.587326169013977
0.6990639567375183
0.5072063207626343
0.2976163625717163
0.725062370300293
0.37357908487319946
0.9850017428398132
0.3717380166053772
0.6719900369644165
0.4103768765926361
0.6004709005355835
0.18020854890346527
0.5592042803764343
0.388732373714447
1.0294220447540283
0.4278491139411926
0.7208677530288696
0.3632323741912842
0.5877394080162048
0.15925922989845276
0.21391046047210693
0.8173119425773621
0.5405508279800415
0.684264600276947
0.684130847454071
0.33864837884902954
0.9549276232719421
0.2868654131889343
0.24736234545707703
0.2497587651014328
0.3750365376472473
0.5489935278892517
0.6349614858627319
0.16327455639839172
0.1154383197426796
0.7347003221511841
0.5409673452377319
0.5354915857315063
0.6072365045547485
0.4323340952396393
0.7279608845710754
0.697231113910675
0.6681100130081177
0.2941308319568634
0.38761773705482483
0.4938132166862488
0.9449173212051392
0.6868831515312195
0.3260114789009094
0.40790238976478577
0.418536901473999
0.22559893131256104
0.4954037666320801
0.49873605370521545
0.7912653684616089
0.4348054826259613
0.9330763816833496
0.5282312035560608
0.5734966993331909
0.39349550008773804
0.7473250031471252
0.4298698306083679
0.3771495819091797
0.1912536919116974
0.3448111414909363
0.49829307198524475
0.4683718681335449
0.9464306831359863
0.27098360657691956
0.18651466071605682
0.48875531554222107
0.41527891159057617
0.26849064230918884
0.3915933668613434
0.39428144693374634
0.9285836219787598
0.3535230755805969
0.8941675424575806
0.3505798578262329
0.7721520662307739
0.7037490010261536
0.47529760003089905
0.6617456674575806
0.24101164937019348
0.8896282315254211
0.5853209495544434
0.535295844078064
0.24195075035095215
0.5159439444541931
0.4683147072792053
1.172674536705017
0.6756218075752258
0.5635350346565247
0.3880821466445923
0.18843024969100952
0.7879388928413391
0.44977396726608276
0.19953608512878418
0.25926417112350464
0.6472409963607788
0.8357154130935669
0.3925580382347107
0.2791619896888733
0.25370845198631287
0.5748075246810913
0.9067877531051636
0.46120864152908325
0.6888332962989807
0.16576072573661804
0.5424883961677551
0.5318027138710022
0.660645067691803
0.38676634430885315
0.2359543740749359
0.563478946685791
0.389620840549469
0.25158706307411194
0.33850738406181335
0.25397568941116333
0.6695116758346558
0.4127430021762848
0.2174786776304245
0.4956156611442566
0.41339460015296936
0.29426005482673645
0.43834012746810913
0.6286640763282776
0.34457147121429443
0.2297411412000656
0.5125960111618042
0.7994767427444458
0.7140501141548157
0.5249778032302856
0.5577545166015625
0.10531677305698395
0.3244462311267853
0.3962379992008209
0.25516217947006226
0.8409633636474609
0.2915470600128174
0.5925266742706299
0.2266041338443756
0.43658536672592163
0.4299355149269104
0.3410702645778656
0.3297833800315857
0.8695850372314453
0.49690818786621094
0.8138625025749207
0.28759878873825073
0.3809507489204407
0.5709831714630127
0.5842077732086182
0.7060678005218506
0.8793699145317078
0.5248242020606995
0.2695675492286682
0.48860159516334534
0.727981686592102
0.33987829089164734
0.4779154658317566
0.4540638029575348
0.40084925293922424
0.7787631750106812
0.27298372983932495
0.2926636040210724
0.4302597939968109
0.2644197940826416
0.4845542907714844
0.7014880776405334
0.31583136320114136
0.5043601989746094
0.37564706802368164
0.19319230318069458
0.5467091798782349
0.24605043232440948
0.40641579031944275
0.37185800075531006
0.8104079961776733
0.835865318775177
0.5768882632255554
0.40286797285079956
1.1519144773483276
0.3962894678115845
0.24850313365459442
0.2518969476222992
0.8561650514602661
1.0429900884628296
0.8585882186889648
0.5401826500892639
0.25620201230049133
0.5978628396987915
0.5887308120727539
0.34675848484039307
0.6156419515609741
0.7810031771659851
0.3942525386810303
0.5233843326568604
0.4170726239681244
0.7447323203086853
0.5104470252990723
0.31341949105262756
0.7968959212303162
0.6246082186698914
1.2276734113693237
0.34387636184692383
0.6962218880653381
0.9091428518295288
0.5586344003677368
0.5986367464065552
0.19393692910671234
0.409228652715683
0.2606911361217499
0.2988838851451874
0.6308820247650146
0.26000574231147766
0.6791609525680542
0.5160813927650452
0.43017691373825073
0.4278073310852051
0.6451905369758606
0.40692344307899475
0.5414058566093445
0.3565765917301178
0.8858851194381714
0.3412512242794037
0.5722265243530273
0.48737096786499023
0.5942129492759705
0.3105255663394928
0.8135226964950562
0.6661409735679626
0.702782392501831
0.33733177185058594
0.570673406124115
0.4231928288936615
0.29058390855789185
0.7855916023254395
0.32409781217575073
0.2895989716053009
0.3222198784351349
0.8093245625495911
0.23236915469169617
0.5638226270675659
0.48753175139427185
0.2999956011772156
0.573998212814331
0.9917958378791809
0.4263741374015808
0.4298696517944336
0.45135968923568726
0.44591936469078064
0.3551529347896576
0.43864965438842773
0.6324478387832642
0.42082080245018005
0.5792204141616821
0.4332175850868225
0.4840606153011322
0.5557597875595093
0.30645501613616943
0.44066372513771057
0.6420029401779175
0.25749292969703674
0.2999536991119385
0.3402339518070221
0.25464320182800293
0.2630729675292969
0.3884327709674835
0.7322355508804321
0.31999799609184265
0.7561469078063965
0.5721824169158936
0.6185363531112671
0.6906700134277344
0.33049070835113525
0.31565409898757935
0.25690117478370667
0.6076847314834595
0.27557453513145447
0.26694363355636597
0.21428243815898895
0.8081375956535339
0.4112342894077301
0.5060234069824219
0.3453783094882965
0.7416359782218933
0.7999412417411804
0.5580617785453796
0.21815577149391174
0.3967413306236267
0.20453688502311707
0.6162151098251343
0.4132481515407562
0.297987699508667
0.43069466948509216
0.2776205837726593
0.5893435478210449
0.48951196670532227
0.7335139513015747
0.8157831430435181
0.40656131505966187
0.7338942885398865
0.5938189625740051
1.1893588304519653
0.2781049907207489
0.2337709218263626
1.1300712823867798
0.21709755063056946
0.3660826086997986
0.7122529745101929
0.4161663055419922
0.3000628352165222
0.31899428367614746
0.5542494058609009
0.254443496465683
1.0709761381149292
0.4195554852485657
0.7861847281455994
0.9974921941757202
0.7867900729179382
0.35287076234817505
0.31057554483413696
0.604171097278595
0.6415504217147827
0.24948450922966003
0.43941861391067505
0.4125071167945862
0.4203301966190338
0.5407797694206238
0.4445618689060211
0.24122865498065948
0.36341941356658936
0.27862510085105896
0.2660314440727234
0.4885620176792145
0.41131559014320374
0.31989288330078125
0.4931807518005371
0.293781578540802
0.5032035112380981
0.5667769312858582
0.32214367389678955
0.7390410900115967
0.10382422059774399
0.2192639410495758
0.531614363193512
0.248846173286438
0.5340089797973633
0.49649614095687866
0.31228357553482056
0.31737440824508667
0.16838498413562775
0.9859630465507507
0.5095399618148804
0.654863715171814
0.432990700006485
0.7316918969154358
0.1244170069694519
0.5333710312843323
0.2889310121536255
0.13787338137626648
0.4694959223270416
0.5498957633972168
0.2948714792728424
0.4394773542881012
0.2817460894584656
0.646443784236908
0.3226780295372009
0.49415794014930725
0.31568270921707153
0.3002111315727234
0.7333809733390808
0.6059282422065735
0.630681037902832
0.33109575510025024
0.32160794734954834
0.664232611656189
0.8380352854728699
0.5402452349662781
0.5744574069976807
0.493908554315567
0.2953175902366638
0.5028024911880493
0.18436507880687714
0.2003670036792755
0.3908446729183197
0.566912055015564
0.5319446325302124
0.4776820242404938
0.3123868405818939
0.3761279284954071
0.6356858611106873
0.2912384569644928
0.6766282916069031
0.2269608974456787
0.4297305643558502
0.6570726037025452
0.5005325078964233
0.3483734726905823
0.27057212591171265
0.38884130120277405
0.26465532183647156
0.6212334632873535
0.24041493237018585
0.28569766879081726
0.45564737915992737
0.8923934698104858
0.42391473054885864
0.5775368809700012
0.3924754559993744
0.6253193020820618
0.6399523019790649
0.24859003722667694
0.38082513213157654
0.4292769432067871
0.2893233001232147
0.21785208582878113
0.7080859541893005
0.7448146939277649
0.11788682639598846
0.38888925313949585
0.38603299856185913
0.4112076759338379
1.0608035326004028
0.38713040947914124
0.9356042742729187
0.7053468227386475
0.22858960926532745
0.44922107458114624
0.2764127850532532
0.28746071457862854
0.2948814332485199
0.37997615337371826
0.6804052591323853
0.7510343790054321
0.3663920760154724
0.36351823806762695
0.546197772026062
1.0356272459030151
0.7588711977005005
0.5215293765068054
0.8077748417854309
0.7592459917068481
0.36847954988479614
0.3511035144329071
0.5474048852920532
0.4720708727836609
0.5128234028816223
0.652130663394928
0.5480641722679138
0.38921648263931274
0.6722987294197083
0.48583880066871643
0.8597670793533325
0.4987213611602783
0.6496129035949707
0.4955224096775055
0.6852447390556335
0.5884389877319336
0.4736311435699463
0.35284659266471863
0.32868486642837524
0.22276704013347626
0.4626847207546234
0.34195590019226074
0.3875500559806824
0.7272868156433105
0.302873432636261
0.4676945209503174
0.4181187152862549
0.5391302108764648
0.22546982765197754
0.48454079031944275
1.283734679222107
0.4250362813472748
0.8637474775314331
0.3707573711872101
0.24729883670806885
0.6569443345069885
0.6775919198989868
0.2593904733657837
0.36172565817832947
0.5603131055831909
0.5859585404396057
0.38892316818237305
0.552892804145813
0.16388145089149475
0.31114649772644043
0.543852686882019
0.38752588629722595
0.8610408902168274
0.4422655999660492
0.2847282588481903
0.34943270683288574
0.21724757552146912
0.7263091802597046
0.4949052333831787
0.6396557092666626
0.6449164748191833
0.44474196434020996
0.44574564695358276
0.915298581123352
0.325670063495636
0.8032764196395874
0.4633108973503113
0.3749083876609802
0.4316485822200775
0.4087833762168884
0.3087855279445648
0.18323926627635956
0.9377280473709106
0.5629298090934753
0.401934951543808
0.3709428608417511
0.4673062264919281
0.47530436515808105
0.35968270897865295
0.4166949391365051
0.2782215476036072
0.45406612753868103
0.600114643573761
0.5248897075653076
0.5556002855300903
0.5319024920463562
0.16915902495384216
1.0706738233566284
0.518890917301178
0.35897883772850037
0.5156282186508179
0.5184784531593323
0.2479255497455597
0.26558417081832886
0.44812774658203125
0.5762996673583984
0.4874289035797119
0.5824783444404602
0.1652187556028366
0.5789596438407898
0.8891318440437317
0.2825419008731842
0.21934004127979279
0.4116653501987457
0.5473223924636841
0.3985443413257599
0.35476773977279663
0.30781522393226624
0.47410863637924194
1.1102981567382812
0.38061991333961487
0.10384976863861084
0.21711525321006775
0.8437849283218384
0.42037588357925415
0.38755378127098083
0.4242931008338928
0.8426178097724915
1.015058994293213
0.9606355428695679
0.2979171872138977
0.4246436059474945
0.3113963305950165
0.5240666270256042
0.5008333325386047
0.33342066407203674
0.8349605798721313
1.037968397140503
0.42906084656715393
0.6635016202926636
0.5553028583526611
0.9826639890670776
0.7221973538398743
0.4274830222129822
0.6410163640975952
0.3269999921321869
0.48552975058555603
0.470513254404068
0.3964281678199768
1.1331291198730469
0.37369996309280396
0.6083980202674866
0.3924175202846527
0.26714882254600525
0.3648017644882202
0.6392409205436707
0.2771987318992615
0.35692206025123596
0.32507678866386414
0.43376749753952026
0.9819804430007935
0.3314597010612488
0.513125479221344
0.35936492681503296
0.1763262301683426
0.3797673285007477
0.29291072487831116
0.5956040024757385
0.7054762244224548
0.48847299814224243
0.7337020635604858
0.46153441071510315
0.6556124091148376
0.35549598932266235
0.7639272809028625
0.39471012353897095
0.7486783266067505
0.8706304430961609
0.43959760665893555
0.25644561648368835
0.4104326665401459
0.7058913111686707
0.5149068236351013
0.3138645887374878
0.7552712559700012
0.48153239488601685
0.2789069712162018
0.7062219977378845
0.32275980710983276
0.5969167351722717
0.8796945810317993
0.46691828966140747
0.5156866312026978
0.28573909401893616
0.24570965766906738
0.848312258720398
0.738808274269104
0.41144806146621704
0.6458717584609985
0.48447537422180176
0.5875189304351807
0.19678813219070435
0.278152734041214
0.5648548007011414
0.4236964285373688
1.4455374479293823
0.5457556247711182
0.37535983324050903
0.495490700006485
0.4584848880767822
1.0011117458343506
0.6017876863479614
0.5498214960098267
0.6597452759742737
0.258586585521698
0.35166388750076294
0.8275743722915649
0.7644389867782593
0.3756691813468933
0.33108311891555786
0.5076355934143066
0.975052535533905
0.7011546492576599
0.5893637537956238
0.3368937373161316
0.4614293575286865
0.4954589903354645
0.618486762046814
0.3949527144432068
0.5264314413070679
0.3911082148551941
0.35576096177101135
0.8559454679489136
0.44560766220092773
0.582884669303894
0.24704770743846893
0.6308268904685974
0.7630180716514587
0.5446749925613403
0.9328126907348633
0.5148255228996277
0.4204048216342926
0.5115737318992615
0.48398223519325256
0.3720094859600067
0.30308541655540466
0.6294981241226196
0.5782408714294434
0.26909559965133667
0.45555752515792847
0.2708337604999542
0.41644078493118286
0.6195908784866333
0.5774309635162354
0.8874829411506653
0.4205828309059143
0.46130338311195374
0.559987485408783
0.42625340819358826
0.3097320795059204
0.7300773859024048
0.4707338213920593
0.7098758816719055
0.37528496980667114
0.22530464828014374
0.4236578345298767
0.24285785853862762
0.18086941540241241
0.39108210802078247
0.3341270089149475
0.22155094146728516
0.3275839388370514
0.2303512990474701
0.5812040567398071
0.3953726887702942
0.4708453118801117
0.41908273100852966
0.4249727129936218
0.7724581956863403
0.5833115577697754
0.4339061677455902
0.7310241460800171
0.18712620437145233
0.5570148229598999
0.422923743724823
0.6075226068496704
0.5387445688247681
0.25674915313720703
0.44749918580055237
0.6544878482818604
0.3328764736652374
0.5695980191230774
0.1581292301416397
0.41367873549461365
0.8556353449821472
0.35524994134902954
0.536871612071991
0.6814828515052795
0.2652636468410492
0.5050821304321289
0.46381527185440063
0.20501363277435303
0.34052902460098267
0.3663732409477234
0.4005677103996277
0.6331663727760315
0.38951271772384644
0.9457545280456543
0.5815671682357788
0.4464475214481354
0.43891340494155884
0.4258572459220886
0.41469621658325195
0.4644675850868225
0.7330319881439209
0.31667372584342957
0.5382424592971802
0.17926323413848877
0.5874870419502258
1.6038973331451416
0.4077546000480652
0.28358906507492065
0.25996991991996765
0.34874865412712097
0.29586461186408997
0.4177888035774231
0.3414018750190735
0.5334590673446655
0.5126675367355347
0.3775028586387634
0.5899708867073059
0.5560946464538574
0.20265498757362366
0.464128315448761
0.5965296626091003
0.38236889243125916
0.36722734570503235
0.863559901714325
0.35144883394241333
0.7310096621513367
0.3388225734233856
0.5701245069503784
0.36418986320495605
0.583450436592102
0.22341251373291016
0.5077911615371704
0.745917022228241
0.8468128442764282
0.4492388367652893
0.10138174146413803
0.32419341802597046
0.35431450605392456
0.3808618187904358
0.7081930637359619
1.5129530429840088
0.420430988073349
0.17487971484661102
0.5279580354690552
0.304201602935791
0.40226855874061584
0.8221160173416138
0.422233909368515
0.3760404884815216
0.5889624357223511
0.37304189801216125
0.9024521112442017
0.7182756066322327
0.39757245779037476
0.49942106008529663
0.9896286129951477
0.6956918239593506
0.38908320665359497
0.8314156532287598
0.14248837530612946
0.1622781902551651
0.532366156578064
0.5302333235740662
0.48645296692848206
0.278539776802063
0.4549742341041565
0.12508995831012726
0.5907440781593323
0.3695964217185974
0.2751353681087494
0.2613205015659332
0.4493057131767273
0.4661875367164612
0.5471088886260986
0.09265147149562836
0.3947276473045349
0.2642991244792938
0.4864475131034851
0.6177036762237549
0.42354312539100647
0.43008390069007874
0.3670901656150818
0.5887491703033447
0.44325384497642517
0.32241782546043396
1.071298599243164
0.3046998083591461
0.48830875754356384
0.19927825033664703
0.5972331762313843
0.174941748380661
0.7173029780387878
0.5616897940635681
0.41008299589157104
0.35235100984573364
0.1784810870885849
0.4059116244316101
0.42387622594833374
0.5766881108283997
0.5160706043243408
0.40124744176864624
0.23823419213294983
0.9473706483840942
0.6224130392074585
0.4513770043849945
0.342318058013916
0.30043166875839233
1.1777608394622803
0.45352786779403687
0.4449874758720398
0.39188718795776367
0.33816179633140564
0.3078041076660156
0.5363903045654297
0.6256004571914673
0.759235143661499
0.40592727065086365
0.32011160254478455
0.780514121055603
0.44967132806777954
0.6936150789260864
0.4058808386325836
0.5290151834487915
0.14782483875751495
0.5417789816856384
0.40183430910110474
0.4924783706665039
0.6350627541542053
0.5101408362388611
0.21361342072486877
0.5511268377304077
0.5332130193710327
0.5268486738204956
0.4422365725040436
0.21503952145576477
0.87188720703125
0.9072755575180054
0.20734627544879913
0.3865087926387787
0.2481233775615692
0.3466396629810333
0.3472520709037781
0.5902579426765442
0.3837701082229614
0.4988950788974762
0.2615366280078888
0.2981571555137634
0.34224551916122437
0.5356597304344177
0.4908428192138672
0.46498313546180725
0.24479670822620392
0.4142151474952698
0.2767312824726105
0.18172816932201385
0.5129578113555908
0.42423978447914124
0.893895149230957
0.3273060917854309
0.16480839252471924
0.4762697219848633
0.3800188899040222
1.2144752740859985
0.4966607689857483
0.7350877523422241
0.2902003228664398
0.36737877130508423
0.40402787923812866
0.23604857921600342
0.37750670313835144
0.4815693497657776
0.6241031885147095
0.45512157678604126
0.3807608187198639
0.4684889316558838
0.5070120096206665
0.6630319356918335
0.22829358279705048
0.1430036872625351
0.9288082122802734
0.4808732867240906
1.0968248844146729
0.5837681293487549
0.6267221570014954
0.22484295070171356
0.990616500377655
0.40115442872047424
0.26685458421707153
0.381393700838089
0.14977724850177765
0.30438390374183655
0.344644159078598
0.5030803680419922
0.43596386909484863
0.2683509886264801
0.4800773561000824
0.5592642426490784
0.48170822858810425
0.34691083431243896
0.4491276144981384
0.24101650714874268
0.3587759733200073
0.1772628128528595
0.34293368458747864
0.3132461607456207
0.2303655594587326
0.8917686343193054
0.5252610445022583
0.919930100440979
0.5450600385665894
0.3732297420501709
0.47590214014053345
0.7586432695388794
0.8750092387199402
0.3314966559410095
0.9012175798416138
0.2944289445877075
0.2784956991672516
0.4222070276737213
0.43446382880210876
0.11434714496135712
0.4242779314517975
0.3863067328929901
0.5541197061538696
0.47515860199928284
0.8274146914482117
0.43638044595718384
0.4171600937843323
0.5733526945114136
0.5867129564285278
0.6117710471153259
0.23676426708698273
0.6386504769325256
0.40869975090026855
0.14490148425102234
0.27828556299209595
0.4801015853881836
0.5277547240257263
0.4080880582332611
0.39948657155036926
0.26851946115493774
0.919460654258728
0.27880731225013733
0.38896602392196655
0.4724615514278412
0.3480481207370758
0.3148242235183716
0.9734158515930176
0.2019311934709549
0.48535531759262085
0.3963179886341095
0.9133836627006531
0.5005413293838501
0.8977214694023132
0.5203339457511902
0.6446249485015869
0.2495039999485016
0.38529208302497864
0.9367222785949707
0.35000327229499817
0.31538283824920654
0.610497772693634
0.3238019049167633
0.5720313787460327
0.5246518850326538
0.5535402297973633
0.8818086385726929
0.356881320476532
0.4602164626121521
0.27138638496398926
0.7431576251983643
0.3830720782279968
0.6826773881912231
0.14174112677574158
0.43425673246383667
0.32180145382881165
0.1452854573726654
0.48447656631469727
0.5107448697090149
0.39212566614151
0.5598247051239014
0.4399126172065735
0.41532716155052185
0.3678704500198364
0.3293672502040863
0.14968425035476685
0.5504275560379028
0.8223454356193542
0.31410378217697144
0.7281473278999329
0.6485337615013123
0.5747085809707642
0.356111079454422
0.5550287365913391
0.7103058099746704
0.25598180294036865
0.5484521985054016
0.16358396410942078
0.5004411339759827
0.32549723982810974
0.5265495181083679
0.5785794258117676
0.4625425338745117
0.3742963969707489
0.4895419478416443
0.28688758611679077
0.6415913105010986
0.6250795125961304
0.561966061592102
0.45752018690109253
0.5129632949829102
0.4851372241973877
0.19133923947811127
0.48808178305625916
0.38585251569747925
0.12550851702690125
1.309014081954956
0.5419010519981384
0.9197856783866882
0.2568509876728058
0.4167843759059906
0.4235910475254059
0.29702532291412354
0.489104688167572
0.1305176466703415
0.4264295697212219
0.7052562832832336
0.34326884150505066
0.7174566984176636
0.4546636641025543
0.404630184173584
0.44852596521377563
0.5598692893981934
0.5300323367118835
0.3930114209651947
0.5167087316513062
0.5012468695640564
0.7448312044143677
0.6172629594802856
0.20359089970588684
0.42255812883377075
0.4891289174556732
0.41520196199417114
0.5897707343101501
0.4210285246372223
0.8915290832519531
0.45167285203933716
0.42324090003967285
0.3800032436847687
0.2380114495754242
0.22333113849163055
0.4514900743961334
0.5335143804550171
0.37688714265823364
0.36703231930732727
0.18114632368087769
0.43962016701698303
0.3760433793067932
0.6331254839897156
0.713847279548645
0.5594481825828552
0.4149828851222992
0.3810931146144867
0.4424659311771393
0.5190991163253784
0.41912025213241577
0.6624133586883545
0.7111319899559021
0.3806352913379669
0.30172497034072876
0.31732749938964844
0.19399107992649078
0.4535366892814636
0.6908999681472778
0.7204996943473816
0.5159834623336792
0.668015718460083
0.7903668880462646
0.7696930170059204
0.3817870616912842
0.45118051767349243
0.3317791819572449
0.2954208254814148
0.1904890239238739
0.41057759523391724
0.25526291131973267
0.3152886927127838
0.28067564964294434
0.386626273393631
0.43871602416038513
0.7001487016677856
0.43735694885253906
1.2266795635223389
0.8932253122329712
1.0649011135101318
0.4834330677986145
0.45191317796707153
0.3704981803894043
0.2529164254665375
0.8182784914970398
0.3000955283641815
0.5891390442848206
0.7662825584411621
0.04703129082918167
0.2942039370536804
0.44614091515541077
0.5968276262283325
0.24245479702949524
0.4704722464084625
0.47982946038246155
0.3994091749191284
0.3383809030056
0.2299834042787552
0.4865577220916748
0.28774136304855347
0.30189943313598633
0.35378843545913696
0.34660524129867554
0.5231062173843384
0.46151670813560486
0.38414254784584045
0.3240048289299011
0.27166712284088135
0.6662737131118774
0.1922631412744522
0.29428040981292725
0.24384701251983643
0.27670279145240784
0.2201053649187088
0.4465898871421814
0.16406559944152832
0.1347392052412033
0.32465195655822754
0.6679120659828186
0.12900248169898987
0.46966123580932617
0.29934877157211304
0.34369370341300964
0.4646690785884857
0.3318350911140442
0.26196590065956116
0.20614075660705566
0.6742912530899048
0.5787762999534607
0.3773002326488495
0.33323872089385986
0.5669230222702026
0.13080263137817383
0.3361741006374359
0.48760849237442017
0.6980882883071899
0.6708450317382812
0.45687970519065857
0.6077366471290588
0.7893685102462769
0.526497483253479
0.4448908269405365
0.5277459025382996
0.6171167492866516
0.5341392755508423
1.0020426511764526
0.5764254331588745
0.6879183053970337
0.31325316429138184
0.7046564817428589
0.5526210069656372
0.6241045594215393
0.2962735593318939
1.0498731136322021
0.6250174641609192
0.7242205739021301
0.2441186010837555
0.5195220708847046
0.7848736047744751
0.2237473726272583
0.471587598323822
0.5083259344100952
0.7762908339500427
0.2357289046049118
0.42681819200515747
0.4274621903896332
0.41561761498451233
0.6639293432235718
0.4874476492404938
0.281280517578125
0.6782592535018921
0.7428480982780457
0.289835125207901
0.22243699431419373
0.5891566276550293
0.2864718437194824
0.36402618885040283
0.28508368134498596
0.5049329400062561
0.5065668225288391
0.5112382173538208
0.37053319811820984
0.46254390478134155
0.5056945085525513
0.18823157250881195
0.6977840662002563
0.4326188564300537
0.5955630540847778
0.35807475447654724
0.4605390131473541
0.43803173303604126
0.5098256468772888
0.3014862835407257
0.4799048900604248
0.46565690636634827
0.5024536848068237
0.9393278956413269
0.6257315874099731
0.3295336663722992
0.3182050585746765
0.5473392605781555
0.3537556231021881
0.48153156042099
0.28099849820137024
0.4916319251060486
0.4980921149253845
0.621110737323761
0.8137943148612976
0.42119473218917847
0.44721364974975586
0.12108926475048065
0.3084565997123718
0.4728770852088928
0.351818323135376
0.7816219329833984
0.42593494057655334
0.5666494965553284
0.19434331357479095
0.410392701625824
0.47332891821861267
0.357718288898468
0.26461371779441833
0.30145618319511414
0.5665090680122375
0.33990678191185
0.5154706835746765
0.4896067976951599
0.5844548344612122
0.1056932657957077
0.42507344484329224
0.6068316102027893
0.5108544230461121
0.6206511855125427
0.5698434114456177
0.5175923109054565
0.24949201941490173
0.17598021030426025
0.5076997876167297
0.43868786096572876
0.18709012866020203
0.49896305799484253
0.4207104742527008
0.5149987936019897
0.6448240280151367
0.49972453713417053
0.39460352063179016
0.3607008755207062
0.4706186354160309
0.8876816034317017
0.2961989939212799
0.512236475944519
0.43252283334732056
0.27078408002853394
0.46370139718055725
0.5873241424560547
0.3913230895996094
0.3679567575454712
0.3425036072731018
0.5124914646148682
0.5352000594139099
0.22894594073295593
0.3223039209842682
0.2676376700401306
0.9497069120407104
0.3563128113746643
0.3901614248752594
0.8858019709587097
0.7333658933639526
0.2947383522987366
0.3800715506076813
0.5459572076797485
0.6450938582420349
0.33807986974716187
0.40668851137161255
0.1613422930240631
0.2595883309841156
0.5209217667579651
0.7310721278190613
0.43668922781944275
0.978127658367157
0.29610714316368103
0.6331438422203064
0.5115432143211365
0.5111389756202698
0.4556437134742737
0.4000551104545593
0.35751354694366455
0.33234983682632446
0.2528332471847534
0.9243159294128418
0.4375358521938324
0.34245654940605164
0.3753897249698639
0.39979106187820435
0.5821062326431274
0.6191130876541138
0.4243311882019043
0.4110375940799713
0.3849818706512451
0.7711516618728638
0.3955518305301666
0.21751436591148376
0.44236961007118225
0.5477107763290405
0.3983803391456604
0.5639044046401978
0.1241917833685875
0.6697276830673218
0.5043374300003052
0.6300767660140991
0.4389277994632721
0.5219038128852844
0.5469863414764404
0.4473601281642914
0.3755371570587158
0.702370822429657
0.3323120176792145
0.5361504554748535
0.5396649241447449
0.37142330408096313
0.45443233847618103
0.4914512634277344
0.48833227157592773
0.46319976449012756
0.2502277195453644
0.3061913251876831
0.7313684225082397
0.681771993637085
1.199530005455017
0.5381025075912476
0.32339638471603394
0.8461848497390747
0.33465340733528137
0.5946947336196899
0.48723816871643066
0.24350467324256897
0.6033579111099243
0.3631938099861145
0.41087526082992554
0.3230617344379425
0.3214884102344513
0.3896891474723816
0.21534672379493713
0.5901120901107788
0.5125329494476318
0.14920057356357574
0.799915611743927
0.12495242059230804
0.5549442768096924
0.13358864188194275
0.6177231073379517
0.8047332763671875
0.390315979719162
0.43876728415489197
0.47175389528274536
0.748179018497467
0.31972676515579224
0.5376996994018555
0.4360203742980957
0.5038518309593201
0.5889618992805481
0.3873465657234192
0.38238275051116943
0.5231669545173645
0.6206047534942627
0.5711809396743774
0.30176132917404175
0.37352147698402405
0.3057219386100769
0.5894428491592407
0.38068777322769165
1.2227370738983154
0.6494432687759399
0.752102255821228
0.5430721044540405
0.7284864783287048
0.5239681601524353
0.20466217398643494
0.5319101810455322
0.22821684181690216
0.4167082905769348
0.3093366026878357
0.562696099281311
0.2925431728363037
0.37878212332725525
0.42201685905456543
0.16016176342964172
0.5213998556137085
0.3495830297470093
0.15426045656204224
0.5361729264259338
0.15813739597797394
0.4577363431453705
0.6926329135894775
0.41257157921791077
0.7065056562423706
0.49245935678482056
0.4983619749546051
0.41155219078063965
0.4580443501472473
0.2959161400794983
0.5167962312698364
0.36309099197387695
0.5848012566566467
0.6100834608078003
0.4853803515434265
0.5438023805618286
0.3983847200870514
0.15770432353019714
0.39699381589889526
0.6817077994346619
0.24705734848976135
0.30056124925613403
0.40490609407424927
0.2951948046684265
0.5616820454597473
0.45003074407577515
0.44176286458969116
0.7907018661499023
0.3358158767223358
0.37460559606552124
1.0912795066833496
0.21577949821949005
0.44016703963279724
0.37841519713401794
0.20490595698356628
0.6977519989013672
0.3599323034286499
0.2752108871936798
0.7110899686813354
0.12698885798454285
0.25299152731895447
0.1558644324541092
0.24493110179901123
1.0802807807922363
0.5578572154045105
0.26591676473617554
0.23904606699943542
0.3428572416305542
0.49183496832847595
0.7767178416252136
0.44833165407180786
0.408578097820282
0.20587828755378723
0.2756856083869934
0.674288809299469
0.3580982983112335
0.41758447885513306
0.41860461235046387
0.11982625722885132
0.29415780305862427
0.6406981348991394
0.49470362067222595
0.48903292417526245
0.6619881391525269
0.7678610682487488
0.5218506455421448
0.09687449038028717
0.24582040309906006
1.0621683597564697
0.5454907417297363
0.3946051597595215
0.714867353439331
0.43201613426208496
0.23720988631248474
0.4073163866996765
0.5598451495170593
0.5035482048988342
0.4134085178375244
0.27932608127593994
0.7576716542243958
0.2420150339603424
0.4108084738254547
0.25043153762817383
0.7864047884941101
0.9575245976448059
0.9069477319717407
0.6495741605758667
0.18868306279182434
0.35574692487716675
0.3657575249671936
0.3606666922569275
0.5113503932952881
0.5552719831466675
0.39056363701820374
0.38413751125335693
0.3420049548149109
0.4020043909549713
0.21432814002037048
0.7431328892707825
0.7727664709091187
0.42532700300216675
0.6569989323616028
0.5299863219261169
0.5060467720031738
0.3774436116218567
0.35978609323501587
0.7481504678726196
0.2797240614891052
0.4475461542606354
0.45342960953712463
0.5303326845169067
0.5725139379501343
0.6090435981750488
0.5571754574775696
0.6277176141738892
0.6118097901344299
0.5700482130050659
0.44308924674987793
0.3290506899356842
0.1362713873386383
0.54093998670578
0.45341962575912476
0.43690913915634155
0.2982955574989319
0.721108615398407
0.22285816073417664
0.3663140833377838
0.43545001745224
0.746852695941925
0.7318040132522583
0.20814362168312073
0.5622434616088867
0.4496687352657318
0.2177826166152954
0.19851818680763245
0.6285862326622009
0.5317332148551941
0.21523086726665497
0.4078649878501892
0.31914204359054565
0.344272643327713
0.27661430835723877
0.33283329010009766
0.24963688850402832
0.2899312376976013
0.2934282422065735
0.31032702326774597
0.9182839393615723
0.7395657896995544
0.26641133427619934
0.28805142641067505
0.461799681186676
0.42309683561325073
0.5430949926376343
0.46463480591773987
0.5038191676139832
0.26174527406692505
0.27685755491256714
0.1814984828233719
0.7988366484642029
0.7554976344108582
0.7062410116195679
0.6691917181015015
0.4614400863647461
0.4906860888004303
0.5100377798080444
0.42214566469192505
0.30838510394096375
0.6674513220787048
0.4473790228366852
0.6336526870727539
0.5962992906570435
0.7483130693435669
0.6557919979095459
0.319223016500473
0.5019311308860779
0.513039231300354
0.3345935046672821
0.41722577810287476
0.48273712396621704
0.44535478949546814
0.4708048403263092
0.27715227007865906
0.4781409800052643
0.2166810780763626
0.31058570742607117
0.7383607625961304
0.4379444718360901
0.6231720447540283
0.5456398725509644
0.5105663537979126
0.39556586742401123
0.3479635715484619
0.627576470375061
0.5597358345985413
0.4709697663784027
0.3526363670825958
0.8116697072982788
0.5018587112426758
0.42904582619667053
0.7490837574005127
0.5057018995285034
0.4126829504966736
0.20855149626731873
0.19135425984859467
0.7499265670776367
0.3877677023410797
0.647565484046936
0.7046991586685181
0.4603397846221924
0.3103329539299011
0.3833923935890198
0.2170521318912506
0.6891117691993713
0.5325405597686768
0.6223725080490112
0.3427729904651642
0.29681047797203064
0.5352621674537659
0.1971653252840042
0.29717564582824707
0.37597835063934326
0.4888835549354553
0.3239207863807678
0.23691809177398682
0.32222089171409607
0.679175615310669
0.22520561516284943
0.6011393666267395
0.5272945165634155
0.2639526426792145
0.45431947708129883
0.5028234720230103
0.39822062849998474
1.0064833164215088
0.4659385681152344
0.47495898604393005
0.2939497232437134
0.631399929523468
0.47191953659057617
0.8675482869148254
0.40703219175338745
0.2706703245639801
0.3958476483821869
0.26062241196632385
0.7821370363235474
0.4139378070831299
0.5369629263877869
0.850792407989502
0.4281695485115051
0.08590392768383026
0.4573366641998291
0.2644699215888977
0.7084510326385498
0.26262426376342773
0.7122452855110168
0.5961061716079712
0.5769355297088623
0.17350324988365173
0.8733002543449402
0.3380584418773651
0.4145115911960602
0.40807366371154785
0.6911730766296387
0.4525976777076721
0.8951412439346313
0.3778066039085388
0.20914721488952637
0.6498135924339294
0.35613179206848145
0.6413499712944031
0.45213931798934937
0.3337242901325226
0.4539267122745514
0.36423954367637634
0.5387386083602905
0.3413342237472534
0.48533591628074646
0.5898658037185669
0.5424283146858215
0.39877936244010925
0.28166264295578003
0.32028234004974365
0.3298265337944031
0.1339111477136612
0.25746437907218933
0.376366525888443
0.4373851418495178
0.47839388251304626
0.6810193061828613
0.5255624651908875
0.3899382948875427
0.488288551568985
1.0807409286499023
0.3874518871307373
0.24470417201519012
0.26575109362602234
0.47109803557395935
0.3354431092739105
0.321820467710495
0.3090108335018158
0.5679737329483032
0.40327388048171997
0.2752602696418762
0.5994035005569458
0.41154012084007263
0.45511889457702637
0.37807947397232056
0.18480831384658813
0.09784294664859772
1.0262072086334229
0.43559831380844116
0.31914541125297546
0.4899056553840637
0.33845895528793335
0.2953486740589142
0.6453025341033936
0.5204842686653137
0.6536981463432312
0.40655702352523804
0.565040111541748
0.7778275012969971
1.1552605628967285
0.35309872031211853
0.4754908084869385
0.18814536929130554
0.7571106553077698
0.283145934343338
0.9675135612487793
0.8848565220832825
0.4543594419956207
0.8429163694381714
0.7699564099311829
0.585503876209259
0.5720279216766357
0.43651026487350464
0.3380017876625061
0.3313351571559906
0.2658778429031372
0.7304971218109131
0.48058921098709106
0.179360494017601
0.20535115897655487
0.3813292980194092
0.550948977470398
0.3643724024295807
0.43858662247657776
0.38972383737564087
0.7393378615379333
0.4933973252773285
0.19196312129497528
0.4381538927555084
0.6231740713119507
0.5589413046836853
0.8409730792045593
0.22232981026172638
0.5334942936897278
0.8681050539016724
0.4807853698730469
0.4235630929470062
0.680700421333313
0.8343938589096069
0.6497324109077454
0.3816327750682831
0.5568705797195435
0.4667392373085022
0.2736295461654663
0.4408619999885559
1.0432122945785522
0.1766393482685089
0.6240209341049194
0.5136627554893494
0.5368437170982361
0.43141213059425354
0.9065634608268738
0.8969088792800903
0.5838244557380676
0.23753657937049866
0.40773171186447144
0.42945337295532227
0.4710322916507721
0.3331875801086426
0.8903153538703918
0.4313553273677826
0.2880939543247223
0.540073037147522
0.4833795428276062
0.5521238446235657
0.6562916040420532
0.32402047514915466
0.2918991446495056
0.588817298412323
1.0389491319656372
0.15025286376476288
0.6128450632095337
0.603490948677063
0.44359350204467773
0.48662787675857544
0.46844157576560974
0.38362917304039
0.44750896096229553
0.6283029317855835
0.6703416109085083
0.15980131924152374
1.1981351375579834
0.5036437511444092
0.6636582612991333
0.20958201587200165
0.19629226624965668
0.3205202519893646
0.5241553783416748
0.8602981567382812
0.51408451795578
0.629213809967041
0.4735947549343109
0.8482418060302734
0.3365086019039154
0.844255268573761
0.35908737778663635
0.4615529179573059
0.5618340373039246
0.29824528098106384
0.3705258071422577
0.4883806109428406
0.0990847572684288
0.26982545852661133
0.7221038341522217
0.4160059988498688
0.2849915325641632
0.437385618686676
0.40808528661727905
0.4361952245235443
0.30540117621421814
0.1487867683172226
0.6596168875694275
0.6524237394332886
0.37661969661712646
0.5184230804443359
0.2813412547111511
0.6073158979415894
0.2700682282447815
0.4706467092037201
1.0010840892791748
0.42662113904953003
0.47272175550460815
0.7769221067428589
0.7199302911758423
0.408637672662735
0.7325604557991028
0.2859407663345337
0.5557929277420044
0.257465660572052
0.3100312650203705
0.4599224030971527
0.6179036498069763
0.9257696866989136
0.4895273745059967
0.27174943685531616
1.0851256847381592
0.3352808356285095
0.3929804265499115
0.35327696800231934
0.22077211737632751
0.6683041453361511
0.6696839928627014
0.4047582745552063
0.6727826595306396
0.2779489755630493
0.466729074716568
0.39261487126350403
0.9662872552871704
0.3578627407550812
0.26598307490348816
0.30851882696151733
0.21250398457050323
0.0988069549202919
0.4636989235877991
0.7097806334495544
0.17495688796043396
0.21546049416065216
0.4865074157714844
0.5770942568778992
0.8351591229438782
0.49605774879455566
0.7600922584533691
0.4434325695037842
0.40823620557785034
0.6016009449958801
0.4588393568992615
0.48560523986816406
0.6041359305381775
0.6399310827255249
0.20102784037590027
0.5680946707725525
0.3353063762187958
0.4958849549293518
0.3953166604042053
0.5987257957458496
0.36457550525665283
0.6206874847412109
0.708173930644989
0.5431821346282959
0.3358458876609802
0.4268377721309662
0.5071231722831726
0.2581234574317932
0.41869306564331055
0.6855896711349487
0.6014959216117859
0.45839786529541016
0.2716203033924103
0.30894672870635986
0.547052264213562
0.6109329462051392
0.3044019341468811
0.2163272351026535
0.8366527557373047
0.1583503931760788
0.37051960825920105
0.8503130674362183
0.4588269293308258
0.41379690170288086
0.4526704251766205
0.41575440764427185
0.7260085344314575
0.6254780888557434
0.8988630175590515
0.4502340853214264
0.36287471652030945
0.3307443857192993
0.5597842335700989
0.3436283469200134
0.628568708896637
0.6021348237991333
0.47408032417297363
0.2975316345691681
0.3543221056461334
0.6630076169967651
0.2054489105939865
0.41837507486343384
0.5174192190170288
0.31072190403938293
0.41007113456726074
0.6778221726417542
0.42052507400512695
0.5287243723869324
0.2932296395301819
0.5004714727401733
0.27174973487854004
0.3986475467681885
0.5356876850128174
0.331879585981369
0.5014170408248901
0.16760431230068207
0.6113630533218384
0.42838138341903687
0.7073516249656677
0.23975339531898499
0.7140253782272339
0.6597667336463928
0.2876299023628235
0.638059675693512
0.3855711817741394
0.6026402711868286
0.8281522989273071
0.486804723739624
0.2550957500934601
0.4340860843658447
0.1910705715417862
0.28148120641708374
0.3466750383377075
0.4107327461242676
0.4966982901096344
0.4499513506889343
0.31483376026153564
0.345811128616333
0.3333591818809509
0.34440240263938904
0.27760809659957886
0.5487097501754761
0.6567443013191223
0.4465152323246002
0.4786554276943207
0.40571704506874084
0.7296273112297058
0.4664035737514496
0.463390588760376
0.5823423862457275
0.10927990823984146
0.6606475114822388
0.2923620045185089
0.3141353130340576
0.735771656036377
0.34031325578689575
0.2907646596431732
0.5284241437911987
0.6135004162788391
0.7250410318374634
0.5711636543273926
0.43994826078414917
0.6918243169784546
0.7928611040115356
0.31336483359336853
0.4842084050178528
0.40320101380348206
0.6611608266830444
1.043285846710205
0.41217708587646484
0.3750814199447632
0.43997567892074585
0.853779673576355
0.4390055239200592
0.32278645038604736
0.07329915463924408
0.3935261070728302
0.3475281596183777
0.32900193333625793
1.0011298656463623
0.4810165762901306
0.5701258182525635
1.404276967048645
0.8025062680244446
0.15373435616493225
0.5310239791870117
0.2264334261417389
0.3217862546443939
0.46909958124160767
0.6588221192359924
0.12693016231060028
0.26455360651016235
0.7089084386825562
0.3728881776332855
0.5143442153930664
0.3496805727481842
0.5429831743240356
0.5044270753860474
0.31803804636001587
0.41996294260025024
0.31762632727622986
1.1248036623001099
0.5869120359420776
0.6046966314315796
0.4475727677345276
0.34813031554222107
0.8242064714431763
0.3259798586368561
0.2515106499195099
0.5386186838150024
0.4777068495750427
0.42426514625549316
0.8232358694076538
0.6664111018180847
0.5051683187484741
0.5872218608856201
0.602683961391449
0.3075440227985382
0.5962638258934021
0.558702826499939
0.3243165910243988
0.6459370851516724
0.6505507230758667
0.35889118909835815
0.3763921856880188
0.47766295075416565
0.5956206321716309
0.2716175317764282
0.6171370148658752
0.5217941403388977
0.45147505402565
0.4654180109500885
0.3161613345146179
0.6517093181610107
0.429621160030365
0.4179287850856781
0.4984505772590637
0.3644649386405945
0.6571739315986633
0.5981652736663818
0.20713014900684357
0.6618239879608154
0.30696696043014526
0.43722477555274963
0.2374301701784134
0.21130800247192383
0.4296150803565979
0.2738766372203827
0.40988820791244507
0.47137054800987244
0.29642704129219055
0.18959182500839233
0.7189770936965942
0.22289299964904785
0.5484765768051147
0.5915942192077637
1.0597341060638428
0.45518437027931213
0.4733022153377533
0.3603168725967407
0.3720889985561371
0.48401910066604614
0.5340476036071777
0.7123004198074341
0.22143018245697021
0.4534628391265869
0.23444421589374542
0.524278461933136
0.4981100559234619
0.7797834277153015
0.4968578815460205
0.4331808090209961
0.3837568163871765
0.29330530762672424
0.47935763001441956
0.6467727422714233
0.5972296595573425
0.2794646620750427
0.3100680112838745
0.5200203061103821
0.4539419710636139
0.7053377628326416
0.7063248753547668
0.9425559043884277
0.208592027425766
0.7346251010894775
0.44520145654678345
0.3664991855621338
0.2265792191028595
0.12973017990589142
0.725995659828186
0.266620397567749
0.4433671534061432
0.4552050530910492
0.6156529188156128
0.5908468961715698
0.9763965606689453
0.07834280282258987
0.37279367446899414
0.45835965871810913
0.17501607537269592
0.4169860780239105
0.7377957105636597
0.42134538292884827
0.4167763292789459
0.18503931164741516
0.15595577657222748
0.17328450083732605
0.32927966117858887
0.1975574493408203
0.44233155250549316
0.33175957202911377
0.272713303565979
0.2952600121498108
0.4195316731929779
0.4717111587524414
0.29644131660461426
0.4031032621860504
0.3077642619609833
0.3275061249732971
0.34911686182022095
0.47462353110313416
0.5578235983848572
0.30621472001075745
0.5378003716468811
0.7705571055412292
0.523185133934021
0.2534042298793793
0.25820255279541016
0.9843888282775879
0.349369615316391
0.6894007325172424
0.6165531873703003
0.39827966690063477
0.4298028349876404
0.39758917689323425
0.3903760015964508
0.4267421364784241
0.3962706923484802
0.30254679918289185
0.31905826926231384
0.4065195620059967
0.6953840851783752
0.7816051244735718
0.4604077935218811
0.3286094069480896
0.3754221200942993
0.365542471408844
0.8222578167915344
0.28505346179008484
0.28358322381973267
0.3445645272731781
0.45363250374794006
0.3699350655078888
0.3906470239162445
0.5531574487686157
1.0274317264556885
0.37235668301582336
0.3502516746520996
0.6761599779129028
0.5136793851852417
0.35066142678260803
0.20782315731048584
0.6976057291030884
0.46447309851646423
1.342893362045288
0.7125396132469177
0.7522916197776794
0.3581075072288513
0.6053487062454224
0.21788768470287323
0.2776317000389099
0.3330855071544647
0.8549569845199585
0.3015156388282776
0.8175217509269714
0.5381197929382324
0.37526828050613403
0.32554060220718384
0.34240472316741943
0.26398998498916626
0.3596360385417938
0.3950224220752716
0.296061247587204
0.1831062138080597
0.5014199614524841
0.2633534073829651
0.19675883650779724
0.603815495967865
0.4875583052635193
0.42544612288475037
0.543016254901886
0.33164045214653015
0.6264694333076477
0.2545534372329712
0.4011809229850769
0.16509981453418732
0.2878792881965637
0.4535297453403473
0.807773232460022
0.6567144989967346
0.3733558654785156
0.38295263051986694
0.30450496077537537
0.3426229953765869
0.3262927532196045
0.18280592560768127
0.19241788983345032
0.24672015011310577
0.9392411112785339
0.3012928366661072
0.30819541215896606
0.586013913154602
0.710894763469696
0.6856536269187927
0.20011869072914124
0.569516122341156
0.3727840185165405
0.44736966490745544
0.08041586726903915
0.5109516382217407
0.5872339010238647
0.320621520280838
0.3390655815601349
0.46205466985702515
0.5677627325057983
0.3643811047077179
0.5827102661132812
0.19017262756824493
0.3824073374271393
0.26952996850013733
0.5529915690422058
0.5926402807235718
0.44231000542640686
0.8723708391189575
0.3919612765312195
0.6839181184768677
0.7398417592048645
0.596623420715332
0.3551791310310364
0.2768386900424957
0.5869041681289673
0.22845551371574402
0.6094971895217896
0.4360414445400238
0.22032351791858673
0.30417782068252563
0.6802805066108704
0.1796332150697708
0.311227023601532
0.4774877429008484
0.5533353090286255
0.2497641146183014
0.7246464490890503
0.6881686449050903
0.648163914680481
0.1994488537311554
0.4412357211112976
0.25809890031814575
0.1226290687918663
0.45435580611228943
0.591292142868042
0.7640078663825989
0.3257550597190857
0.47639426589012146
0.4963931441307068
0.1998964101076126
0.7152042388916016
0.7164570689201355
0.3470507264137268
0.3051801323890686
0.8387788534164429
0.36136728525161743
0.5666490793228149
0.5078270435333252
0.24632802605628967
0.22005458176136017
0.3054790496826172
0.987644374370575
0.6244744062423706
0.48979759216308594
0.4954177439212799
0.47429704666137695
0.22365519404411316
0.15377920866012573
0.8986123204231262
0.266738623380661
0.2378147542476654
0.5284020900726318
0.2709578573703766
0.4056386947631836
0.2959744334220886
0.7441196441650391
0.6368032097816467
0.4242599606513977
0.48231738805770874
0.3562401235103607
0.638569712638855
0.37561824917793274
0.3543151915073395
0.41824015974998474
0.34441301226615906
0.4591551721096039
0.19059917330741882
1.261002779006958
0.5733872652053833
0.4725084900856018
0.20420542359352112
1.1117403507232666
0.14861193299293518
0.44998040795326233
0.5846794247627258
0.26307788491249084
0.7002245783805847
0.43834957480430603
0.2696431279182434
0.7050651907920837
0.5954335927963257
0.3611140549182892
0.18668603897094727
0.33700788021087646
0.6036903858184814
0.38662460446357727
0.45641183853149414
0.49415311217308044
0.9290153384208679
0.45819544792175293
0.4481409192085266
0.609556257724762
0.99732506275177
0.5984706282615662
0.36886319518089294
0.4995935559272766
0.8233235478401184
0.6722003221511841
0.5823444128036499
0.43620872497558594
0.5925098657608032
0.3310735821723938
0.5535498857498169
0.5540940761566162
0.4807397723197937
0.5205377340316772
0.9977201223373413
0.3151019215583801
0.6577548384666443
0.2777651250362396
0.36516088247299194
0.3750370740890503
0.5914626717567444
0.713330090045929
0.36350366473197937
0.23323312401771545
0.48511260747909546
0.37869489192962646
0.5557526350021362
0.8693984150886536
0.5338352918624878
0.769548773765564
0.5775050520896912
1.0187437534332275
0.5729347467422485
0.3535909056663513
0.6686258316040039
0.5805709958076477
0.4643898010253906
0.6857540607452393
0.34228259325027466
0.5141688585281372
0.2172912359237671
0.35887598991394043
0.4399747848510742
0.15124116837978363
0.11910346895456314
0.3814384639263153
0.45979204773902893
0.3810114562511444
0.23699191212654114
0.370192289352417
0.6802781820297241
0.15488332509994507
0.23340275883674622
0.2914065718650818
0.42746132612228394
0.6303076148033142
0.5109260082244873
0.22382752597332
0.45880335569381714
0.6472330093383789
0.23170724511146545
0.19452586770057678
0.739093005657196
0.6959909200668335
0.7813038229942322
0.2081644982099533
0.593997597694397
0.3845106363296509
0.2531224191188812
0.48523226380348206
0.5528628826141357
0.38165634870529175
0.5109397768974304
0.4721699655056
0.7971850633621216
0.33056318759918213
0.249629408121109
0.6063799858093262
0.11051521450281143
0.32320234179496765
0.2824931740760803
0.828790545463562
0.3991427719593048
0.2968987226486206
0.16518881916999817
0.9906638860702515
0.3971218168735504
0.5746575593948364
0.5314666032791138
0.31631749868392944
0.6288488507270813
0.35390573740005493
0.33224618434906006
0.33382514119148254
0.21247081458568573
0.43403562903404236
0.5633535981178284
0.2927195727825165
0.6436883211135864
0.3319268524646759
0.5392880439758301
0.5237550735473633
0.4168405532836914
0.261643648147583
0.44513124227523804
0.31071725487709045
0.4702145457267761
0.5712562799453735
0.4621080756187439
0.6321009993553162
0.5451244711875916
0.3567419648170471
0.33008554577827454
0.7415359616279602
0.2686672806739807
0.3864501416683197
0.3733462691307068
0.2036457359790802
0.4876368045806885
0.2968670129776001
0.21820206940174103
0.13632795214653015
0.3143176734447479
0.10882506519556046
0.39279767870903015
0.6004039645195007
0.6312885880470276
0.3949945569038391
0.5714432001113892
0.46245846152305603
0.6175528764724731
0.19067849218845367
0.39286860823631287
0.5252410769462585
0.2969858646392822
0.44183748960494995
0.4554097056388855
0.8936555981636047
0.459786981344223
0.2553103566169739
0.5024498105049133
0.36085450649261475
0.17729414999485016
0.31306394934654236
0.32810109853744507
0.662874698638916
0.5007061958312988
0.8129389882087708
0.2948341369628906
0.3714447617530823
0.5502344965934753
0.08727802336215973
0.18186596035957336
0.34967678785324097
0.49355238676071167
0.37206172943115234
0.10890913009643555
0.2164563685655594
0.6992171406745911
0.3602140545845032
0.14048311114311218
0.6828230619430542
0.39605823159217834
0.6562434434890747
0.7058988809585571
0.5010263919830322
0.28020355105400085
0.38574326038360596
0.5012308359146118
0.3751904368400574
0.3397325575351715
0.4681204855442047
0.5123698115348816
0.21818535029888153
0.39799147844314575
0.6815558671951294
0.27785524725914
0.5815073251724243
0.2659814953804016
0.3498242497444153
0.29021167755126953
0.35132986307144165
0.3248102068901062
0.19528697431087494
0.3230748772621155
0.48825985193252563
0.5018705129623413
0.5267819166183472
0.9378352165222168
0.3629862368106842
0.3581540584564209
0.08818214386701584
0.21990028023719788
0.7604455947875977
0.3472749888896942
0.5984281301498413
0.5141788721084595
0.17998282611370087
0.5893000960350037
0.3762435019016266
0.9377893209457397
0.9397557973861694
0.5148371458053589
0.4835599362850189
0.8420462608337402
0.26561281085014343
0.4915573000907898
0.5619939565658569
0.48432356119155884
0.2123178243637085
0.9025601148605347
0.34539246559143066
0.3148624897003174
1.5186336040496826
0.43981218338012695
0.6756445169448853
0.4992538392543793
0.5604902505874634
0.38697537779808044
0.4200879633426666
0.3186897933483124
0.2966071665287018
0.254881888628006
1.0580246448516846
0.5901414155960083
0.5409592390060425
0.4178240895271301
0.5157960653305054
0.7366449236869812
0.9775658845901489
0.2926294505596161
0.7338804006576538
0.2395819127559662
0.43726715445518494
0.5538102984428406
0.5816712975502014
0.4292480945587158
0.1553042083978653
0.42717212438583374
0.4750072956085205
0.41012778878211975
0.15721413493156433
0.3318041265010834
0.5351522564888
1.0596107244491577
0.5666326880455017
0.5688107013702393
0.40122532844543457
0.1935432404279709
0.34950873255729675
0.46798115968704224
0.29570209980010986
0.6288801431655884
0.26158779859542847
0.5128834843635559
0.5050240755081177
0.38075220584869385
0.31202268600463867
0.6177640557289124
0.16573373973369598
0.1589396595954895
0.6949790716171265
0.5540364980697632
0.3623209595680237
0.4463626742362976
0.35135650634765625
0.9591032862663269
0.4942367672920227
0.3661096394062042
0.6552462577819824
0.4238755702972412
0.41048941016197205
0.3355628550052643
0.7583647966384888
0.24488875269889832
0.3356715142726898
0.43937554955482483
0.9120237231254578
0.24957458674907684
0.49311041831970215
0.43621817231178284
0.4597957134246826
0.28648266196250916
0.4854561686515808
0.3459513187408447
0.29938453435897827
0.44598230719566345
0.2351475954055786
0.7956838607788086
0.2108435183763504
0.4181881844997406
1.0843098163604736
0.2426515817642212
0.7747973799705505
0.3553573191165924
0.250846803188324
0.3243505656719208
0.6053560376167297
0.4542596936225891
0.3476024270057678
0.50001060962677
0.28648945689201355
0.24938496947288513
0.9787405729293823
0.240757554769516
0.26155880093574524
0.6734739542007446
1.0311882495880127
0.5398801565170288
1.0214369297027588
0.5000542402267456
0.37871253490448
0.489130437374115
0.6113604307174683
0.5212329626083374
0.4826958179473877
0.31126055121421814
0.45415347814559937
0.34924250841140747
0.3441479206085205
0.40159982442855835
0.17389360070228577
0.2477247714996338
0.14305973052978516
0.7217535972595215
0.3639453053474426
0.47302675247192383
1.0996345281600952
0.416517436504364
0.7815698385238647
0.25261661410331726
0.24180874228477478
0.295651912689209
0.6683307886123657
0.2783375680446625
0.8282061815261841
0.1427040547132492
0.5114155411720276
0.3920431137084961
0.8584592938423157
0.3835872411727905
1.2961245775222778
0.4244207739830017
0.3803389072418213
0.4633525311946869
0.7376170754432678
0.4903680384159088
0.4519321322441101
0.670056939125061
0.581035315990448
0.6144676804542542
0.4991873800754547
0.21232323348522186
1.1049362421035767
0.31441667675971985
0.6269427537918091
0.4199441969394684
1.2017676830291748
0.23685407638549805
0.5221726298332214
0.5941014885902405
0.29426127672195435
0.40181565284729004
0.5189512968063354
0.8569046258926392
0.3056451976299286
0.7023367881774902
0.35597267746925354
0.4656757414340973
0.46217361092567444
0.41302481293678284
0.37443286180496216
0.1424276977777481
0.8322855234146118
0.35137689113616943
0.6097450256347656
0.5889907479286194
0.37521085143089294
0.4983597695827484
0.69880610704422
0.49311861395835876
0.17692427337169647
0.6919857263565063
0.2530798614025116
0.2542652189731598
0.4650851786136627
0.40025386214256287
0.6358016729354858
0.5356594920158386
0.25673097372055054
0.7539660930633545
0.25633910298347473
0.3318086266517639
0.7470197081565857
0.5444083213806152
0.13195553421974182
0.3524438738822937
0.5532832741737366
0.4194117486476898
0.33517178893089294
0.41157031059265137
0.22602427005767822
0.3482822775840759
0.31739455461502075
0.733864426612854
0.5159473419189453
0.5742608308792114
0.3672441244125366
0.403479665517807
0.6683521866798401
0.4063717722892761
0.5415657758712769
0.528608500957489
0.4334675669670105
0.29442721605300903
0.5119283199310303
0.48541131615638733
0.1360943615436554
0.36214324831962585
0.41041699051856995
0.7180724143981934
0.7179790735244751
0.464301198720932
0.39995038509368896
0.337374746799469
0.43925660848617554
0.5417778491973877
0.7590115070343018
0.7003271579742432
0.1760546863079071
0.8805893659591675
0.46615949273109436
0.9421980977058411
0.3797943890094757
0.3253345489501953
0.26650136709213257
0.6337209939956665
0.4806906282901764
0.5554513335227966
0.19241568446159363
0.3990432024002075
0.4338300824165344
0.4218154549598694
0.2656930983066559
0.25664520263671875
0.27279403805732727
0.6356099843978882
0.375296026468277
0.3022712171077728
0.592762291431427
0.2215326577425003
0.4257173538208008
0.5062088966369629
0.5523437261581421
0.3613797128200531
0.7661153674125671
0.4559119641780853
0.3762172758579254
0.46591463685035706
0.4897831380367279
0.4343036711215973
0.43807798624038696
0.35320204496383667
0.30783793330192566
0.46800488233566284
0.7120901346206665
0.4595840871334076
0.7497681379318237
0.274311363697052
0.23149025440216064
0.4678434729576111
0.1332971155643463
0.30371713638305664
0.5362476110458374
0.3845914304256439
0.930823028087616
0.33221566677093506
0.33859965205192566
0.49082788825035095
0.23721010982990265
0.17594921588897705
0.6236699223518372
0.4045873284339905
0.4189051687717438
0.5355261564254761
0.555869460105896
0.3450573980808258
0.41252198815345764
0.45345383882522583
0.9535902142524719
0.23655001819133759
0.8444266319274902
0.4038478434085846
0.45376652479171753
0.2730063796043396
0.2770705819129944
0.5373309850692749
0.515828013420105
0.3654300570487976
0.436514675617218
0.3254084587097168
0.47659629583358765
0.5896776914596558
0.5089501142501831
0.3602915406227112
0.4831158518791199
0.43981003761291504
0.24067732691764832
1.0821630954742432
0.1572628766298294
0.4650785028934479
0.5674923062324524
0.9430777430534363
0.17012597620487213
0.30633544921875
0.7002172470092773
0.5247730016708374
0.20678670704364777
0.4628791809082031
0.3069618344306946
0.352234810590744
0.6408029794692993
0.5689476132392883
0.2837430238723755
0.8006998896598816
0.6076486110687256
0.3978116810321808
0.6236079931259155
0.27819278836250305
0.6578838229179382
0.20552261173725128
1.041224718093872
0.50273597240448
0.3231752812862396
0.6521872282028198
0.21317923069000244
0.20605650544166565
0.41224032640457153
0.4493849277496338
0.29392337799072266
0.4394617974758148
0.4071289598941803
0.5161348581314087
0.5683603882789612
0.9860264658927917
0.38158008456230164
0.2829074263572693
0.24994616210460663
0.40028613805770874
0.604995608329773
0.668367862701416
0.33633866906166077
0.694820761680603
0.4573981761932373
0.47953933477401733
0.15096309781074524
0.788912296295166
0.2732140123844147
0.2491585910320282
0.3467559218406677
0.4583274722099304
0.3521992266178131
0.5573054552078247
0.4197881817817688
0.8650730848312378
0.2355329543352127
1.0035738945007324
0.40543919801712036
0.43513941764831543
0.16182412207126617
0.6264297366142273
0.30047014355659485
0.6024935245513916
0.36296287178993225
0.42013055086135864
0.5703523755073547
0.48474612832069397
0.2635154128074646
0.558957576751709
0.7045764923095703
0.25925445556640625
0.255878746509552
0.7531846761703491
0.3304884135723114
0.5593302845954895
0.6505926847457886
0.46651631593704224
0.2521798610687256
0.6868064999580383
0.3614375591278076
0.9065369367599487
0.2909022569656372
0.5511019229888916
0.4214640259742737
0.5660036206245422
0.184160977602005
0.49686136841773987
0.3458552658557892
0.9314056634902954
0.4250339865684509
0.6681324243545532
0.31854790449142456
0.5599638819694519
0.12972302734851837
0.19910159707069397
0.7892588376998901
0.5013337135314941
0.5811476707458496
0.6094735264778137
0.3152489960193634
0.9216597676277161
0.28806328773498535
0.21419212222099304
0.2523150146007538
0.34047314524650574
0.5310195684432983
0.6248699426651001
0.14868828654289246
0.09052634984254837
0.8131101727485657
0.5109306573867798
0.48432764410972595
0.5999688506126404
0.3570561408996582
0.6564183235168457
0.7065085768699646
0.7237836122512817
0.3148624300956726
0.379570871591568
0.3602370023727417
0.9783272743225098
0.6754026412963867
0.32343265414237976
0.3784734308719635
0.40629711747169495
0.18869923055171967
0.48092523217201233
0.4633130431175232
0.7489467263221741
0.4068581163883209
0.8617138862609863
0.4992581903934479
0.5718821883201599
0.33717143535614014
0.6917683482170105
0.4245595932006836
0.33117395639419556
0.1699627935886383
0.3226359486579895
0.47488728165626526
0.43652281165122986
0.8670816421508789
0.2701319456100464
0.16732779145240784
0.4780304431915283
0.4282807409763336
0.19098784029483795
0.33961889147758484
0.3265003561973572
0.9311867952346802
0.38130390644073486
0.8817489743232727
0.3326275050640106
0.6455669403076172
0.5972565412521362
0.41517964005470276
0.5574874877929688
0.19326618313789368
0.8585208058357239
0.6015040874481201
0.5204004645347595
0.251909077167511
0.5460992455482483
0.3679450452327728
1.0552058219909668
0.5613923072814941
0.48443299531936646
0.3244679570198059
0.243198961019516
0.6850260496139526
0.40837469696998596
0.16848155856132507
0.2003689557313919
0.48157691955566406
0.7221483588218689
0.392400324344635
0.2822767496109009
0.2137666642665863
0.5312774777412415
0.9014562368392944
0.5559620261192322
0.6301342248916626
0.15364466607570648
0.48509398102760315
0.5407766103744507
0.6468528509140015
0.3750981092453003
0.19615492224693298
0.5549430251121521
0.39322301745414734
0.19101592898368835
0.34646347165107727
0.21326985955238342
0.6261551976203918
0.39144447445869446
0.20725134015083313
0.4705677926540375
0.4502111077308655
0.3191926181316376
0.38454827666282654
0.566515326499939
0.3195587396621704
0.19178053736686707
0.4654063284397125
0.7746940851211548
0.6450420618057251
0.48473143577575684
0.5509079098701477
0.09846191108226776
0.29748135805130005
0.40792161226272583
0.23715122044086456
0.8465200662612915
0.25342175364494324
0.5611798763275146
0.21601887047290802
0.42720985412597656
0.43123704195022583
0.32604342699050903
0.2853472828865051
0.8467527627944946
0.4773732125759125
0.7978386878967285
0.230913445353508
0.37273523211479187
0.602273166179657
0.5683132410049438
0.6518889665603638
0.8560972213745117
0.5013517737388611
0.22673039138317108
0.4716565012931824
0.7217437028884888
0.2749083340167999
0.4526473581790924
0.4133334159851074
0.39025959372520447
0.6887446641921997
0.2492210566997528
0.2897431254386902
0.44797247648239136
0.2341260015964508
0.4846804141998291
0.6459700465202332
0.3072144389152527
0.47450941801071167
0.34164029359817505
0.17464132606983185
0.49873486161231995
0.2332233488559723
0.38083896040916443
0.37516143918037415
0.7312683463096619
0.8494732975959778
0.6083440184593201
0.34740957617759705
1.1502513885498047
0.33001086115837097
0.24154186248779297
0.24507610499858856
0.8482242822647095
1.0205662250518799
0.7820825576782227
0.4912509024143219
0.21917276084423065
0.6103686094284058
0.6022514700889587
0.29463550448417664
0.5430063605308533
0.6919366121292114
0.4472223222255707
0.4958532452583313
0.41732606291770935
0.7322991490364075
0.47596532106399536
0.2876606583595276
0.704129695892334
0.5526262521743774
1.079798936843872
0.31608977913856506
0.6737790107727051
0.8697873950004578
0.5475457906723022
0.49171894788742065
0.1710210144519806
0.4033368229866028
0.2559622526168823
0.2500879466533661
0.600001335144043
0.2223425656557083
0.6524569392204285
0.4711700975894928
0.41588687896728516
0.40118607878685
0.619543731212616
0.38717252016067505
0.45555242896080017
0.34442704916000366
0.8849531412124634
0.3067595362663269
0.5722244381904602
0.4720799922943115
0.5989503860473633
0.3008451461791992
0.7560514211654663
0.6362596154212952
0.6393955945968628
0.32792943716049194
0.6186050176620483
0.4072394371032715
0.26273199915885925
0.7777119874954224
0.3223896026611328
0.30197933316230774
0.300287663936615
0.7547358870506287
0.20279419422149658
0.5263553261756897
0.44574350118637085
0.32494133710861206
0.5478284358978271
0.8589158058166504
0.3616693317890167
0.4070951044559479
0.4008651375770569
0.412975013256073
0.33391624689102173
0.39051610231399536
0.5912426114082336
0.4184821546077728
0.5530465841293335
0.45212680101394653
0.42246443033218384
0.5949812531471252
0.2896871566772461
0.41972628235816956
0.6203863620758057
0.23278899490833282
0.27259373664855957
0.30887851119041443
0.22375674545764923
0.25384777784347534
0.36297643184661865
0.7439459562301636
0.32135459780693054
0.7448272705078125
0.5433236360549927
0.5854355692863464
0.6830035448074341
0.2899685502052307
0.3237588703632355
0.2582281529903412
0.6204476356506348
0.2685030400753021
0.2538833022117615
0.21959629654884338
0.7870922684669495
0.37009066343307495
0.48565182089805603
0.31749263405799866
0.6886453032493591
0.7912729382514954
0.5600982308387756
0.19467994570732117
0.33907684683799744
0.1923781931400299
0.5546652674674988
0.3868418335914612
0.27546343207359314
0.41337084770202637
0.2761531472206116
0.5344676375389099
0.4911502003669739
0.6641553640365601
0.8006687164306641
0.3692043423652649
0.6891521215438843
0.5116980671882629
1.151404857635498
0.2413666546344757
0.2421061247587204
1.0396596193313599
0.1933419406414032
0.30928000807762146
0.6738752126693726
0.3706883490085602
0.2550123333930969
0.3004376292228699
0.5435672402381897
0.253012478351593
1.0853865146636963
0.42974406480789185
0.7135564088821411
0.9728837013244629
0.7922394275665283
0.3237448036670685
0.2613731324672699
0.5932712554931641
0.6331241726875305
0.23741503059864044
0.37560755014419556
0.34929636120796204
0.4057132601737976
0.5281423926353455
0.35440531373023987
0.21795764565467834
0.3516969680786133
0.2508912980556488
0.20186658203601837
0.49417370557785034
0.39579272270202637
0.282487154006958
0.42854729294776917
0.25609058141708374
0.4577616751194
0.5125485062599182
0.28045958280563354
0.6462037563323975
0.09538616240024567
0.20068946480751038
0.5268752574920654
0.23876962065696716
0.5280539989471436
0.47916311025619507
0.24765758216381073
0.2940394878387451
0.17193737626075745
0.8828474879264832
0.4450330138206482
0.553414523601532
0.38751477003097534
0.7363014221191406
0.10000268369913101
0.4883786737918854
0.2506163418292999
0.12010767310857773
0.44248634576797485
0.4352723956108093
0.2671137750148773
0.4704933762550354
0.273888498544693
0.5817607641220093
0.291634738445282
0.4943970739841461
0.30722227692604065
0.298417866230011
0.7132654786109924
0.5794346332550049
0.5203374624252319
0.3186779022216797
0.307919979095459
0.6233571767807007
0.859094500541687
0.5076702833175659
0.5769813656806946
0.44287270307540894
0.28002431988716125
0.45231789350509644
0.17844291031360626
0.16137808561325073
0.36076465249061584
0.5272542238235474
0.5255187749862671
0.4396746754646301
0.2992267608642578
0.36026179790496826
0.5719345808029175
0.2471589297056198
0.6450246572494507
0.19413195550441742
0.3456343412399292
0.5568450689315796
0.49202364683151245
0.30102890729904175
0.2382386177778244
0.3188459277153015
0.23733457922935486
0.6281255483627319
0.21616247296333313
0.28181198239326477
0.462139368057251
0.8346052169799805
0.4397694170475006
0.44540977478027344
0.3454141616821289
0.5878971815109253
0.6015744805335999
0.24030737578868866
0.3540678322315216
0.3564623296260834
0.2578273415565491
0.18065378069877625
0.6706389784812927
0.7446931004524231
0.1345244199037552
0.3653799295425415
0.40013694763183594
0.37668758630752563
1.0428235530853271
0.376641184091568
1.0446553230285645
0.6378678679466248
0.19966712594032288
0.4083203673362732
0.23605306446552277
0.2778225243091583
0.2686571478843689
0.37679392099380493
0.6755744814872742
0.6066917777061462
0.3637816905975342
0.3382876515388489
0.5691820383071899
1.120238184928894
0.9045659303665161
0.5790613889694214
0.7943577170372009
0.7666043043136597
0.37093743681907654
0.31244856119155884
0.5196197628974915
0.4299825131893158
0.4774039685726166
0.5975457429885864
0.46086564660072327
0.3430488109588623
0.6098388433456421
0.5106950402259827
0.9702869653701782
0.4427049160003662
0.6417423486709595
0.423867791891098
0.6437685489654541
0.5759415626525879
0.4419623017311096
0.33503830432891846
0.3029666841030121
0.1992710828781128
0.4093814790248871
0.347395122051239
0.319892019033432
0.7073944807052612
0.30027490854263306
0.39375483989715576
0.35046622157096863
0.5162636041641235
0.19527041912078857
0.4478999972343445
1.2406880855560303
0.43270406126976013
0.8619555234909058
0.35178080201148987
0.21830801665782928
0.6547993421554565
0.5970832705497742
0.24051547050476074
0.303947389125824
0.5758237838745117
0.5502495169639587
0.34517717361450195
0.517475962638855
0.1378580778837204
0.338342547416687
0.5279961824417114
0.3402712047100067
0.757676899433136
0.42385634779930115
0.232842355966568
0.3128916025161743
0.18548378348350525
0.6836797595024109
0.490135133266449
0.5779529809951782
0.51152104139328
0.3639873266220093
0.40260475873947144
0.8707040548324585
0.2792168855667114
0.7609901428222656
0.45797330141067505
0.341492235660553
0.39926305413246155
0.37710124254226685
0.3084198832511902
0.13339604437351227
0.754891037940979
0.5215447545051575
0.33711540699005127
0.3591729998588562
0.4883572459220886
0.467659056186676
0.3395892381668091
0.40989065170288086
0.28234416246414185
0.4476737976074219
0.5769132375717163
0.49777427315711975
0.5092650651931763
0.5116328001022339
0.1511724889278412
1.0365445613861084
0.5205416679382324
0.3564678430557251
0.49140501022338867
0.47138649225234985
0.24069026112556458
0.25402000546455383
0.42576104402542114
0.5687083005905151
0.43982115387916565
0.574658989906311
0.1353774219751358
0.5345011353492737
0.8472059369087219
0.2649648189544678
0.19198361039161682
0.3874944746494293
0.5192093253135681
0.35333752632141113
0.3253319263458252
0.3110896646976471
0.4419019818305969
1.0788512229919434
0.3433944582939148
0.09269784390926361
0.21217834949493408
0.8693523406982422
0.4043722152709961
0.37475329637527466
0.3898562788963318
0.8390823602676392
0.9969439506530762
0.9252637624740601
0.26254698634147644
0.37851324677467346
0.2669944167137146
0.509830117225647
0.46823325753211975
0.313992977142334
0.7293124794960022
1.0010961294174194
0.43510136008262634
0.6019245982170105
0.4845731258392334
0.993118405342102
0.7370324730873108
0.41913262009620667
0.6787145733833313
0.3133583664894104
0.47768697142601013
0.49724435806274414
0.38359349966049194
1.0515073537826538
0.31686943769454956
0.5110188722610474
0.3354377746582031
0.23914580047130585
0.3380318284034729
0.5758668184280396
0.24770092964172363
0.3501425087451935
0.30748194456100464
0.36304670572280884
0.9688029289245605
0.2949275076389313
0.5584238767623901
0.3486822247505188
0.1522277295589447
0.3685082793235779
0.2746737003326416
0.5596287846565247
0.6134494543075562
0.45109859108924866
0.6761438846588135
0.3995499014854431
0.5786195397377014
0.34616321325302124
0.7790993452072144
0.416386216878891
0.71133953332901
0.8038550615310669
0.40905436873435974
0.21999657154083252
0.41817814111709595
0.6578510999679565
0.500907838344574
0.2964065372943878
0.7307053804397583
0.4624059200286865
0.2663246691226959
0.6766806244850159
0.29321134090423584
0.5942972898483276
0.8220845460891724
0.42816591262817383
0.44040647149086
0.2809417247772217
0.21013155579566956
0.7480677962303162
0.7036278247833252
0.3688602149486542
0.6184360980987549
0.45663684606552124
0.5885934233665466
0.19463931024074554
0.2665465772151947
0.5432021617889404
0.40596991777420044
1.408905267715454
0.5900169014930725
0.41868552565574646
0.4585685133934021
0.42056187987327576
0.9047094583511353
0.5454068779945374
0.4872799515724182
0.6163996458053589
0.23798887431621552
0.34730565547943115
0.7870016694068909
0.7157264351844788
0.3515360355377197
0.2848508954048157
0.4598979949951172
0.9339936971664429
0.6555818319320679
0.5483469367027283
0.32302573323249817
0.4323198199272156
0.45196977257728577
0.5601476430892944
0.3820878565311432
0.539267361164093
0.37382322549819946
0.32810455560684204
0.7698683738708496
0.44171181321144104
0.5553933382034302
0.1845920979976654
0.6157232522964478
0.7371654510498047
0.541728675365448
0.930060088634491
0.519393801689148
0.38141360878944397
0.47880131006240845
0.48179131746292114
0.3214645981788635
0.2635696530342102
0.61079341173172
0.520785927772522
0.2639257609844208
0.45199117064476013
0.2591858506202698
0.41806554794311523
0.5594738721847534
0.579800009727478
0.8238874673843384
0.39190423488616943
0.4585341513156891
0.463886559009552
0.4078897535800934
0.27205902338027954
0.7202369570732117
0.47187352180480957
0.711475670337677
0.29641157388687134
0.2331680804491043
0.3500249683856964
0.22391891479492188
0.16741026937961578
0.36437198519706726
0.30476731061935425
0.1890312135219574
0.3122432231903076
0.17816931009292603
0.5404382348060608
0.3894408345222473
0.4804045557975769
0.42299580574035645
0.41232848167419434
0.732270359992981
0.5320948958396912
0.41143161058425903
0.6710673570632935
0.17800161242485046
0.5141100883483887
0.41017526388168335
0.5635470151901245
0.5081137418746948
0.25324317812919617
0.430488646030426
0.637698769569397
0.32494956254959106
0.5223541855812073
0.13444702327251434
0.41946154832839966
0.8403717875480652
0.312162309885025
0.5253717303276062
0.6763849854469299
0.2517302632331848
0.4872573912143707
0.4629078507423401
0.21265056729316711
0.31216537952423096
0.381136953830719
0.39295142889022827
0.520255446434021
0.3683220148086548
0.8744363784790039
0.5092779397964478
0.40878358483314514
0.33386462926864624
0.41680583357810974
0.40101584792137146
0.4317132532596588
0.7058258056640625
0.29141777753829956
0.48152369260787964
0.14216092228889465
0.588416576385498
1.2762045860290527
0.3615044951438904
0.28261303901672363
0.2535017728805542
0.3273434638977051
0.2431701123714447
0.4118182063102722
0.3146476745605469
0.5050170421600342
0.4557863771915436
0.3696214556694031
0.5568288564682007
0.5223907232284546
0.16339027881622314
0.48263034224510193
0.5616406798362732
0.3506435751914978
0.3728469908237457
0.7880744934082031
0.3319368362426758
0.7128770351409912
0.3179537355899811
0.554373025894165
0.370367169380188
0.5417360663414001
0.21490664780139923
0.4642893373966217
0.7661973237991333
0.8165037035942078
0.43427062034606934
0.09097763150930405
0.3250183165073395
0.3491987884044647
0.32001492381095886
0.5861005187034607
1.3823981285095215
0.37189048528671265
0.13653413951396942
0.45965471863746643
0.2770957350730896
0.373839795589447
0.7883113622665405
0.40443116426467896
0.33393391966819763
0.5567895174026489
0.3687475621700287
0.9561036825180054
0.6050516366958618
0.415018230676651
0.5112906694412231
0.9866782426834106
0.6902035474777222
0.34923118352890015
0.8739716410636902
0.14213739335536957
0.15721747279167175
0.5131890177726746
0.4585884213447571
0.4442627429962158
0.25113222002983093
0.4532681107521057
0.10387472808361053
0.5882939100265503
0.3453809916973114
0.27185216546058655
0.2754875719547272
0.4447299540042877
0.3942488431930542
0.5651601552963257
0.09061992913484573
0.3836739957332611
0.2332899123430252
0.46153005957603455
0.5822702646255493
0.399108350276947
0.4125096797943115
0.26509764790534973
0.6174492239952087
0.4111780524253845
0.290925532579422
1.0124188661575317
0.2948684096336365
0.49171552062034607
0.19499154388904572
0.559222400188446
0.16321054100990295
0.6468666791915894
0.5061986446380615
0.41970354318618774
0.3546050190925598
0.16275206208229065
0.4013327956199646
0.4245148301124573
0.5115556120872498
0.5314333438873291
0.35355398058891296
0.2341366708278656
0.9012166261672974
0.5950260162353516
0.4351649880409241
0.3206940293312073
0.2865491509437561
1.2093794345855713
0.45719391107559204
0.4325692057609558
0.39335760474205017
0.32598522305488586
0.2901979088783264
0.521635890007019
0.6380926370620728
0.7457724809646606
0.38869351148605347
0.29905256628990173
0.7939987778663635
0.43813377618789673
0.7569438219070435
0.39296621084213257
0.5083322525024414
0.15303154289722443
0.4413476884365082
0.3849787414073944
0.4424106180667877
0.578978419303894
0.540806233882904
0.21314039826393127
0.5157405138015747
0.45945388078689575
0.4264163076877594
0.4406715929508209
0.19474110007286072
0.8491608500480652
0.8595744371414185
0.20141443610191345
0.34672099351882935
0.2606887221336365
0.33748242259025574
0.32766255736351013
0.5700563192367554
0.32589104771614075
0.44800296425819397
0.2257530391216278
0.32430532574653625
0.3079119324684143
0.5066530108451843
0.44526296854019165
0.4216383993625641
0.21185603737831116
0.3738033175468445
0.26852118968963623
0.17880697548389435
0.4557742476463318
0.4251139163970947
0.8184154629707336
0.30763036012649536
0.150634765625
0.4847866892814636
0.34563177824020386
1.1985704898834229
0.4857143759727478
0.6824499368667603
0.26134735345840454
0.34829363226890564
0.3793240189552307
0.1985447108745575
0.31949126720428467
0.42892080545425415
0.5697014331817627
0.4263266623020172
0.3515346646308899
0.43840664625167847
0.5067378878593445
0.7126485705375671
0.2015952318906784
0.14905822277069092
0.7825974822044373
0.4482622742652893
0.9933305978775024
0.5456527471542358
0.5981280207633972
0.18450286984443665
0.9518566131591797
0.35899320244789124
0.26045769453048706
0.36140885949134827
0.1013435572385788
0.29404544830322266
0.2756105363368988
0.4558197855949402
0.41236573457717896
0.2310781031847
0.45761194825172424
0.5285296440124512
0.468020498752594
0.32859888672828674
0.4116702675819397
0.23930592834949493
0.3522112965583801
0.1682220846414566
0.30716171860694885
0.3213721215724945
0.21985948085784912
0.8751047253608704
0.5370343923568726
0.9078817367553711
0.5387535095214844
0.30503135919570923
0.5057608485221863
0.7016843557357788
0.8206709027290344
0.3378545641899109
0.8526715040206909
0.2608886659145355
0.270255982875824
0.3886224329471588
0.42209839820861816
0.10744144767522812
0.38439232110977173
0.4102481007575989
0.548312246799469
0.4586416184902191
0.8614590764045715
0.4090212881565094
0.4348441958427429
0.5604300498962402
0.598558247089386
0.5732568502426147
0.24157874286174774
0.6155736446380615
0.41191014647483826
0.12934643030166626
0.2619646191596985
0.39593061804771423
0.47153013944625854
0.4232123792171478
0.3576047420501709
0.2706119418144226
0.8917554020881653
0.2766009569168091
0.3995743691921234
0.48874300718307495
0.3513741195201874
0.3745606243610382
0.9193402528762817
0.23623976111412048
0.4293050169944763
0.36182647943496704
0.8647168874740601
0.5076776742935181
0.9071654081344604
0.5103798508644104
0.6506705284118652
0.24705222249031067
0.37321335077285767
0.8870733976364136
0.2933599054813385
0.29389604926109314
0.6459656953811646
0.3137601315975189
0.5422555208206177
0.4653396010398865
0.5445762276649475
0.8541725277900696
0.40932315587997437
0.46104955673217773
0.2272266447544098
0.6753090023994446
0.38058212399482727
0.7191661596298218
0.12806977331638336
0.44129425287246704
0.30290308594703674
0.15450437366962433
0.4181416928768158
0.46711549162864685
0.36328125
0.5547659397125244
0.41023316979408264
0.3621254563331604
0.3274767994880676
0.26759183406829834
0.1496133953332901
0.5501094460487366
0.7808155417442322
0.2914083003997803
0.6893150210380554
0.6335163116455078
0.6234098672866821
0.31743279099464417
0.46257662773132324
0.6430274248123169
0.23646607995033264
0.5964189171791077
0.14610616862773895
0.47914594411849976
0.27593591809272766
0.4688413739204407
0.5457701683044434
0.466313898563385
0.3934278190135956
0.5010435581207275
0.3028114438056946
0.6165462732315063
0.6227691173553467
0.507023811340332
0.457476943731308
0.5121039152145386
0.5033906698226929
0.20158012211322784
0.50704026222229
0.4788719713687897
0.10906454175710678
1.2407184839248657
0.4934254586696625
0.8982757329940796
0.25056177377700806
0.39529362320899963
0.42426496744155884
0.2837372422218323
0.4600750505924225
0.12063795328140259
0.42200198769569397
0.6815590262413025
0.32951778173446655
0.7075110673904419
0.42854994535446167
0.38423576951026917
0.4068949222564697
0.45710745453834534
0.5270935893058777
0.3390916883945465
0.4678516387939453
0.4864164888858795
0.7235568761825562
0.6033750176429749
0.19315943121910095
0.4036531448364258
0.45269399881362915
0.44449934363365173
0.5589107275009155
0.3882153630256653
0.8450481295585632
0.4358505308628082
0.4019947946071625
0.3610042631626129
0.2636592984199524
0.19754676520824432
0.46752485632896423
0.5178626179695129
0.38422608375549316
0.37943756580352783
0.17348329722881317
0.4662976861000061
0.37188920378685
0.6103755235671997
0.7030400037765503
0.5489152669906616
0.4319699704647064
0.3592284023761749
0.41280636191368103
0.5118811726570129
0.39986342191696167
0.6298156380653381
0.6923056840896606
0.3707786202430725
0.3054876923561096
0.2909235954284668
0.18258912861347198
0.42594966292381287
0.684694230556488
0.6861132383346558
0.5147280693054199
0.6501461267471313
0.7483433485031128
0.7537568807601929
0.36608195304870605
0.4118383526802063
0.3677573800086975
0.30368107557296753
0.1737341731786728
0.3864344656467438
0.263001024723053
0.28943932056427
0.2881525754928589
0.38937100768089294
0.41159796714782715
0.6841186285018921
0.40192538499832153
1.1613982915878296
0.8130649328231812
1.034057378768921
0.4667159616947174
0.4043850302696228
0.3430662155151367
0.23632872104644775
0.7349503040313721
0.2365538328886032
0.5599865317344666
0.745736300945282
0.04300195723772049
0.2805793285369873
0.46130117774009705
0.6008075475692749
0.23729774355888367
0.4543103575706482
0.4795854091644287
0.38009023666381836
0.3624810576438904
0.21814267337322235
0.4554000496864319
0.2749164402484894
0.3045145869255066
0.33830466866493225
0.3390260636806488
0.5064099431037903
0.43682345747947693
0.37254518270492554
0.30135124921798706
0.26411348581314087
0.6129802465438843
0.163074791431427
0.2746604084968567
0.20796160399913788
0.27209803462028503
0.2134670913219452
0.46221351623535156
0.1518286168575287
0.1377088725566864
0.300148606300354
0.6478689908981323
0.12448940426111221
0.4532702565193176
0.30021336674690247
0.3125765323638916
0.4305233955383301
0.33935683965682983
0.23512370884418488
0.20146682858467102
0.6285424828529358
0.5915018916130066
0.36567211151123047
0.3277258276939392
0.5430588126182556
0.14279191195964813
0.3376302123069763
0.4583442807197571
0.6832855343818665
0.6646054983139038
0.4248442053794861
0.5896986722946167
0.7765998244285583
0.5176817178726196
0.44045400619506836
0.46310362219810486
0.5271459817886353
0.575154185295105
0.9165163040161133
0.5344299077987671
0.6767917275428772
0.2693939805030823
0.699626088142395
0.5653300881385803
0.6392228007316589
0.29038187861442566
0.9869452714920044
0.6205658316612244
0.6869234442710876
0.21457818150520325
0.4942660331726074
0.7686682343482971
0.2151237279176712
0.4629836678504944
0.47218698263168335
0.7609821557998657
0.23944640159606934
0.4211917817592621
0.4200408458709717
0.42494288086891174
0.6475977301597595
0.4843621253967285
0.26333531737327576
0.5977996587753296
0.7635754346847534
0.29866400361061096
0.21197371184825897
0.5368524789810181
0.29216793179512024
0.3937689960002899
0.2671448588371277
0.5041946768760681
0.49944940209388733
0.4776931703090668
0.32871994376182556
0.46430930495262146
0.4649439752101898
0.16457392275333405
0.6568421125411987
0.422492653131485
0.5969914197921753
0.34430545568466187
0.4341604709625244
0.38863974809646606
0.4846905767917633
0.28646066784858704
0.48684796690940857
0.4676516056060791
0.4774966239929199
0.915624737739563
0.514905571937561
0.31243059039115906
0.2709924876689911
0.5638419389724731
0.32996296882629395
0.4452003538608551
0.2603127658367157
0.4785521626472473
0.5078120827674866
0.5433549284934998
0.748151421546936
0.32832786440849304
0.4077417850494385
0.11860712617635727
0.2825468182563782
0.4205361306667328
0.36092931032180786
0.7949861288070679
0.39701783657073975
0.5542991757392883
0.182830348610878
0.4234633445739746
0.4606047570705414
0.33707159757614136
0.2555752098560333
0.26015010476112366
0.5323216915130615
0.34401458501815796
0.4611510634422302
0.458046019077301
0.5730431079864502
0.10659291595220566
0.3582797050476074
0.5634852647781372
0.5242596864700317
0.5855246186256409
0.5561849474906921
0.498504102230072
0.259409636259079
0.16626381874084473
0.47889965772628784
0.41469740867614746
0.1841004192829132
0.4639533460140228
0.39851075410842896
0.5013546347618103
0.6081042289733887
0.4730594754219055
0.3771941363811493
0.3189556896686554
0.4439758360385895
0.8611534833908081
0.27098795771598816
0.48744910955429077
0.39688247442245483
0.257371723651886
0.4399600625038147
0.5577064156532288
0.39481526613235474
0.3768536448478699
0.3348832428455353
0.48476552963256836
0.5205636620521545
0.21163885295391083
0.3206561505794525
0.24399308860301971
0.8927359580993652
0.36560869216918945
0.3631700873374939
0.8820993304252625
0.7443859577178955
0.2703101933002472
0.35392239689826965
0.5519133806228638
0.6204404830932617
0.33563703298568726
0.39464619755744934
0.1537657082080841
0.2562776207923889
0.4977859556674957
0.6824206113815308
0.4311332702636719
0.9359430074691772
0.30246931314468384
0.5778583288192749
0.5003539323806763
0.4820297658443451
0.4226681590080261
0.38750314712524414
0.33350300788879395
0.33215609192848206
0.2394653856754303
0.7916322946548462
0.47892794013023376
0.34261173009872437
0.3830055892467499
0.3926350474357605
0.5484048128128052
0.6398664712905884
0.46682554483413696
0.417666494846344
0.40466880798339844
0.7215582132339478
0.39169254899024963
0.19862201809883118
0.4050180912017822
0.5396746397018433
0.34317201375961304
0.5331709384918213
0.11235691606998444
0.6851193904876709
0.5194280743598938
0.6728013753890991
0.4253665506839752
0.5252054929733276
0.5213015675544739
0.43751925230026245
0.357552170753479
0.681056797504425
0.2732385993003845
0.4930034279823303
0.5130764245986938
0.3777022659778595
0.42981594800949097
0.498845636844635
0.4836060106754303
0.4465179443359375
0.264756977558136
0.2770036458969116
0.7989596724510193
0.6544308662414551
1.1894127130508423
0.5246196389198303
0.28787994384765625
0.8006088137626648
0.3027915060520172
0.5484615564346313
0.4894164502620697
0.21050158143043518
0.5856078863143921
0.34140637516975403
0.3969164192676544
0.29288724064826965
0.32312580943107605
0.34510481357574463
0.20960727334022522
0.5657956004142761
0.5178513526916504
0.14249977469444275
0.7482272386550903
0.1114562377333641
0.507782518863678
0.13737210631370544
0.4991185665130615
0.741951584815979
0.3602730929851532
0.4319518208503723
0.4805469512939453
0.7384513020515442
0.27650144696235657
0.5577329397201538
0.38374263048171997
0.48440057039260864
0.5837069749832153
0.3937806189060211
0.3524530529975891
0.48048487305641174
0.5734657049179077
0.5707855820655823
0.29000124335289
0.31747567653656006
0.2689000964164734
0.5805128216743469
0.3744969367980957
1.172431230545044
0.5753980875015259
0.6821057200431824
0.4765401780605316
0.7642792463302612
0.497816801071167
0.1857810914516449
0.5198420286178589
0.20143797993659973
0.3640115559101105
0.2769830822944641
0.5100558996200562
0.28789281845092773
0.36152565479278564
0.41750019788742065
0.16594913601875305
0.4770669937133789
0.376781165599823
0.16682973504066467
0.4191676080226898
0.1520618349313736
0.4501076638698578
0.74492347240448
0.42084798216819763
0.7013956308364868
0.5158111453056335
0.47589239478111267
0.3915652334690094
0.3822905421257019
0.2836506962776184
0.4914761483669281
0.321113646030426
0.5013368725776672
0.5646902322769165
0.47329550981521606
0.5430793166160583
0.32790407538414
0.15038612484931946
0.38704973459243774
0.7245546579360962
0.24395310878753662
0.2614392042160034
0.4061289429664612
0.275590717792511
0.6102201342582703
0.43589895963668823
0.41442179679870605
0.7560499310493469
0.30707216262817383
0.3787935674190521
1.0520250797271729
0.2105657309293747
0.4826533794403076
0.37349456548690796
0.2032504826784134
0.6765707731246948
0.33468562364578247
0.3008195757865906
0.743323564529419
0.12275926023721695
0.21843664348125458
0.14910303056240082
0.2349092662334442
1.0067076683044434
0.5655251741409302
0.24112781882286072
0.22343473136425018
0.32603567838668823
0.45434945821762085
0.7720398902893066
0.4255932867527008
0.3706277012825012
0.19086121022701263
0.27051421999931335
0.624347984790802
0.31894686818122864
0.40789133310317993
0.41393908858299255
0.1462831199169159
0.2855188548564911
0.6382313966751099
0.4634515345096588
0.48943763971328735
0.6808683276176453
0.7525113821029663
0.5196758508682251
0.08904106169939041
0.22356939315795898
1.0226776599884033
0.49571043252944946
0.3531038463115692
0.6939359307289124
0.43042945861816406
0.21967041492462158
0.4074844419956207
0.5475455522537231
0.5110378265380859
0.3965773284435272
0.2826387584209442
0.7631182670593262
0.25931212306022644
0.41062402725219727
0.2107834368944168
0.7465512156486511
0.9191871881484985
0.8609957695007324
0.6726863980293274
0.18748381733894348
0.3209057152271271
0.3429470658302307
0.33135977387428284
0.4832064211368561
0.5383960008621216
0.36300167441368103
0.42788228392601013
0.3576643764972687
0.3917338252067566
0.20249417424201965
0.7343393564224243
0.764811635017395
0.3771377205848694
0.6859573125839233
0.48114317655563354
0.48353496193885803
0.36262407898902893
0.35479551553726196
0.9099740982055664
0.28888121247291565
0.45044225454330444
0.4587671160697937
0.4795903265476227
0.5677655339241028
0.5768309831619263
0.526623547077179
0.547990620136261
0.615764319896698
0.530211329460144
0.4727747440338135
0.3277013897895813
0.12741172313690186
0.583800196647644
0.41676878929138184
0.39535313844680786
0.27696239948272705
0.6856731176376343
0.21323315799236298
0.34755557775497437
0.3838678002357483
0.7100350260734558
0.6824678778648376
0.2026224583387375
0.4902230203151703
0.4234207570552826
0.20914797484874725
0.19322632253170013
0.5659112930297852
0.49751895666122437
0.1982830911874771
0.3823820948600769
0.31538546085357666
0.33369171619415283
0.26378771662712097
0.3223523795604706
0.2611427903175354
0.2718068063259125
0.28868600726127625
0.28770995140075684
0.8633502721786499
0.7059108018875122
0.24338138103485107
0.27908945083618164
0.48048868775367737
0.384885311126709
0.5230721235275269
0.39232754707336426
0.4913928508758545
0.24302999675273895
0.2522289752960205
0.17958270013332367
0.7637154459953308
0.7061535120010376
0.6900006532669067
0.6539249420166016
0.45645517110824585
0.479133665561676
0.48573118448257446
0.4173275828361511
0.2843747138977051
0.647605836391449
0.44037264585494995
0.6095032095909119
0.647892415523529
0.6954484581947327
0.6712527275085449
0.32537078857421875
0.4796568751335144
0.4493477940559387
0.30814164876937866
0.408741295337677
0.453268826007843
0.42829829454421997
0.4459446370601654
0.2693704664707184
0.44742774963378906
0.20860841870307922
0.27428823709487915
0.6404392123222351
0.40991002321243286
0.6074000597000122
0.5153330564498901
0.4754869341850281
0.39743489027023315
0.3289337158203125
0.5781747102737427
0.5283879041671753
0.49310508370399475
0.3281319737434387
0.8291489481925964
0.47861775755882263
0.4218526780605316
0.7136521339416504
0.4737177789211273
0.4317720830440521
0.22730419039726257
0.18645815551280975
0.6807985901832581
0.3689253032207489
0.6241795420646667
0.6599046587944031
0.4297139048576355
0.2848435938358307
0.30896615982055664
0.18908140063285828
0.6521642208099365
0.47374194860458374
0.6072607636451721
0.35905563831329346
0.2611546218395233
0.5217375159263611
0.2006303369998932
0.2770591974258423
0.36479416489601135
0.5047102570533752
0.3126533627510071
0.20855292677879333
0.31308016180992126
0.7168700695037842
0.22738687694072723
0.5859479308128357
0.5468978881835938
0.259052038192749
0.4230732023715973
0.5295065641403198
0.3894486427307129
0.9869738817214966
0.46523627638816833
0.4458085596561432
0.2878672480583191
0.5458806753158569
0.46728044748306274
0.8675312995910645
0.4047684669494629
0.2772807776927948
0.39247530698776245
0.26249462366104126
0.709523618221283
0.3803486227989197
0.4731258451938629
0.7940176725387573
0.40715688467025757
0.08196776360273361
0.4521552622318268
0.2394380271434784
0.6880974769592285
0.24000661075115204
0.7203875780105591
0.5537311434745789
0.509447455406189
0.1749729961156845
0.8699410557746887
0.3326675295829773
0.39514392614364624
0.3660324215888977
0.6576560139656067
0.43517905473709106
0.8262373208999634
0.3570798933506012
0.2217436134815216
0.6292281150817871
0.319084107875824
0.6241899728775024
0.4083739221096039
0.3312193751335144
0.4587583541870117
0.376548171043396
0.492096483707428
0.35433512926101685
0.5256246328353882
0.5859605669975281
0.5161950588226318
0.39678531885147095
0.2579424977302551
0.31889790296554565
0.3261018395423889
0.11746887862682343
0.24226395785808563
0.36438220739364624
0.44547271728515625
0.4759078919887543
0.6432775259017944
0.4909227788448334
0.32637372612953186
0.4906434118747711
1.0965936183929443
0.3662272095680237
0.23157759010791779
0.26538926362991333
0.44874972105026245
0.3223199248313904
0.3329528272151947
0.283784419298172
0.5540319085121155
0.3938395380973816
0.27560973167419434
0.5660287141799927
0.4179410934448242
0.4782443642616272
0.40403419733047485
0.18114066123962402
0.07620882987976074
1.0091168880462646
0.42840176820755005
0.2919085621833801
0.4476653039455414
0.3338148891925812
0.2972777485847473
0.6442520618438721
0.5124237537384033
0.6800480484962463
0.3757893741130829
0.5539842844009399
0.8063195943832397
1.048035740852356
0.30811113119125366
0.43974438309669495
0.1636933982372284
0.7459080815315247
0.2683704197406769
0.8641446828842163
0.8752444386482239
0.4399489462375641
0.7143186330795288
0.7998274564743042
0.5492252111434937
0.5666171908378601
0.45741066336631775
0.3280376195907593
0.34599000215530396
0.2333071231842041
0.6783188581466675
0.4824962019920349
0.1733303964138031
0.19137771427631378
0.3465549647808075
0.5546574592590332
0.31503263115882874
0.42175665497779846
0.3579969108104706
0.7383928894996643
0.5033314824104309
0.16792409121990204
0.4344419836997986
0.6185088157653809
0.5228414535522461
0.8028825521469116
0.22221024334430695
0.514208972454071
0.8428661227226257
0.4758044183254242
0.3878817856311798
0.6625171899795532
0.7640835046768188
0.631305456161499
0.3792381286621094
0.5569626092910767
0.4587312638759613
0.24834315478801727
0.44231170415878296
1.0231306552886963
0.18679897487163544
0.5756863355636597
0.3963988721370697
0.5019018650054932
0.4027315080165863
0.8802641034126282
0.8605009317398071
0.5598121881484985
0.22890689969062805
0.3760564625263214
0.40896469354629517
0.45250433683395386
0.3159967064857483
0.8021780252456665
0.4209529459476471
0.2658383250236511
0.5046806335449219
0.4794759154319763
0.5007847547531128
0.6308042407035828
0.31990841031074524
0.2823444902896881
0.5736016035079956
1.0574151277542114
0.14023110270500183
0.5873793959617615
0.5639267563819885
0.40746554732322693
0.45442238450050354
0.44415515661239624
0.3690096437931061
0.41838449239730835
0.6045995950698853
0.6397520303726196
0.1487344205379486
1.2157063484191895
0.529729425907135
0.6615954637527466
0.19011691212654114
0.1872900426387787
0.33386877179145813
0.5063869953155518
0.8244180679321289
0.5028253793716431
0.591576099395752
0.44075918197631836
0.8415546417236328
0.3160981833934784
0.8285326957702637
0.35841548442840576
0.42251595854759216
0.5605624914169312
0.3216193616390228
0.35258474946022034
0.46251899003982544
0.09082444757223129
0.23985254764556885
0.7053045630455017
0.3375219404697418
0.28583425283432007
0.4193527102470398
0.4070354998111725
0.41850242018699646
0.2820151448249817
0.14462098479270935
0.6304464340209961
0.6341081857681274
0.3700774908065796
0.5026119947433472
0.2594652771949768
0.592546820640564
0.25579679012298584
0.46276408433914185
0.9966209530830383
0.41420096158981323
0.4375893473625183
0.7612814903259277
0.7014063596725464
0.3921966552734375
0.7046945691108704
0.2823701500892639
0.5652658939361572
0.2645769715309143
0.29078540205955505
0.4307454526424408
0.6074255704879761
0.9156556129455566
0.4932265281677246
0.26075246930122375
0.9955218434333801
0.3051188588142395
0.3715250790119171
0.35550636053085327
0.21205024421215057
0.6838653683662415
0.6616355180740356
0.4034513831138611
0.6176809072494507
0.23641124367713928
0.46918565034866333
0.3606439232826233
0.9152693748474121
0.3478075861930847
0.233683779835701
0.3178180158138275
0.20795755088329315
0.09386895596981049
0.4186907708644867
0.699853777885437
0.16062656044960022
0.20062747597694397
0.45593780279159546
0.5457154512405396
0.7984294891357422
0.47713151574134827
0.7473457455635071
0.4360627233982086
0.36798158288002014
0.5732440948486328
0.43212318420410156
0.4555090367794037
0.5855328440666199
0.6216689348220825
0.186272531747818
0.5727376937866211
0.3130126893520355
0.49847808480262756
0.3517208695411682
0.5925472974777222
0.3577027916908264
0.603600025177002
0.684161365032196
0.5105639696121216
0.3225710391998291
0.3947316110134125
0.5020098090171814
0.2487013339996338
0.4019504487514496
0.6037949323654175
0.577934205532074
0.44383397698402405
0.2435397207736969
0.2987416684627533
0.5090277194976807
0.6549804210662842
0.29749396443367004
0.19913364946842194
0.7985098958015442
0.1529853492975235
0.38072389364242554
0.840816855430603
0.42668968439102173
0.390941321849823
0.42924031615257263
0.376081645488739
0.6822605133056641
0.5572621822357178
0.7940231561660767
0.4346311092376709
0.35208386182785034
0.3308154046535492
0.5531800985336304
0.3110507130622864
0.5919821858406067
0.6061094403266907
0.45188283920288086
0.2590482831001282
0.31943458318710327
0.646812379360199
0.17953792214393616
0.38843435049057007
0.5427917242050171
0.30669355392456055
0.3948376476764679
0.6655678749084473
0.38086602091789246
0.5004737973213196
0.26055872440338135
0.4854280352592468
0.2701295018196106
0.3552502989768982
0.5103506445884705
0.3015202581882477
0.47516852617263794
0.15688779950141907
0.58514004945755
0.3967211842536926
0.6868115663528442
0.20033149421215057
0.6466156244277954
0.660584568977356
0.2967591881752014
0.6058622598648071
0.36031079292297363
0.5357314348220825
0.7940756678581238
0.461996853351593
0.2590179443359375
0.4122987389564514
0.18369951844215393
0.26692089438438416
0.36848515272140503
0.3944271206855774
0.5020031929016113
0.4566243290901184
0.2889173626899719
0.33392786979675293
0.3081407845020294
0.35286569595336914
0.2517262101173401
0.550855815410614
0.6275877356529236
0.47615113854408264
0.4643237590789795
0.37807220220565796
0.7427839040756226
0.44565528631210327
0.4284293055534363
0.5316810607910156
0.08971007913351059
0.6298450231552124
0.2688317894935608
0.311049222946167
0.7612695097923279
0.31348922848701477
0.2733038067817688
0.4984215199947357
0.6181460618972778
0.6960064768791199
0.5791104435920715
0.40256577730178833
0.6822195649147034
0.7773805856704712
0.29053351283073425
0.45917683839797974
0.39057573676109314
0.6724292039871216
0.9983107447624207
0.38241705298423767
0.359098881483078
0.45589837431907654
0.8205682039260864
0.46599578857421875
0.2922072410583496
0.07289593666791916
0.39475271105766296
0.3121587932109833
0.30507737398147583
0.9691649675369263
0.4927460253238678
0.5277689695358276
1.3137056827545166
0.7751154899597168
0.13514268398284912
0.46307283639907837
0.21325083076953888
0.3192872107028961
0.46766576170921326
0.6360690593719482
0.11618634313344955
0.24468553066253662
0.6889793872833252
0.3815033435821533
0.4718707501888275
0.34967687726020813
0.5247945785522461
0.4933140277862549
0.3190370202064514
0.3667267858982086
0.30225783586502075
1.0832650661468506
0.5715559124946594
0.6002294421195984
0.4385380148887634
0.3075120151042938
0.7942005395889282
0.33071187138557434
0.23895244300365448
0.4694572389125824
0.4252135753631592
0.3602716326713562
0.7752991914749146
0.6319293975830078
0.5024502873420715
0.5566028952598572
0.5706602931022644
0.3490205705165863
0.57135009765625
0.5082778930664062
0.30538758635520935
0.6422320008277893
0.6444092392921448
0.3446686863899231
0.35070908069610596
0.4243663251399994
0.5797008275985718
0.25174278020858765
0.5796695947647095
0.4407333433628082
0.4642491936683655
0.4144180417060852
0.3095402419567108
0.6211264133453369
0.4415493905544281
0.417289674282074
0.4678288996219635
0.35123303532600403
0.6308349370956421
0.6479899287223816
0.18113939464092255
0.6412652730941772
0.2611709237098694
0.4203558564186096
0.24607820808887482
0.20313875377178192
0.4110559821128845
0.2658465802669525
0.4031926691532135
0.4338919520378113
0.274588406085968
0.1649283766746521
0.6995898485183716
0.2093241959810257
0.5534688234329224
0.5634280443191528
1.067858099937439
0.48388487100601196
0.4677814543247223
0.31671270728111267
0.39108502864837646
0.47440630197525024
0.4952174723148346
0.7022718191146851
0.21540264785289764
0.44862374663352966
0.23729737102985382
0.5041137337684631
0.470400869846344
0.7515408992767334
0.4724055826663971
0.4271043837070465
0.37004169821739197
0.2761306166648865
0.4712396264076233
0.6504082083702087
0.5617235898971558
0.26835864782333374
0.2861049771308899
0.49296459555625916
0.4081764221191406
0.6802800893783569
0.6640375256538391
0.9249141812324524
0.20917987823486328
0.7077757716178894
0.4291529655456543
0.3464299440383911
0.21395476162433624
0.11579984426498413
0.6974655389785767
0.26443547010421753
0.41434067487716675
0.4235851764678955
0.5985362529754639
0.5591564774513245
0.9740216135978699
0.07168958336114883
0.3557991683483124
0.4622451364994049
0.18182413280010223
0.40235957503318787
0.7085127830505371
0.4267280697822571
0.4244125783443451
0.1745498925447464
0.1451600342988968
0.1750784069299698
0.31990012526512146
0.20779284834861755
0.43888059258461
0.299633651971817
0.2647177577018738
0.28209367394447327
0.39615386724472046
0.4672074317932129
0.2968369722366333
0.3703637719154358
0.2924373149871826
0.3251379132270813
0.33495405316352844
0.47044071555137634
0.5208014249801636
0.3087208569049835
0.5352910161018372
0.7767674326896667
0.5159332752227783
0.2538207769393921
0.2324567288160324
0.9766138792037964
0.34113314747810364
0.6936630606651306
0.5844781994819641
0.3961535394191742
0.4332483410835266
0.38969239592552185
0.37338337302207947
0.4217514991760254
0.3686966896057129
0.29015809297561646
0.30610817670822144
0.384552538394928
0.6518877148628235
0.779849112033844
0.44090738892555237
0.3430306911468506
0.36351141333580017
0.3896917700767517
0.8600085973739624
0.2721858322620392
0.2785645127296448
0.32194221019744873
0.42395028471946716
0.33193784952163696
0.37441372871398926
0.5234986543655396
0.9903864860534668
0.3587721288204193
0.3444686532020569
0.6857946515083313
0.5148802399635315
0.359109103679657
0.19230464100837708
0.6815539002418518
0.4118807315826416
1.3226550817489624
0.6318978071212769
0.6846418380737305
0.3577478229999542
0.5973344445228577
0.20389685034751892
0.25835829973220825
0.3465825319290161
0.7225350737571716
0.2953949570655823
0.7832943797111511
0.5618351697921753
0.3211847245693207
0.313191294670105
0.348796546459198
0.2721627652645111
0.32219475507736206
0.34006500244140625
0.2766237258911133
0.18261843919754028
0.5032808184623718
0.225413516163826
0.19872620701789856
0.5731455087661743
0.49038881063461304
0.42447495460510254
0.49426478147506714
0.32005035877227783
0.5344080924987793
0.24254772067070007
0.3883560597896576
0.16147778928279877
0.29826346039772034
0.4876280426979065
0.8186303973197937
0.6042170524597168
0.37744084000587463
0.34965378046035767
0.30765777826309204
0.313403457403183
0.33015984296798706
0.17231257259845734
0.18843361735343933
0.2255689799785614
0.9069093465805054
0.27167198061943054
0.30380523204803467
0.5558155179023743
0.6954673528671265
0.6574646234512329
0.20221225917339325
0.5790369510650635
0.35984402894973755
0.42818745970726013
0.0577416829764843
0.5018356442451477
0.5844854116439819
0.2855653166770935
0.3209418058395386
0.4189360737800598
0.5445841550827026
0.3539465069770813
0.5597838759422302
0.17771431803703308
0.3913753628730774
0.23733845353126526
0.5465205907821655
0.5958173274993896
0.41629916429519653
0.8374923467636108
0.3520486652851105
0.6549710035324097
0.7149279117584229
0.5560339689254761
0.34411877393722534
0.2616310715675354
0.5340924263000488
0.24796178936958313
0.6119478940963745
0.4107900559902191
0.21146507561206818
0.26788607239723206
0.6729212403297424
0.17543277144432068
0.3004801273345947
0.4861127734184265
0.5352434515953064
0.2305494099855423
0.6734561920166016
0.6903021931648254
0.5846654176712036
0.19305500388145447
0.42402657866477966
0.242173433303833
0.1230364665389061
0.42148637771606445
0.5653718709945679
0.7209992408752441
0.3096422553062439
0.48790064454078674
0.4801996648311615
0.19313837587833405
0.7230201959609985
0.7070327401161194
0.33967798948287964
0.29015564918518066
0.8486161231994629
0.37800318002700806
0.5369910001754761
0.45858144760131836
0.24338939785957336
0.19946253299713135
0.31298375129699707
0.9417190551757812
0.6137746572494507
0.43951258063316345
0.4729364514350891
0.4435632824897766
0.20508810877799988
0.15206514298915863
0.8777133226394653
0.26644599437713623
0.24190035462379456
0.5104169845581055
0.246783047914505
0.3858144283294678
0.25872281193733215
0.7068885564804077
0.6032649874687195
0.42154979705810547
0.4626254439353943
0.34814274311065674
0.6124234795570374
0.36347779631614685
0.34973007440567017
0.3878585994243622
0.34277597069740295
0.44674453139305115
0.18388809263706207
1.216002345085144
0.5517319440841675
0.4318527579307556
0.1801590621471405
1.110288381576538
0.13549105823040009
0.41432303190231323
0.5944423675537109
0.25248652696609497
0.6693027019500732
0.4300161898136139
0.25406038761138916
0.6690487861633301
0.5672106742858887
0.34399980306625366
0.17495080828666687
0.3320043385028839
0.6138904094696045
0.36394935846328735
0.4327777028083801
0.45663443207740784
0.9030864834785461
0.4402373433113098
0.45379409193992615
0.5840007662773132
1.0276918411254883
0.5853686928749084
0.3586089015007019
0.48594966530799866
0.7891634702682495
0.62571781873703
0.5439521670341492
0.4060209393501282
0.4533839225769043
0.31431224942207336
0.5051345229148865
0.5532084107398987
0.3675696849822998
0.46824726462364197
0.9852432012557983
0.3202992379665375
0.6361779570579529
0.27866560220718384
0.32952967286109924
0.2941134572029114
0.549233078956604
0.5633946657180786
0.33643507957458496
0.20597012341022491
0.4488762319087982
0.3491239845752716
0.4783926010131836
0.7705329060554504
0.5147196650505066
0.715192437171936
0.520564079284668
0.9926069378852844
0.4955406188964844
0.2666437029838562
0.6395570039749146
0.5543774366378784
0.4115449786186218
0.6147252321243286
0.33707067370414734
0.5428408980369568
0.20900586247444153
0.33403077721595764
0.4378717839717865
0.13947971165180206
0.09978394210338593
0.40528053045272827
0.42205676436424255
0.3642581105232239
0.2076481282711029
0.35161980986595154
0.6172558069229126
0.14713089168071747
0.2314085215330124
0.2598782181739807
0.38602370023727417
0.6548353433609009
0.503295361995697
0.22495141625404358
0.4711935520172119
0.6591803431510925
0.21265418827533722
0.17729468643665314
0.7470356225967407
0.6616373658180237
0.7525964975357056
0.19257986545562744
0.566430926322937
0.387201726436615
0.2548786401748657
0.48693403601646423
0.6010318398475647
0.3825732469558716
0.4917284846305847
0.40936118364334106
0.7933670282363892
0.3463219106197357
0.2310929000377655
0.5757220983505249
0.11346081644296646
0.3017541468143463
0.2777402400970459
0.8660286068916321
0.37324321269989014
0.2866976857185364
0.16299134492874146
1.0168148279190063
0.3568347692489624
0.5748968720436096
0.5287793278694153
0.3143925964832306
0.5919588208198547
0.3471899628639221
0.33737412095069885
0.3219752907752991
0.21480050683021545
0.4330855906009674
0.5423760414123535
0.27890831232070923
0.6400695443153381
0.31921717524528503
0.5082470774650574
0.5246322751045227
0.43049126863479614
0.23458822071552277
0.4302824139595032
0.30300769209861755
0.4280847907066345
0.5494188070297241
0.4664415717124939
0.6175053715705872
0.5418962836265564
0.31980210542678833
0.35363951325416565
0.704361081123352
0.2506088614463806
0.3489648699760437
0.365257203578949
0.1990993171930313
0.47817015647888184
0.2820221483707428
0.22964224219322205
0.12436570227146149
0.2958136200904846
0.09147819131612778
0.3590987026691437
0.5681875944137573
0.5835036039352417
0.3715398609638214
0.5436446070671082
0.43943220376968384
0.6208394765853882
0.18875999748706818
0.3814804255962372
0.5330385565757751
0.27475377917289734
0.430036723613739
0.4055423140525818
0.8771494030952454
0.465116411447525
0.21041683852672577
0.5107654333114624
0.34402963519096375
0.16803555190563202
0.29396748542785645
0.33528685569763184
0.633654773235321
0.4689229130744934
0.797106921672821
0.26991117000579834
0.3404538035392761
0.5151640772819519
0.08078606426715851
0.1832738220691681
0.32847610116004944
0.42644792795181274
0.36361265182495117
0.1041388288140297
0.19328059256076813
0.636944055557251
0.3670959770679474
0.13019916415214539
0.6557542681694031
0.39116382598876953
0.6444567441940308
0.7076653838157654
0.4996052384376526
0.2548085153102875
0.3397270739078522
0.4671383500099182
0.33561593294143677
0.32673296332359314
0.4431452751159668
0.467780739068985
0.20370027422904968
0.36814260482788086
0.6877821683883667
0.270020067691803
0.5415558815002441
0.2571515142917633
0.3314150273799896
0.28141236305236816
0.324943482875824
0.3394958972930908
0.17793259024620056
0.32764941453933716
0.4874025285243988
0.5020034909248352
0.5229007005691528
0.8746815919876099
0.33775633573532104
0.3404783010482788
0.07980267703533173
0.21971121430397034
0.738594651222229
0.33613646030426025
0.5737470388412476
0.48709553480148315
0.16977393627166748
0.5520809292793274
0.3485814034938812
0.959735095500946
0.9177337884902954
0.5268292427062988
0.4644342064857483
0.8229133486747742
0.2570267617702484
0.47868695855140686
0.5522350072860718
0.4844132363796234
0.19801530241966248
0.8856562376022339
0.3263508677482605
0.29235467314720154
1.535794734954834
0.39774030447006226
0.6434763669967651
0.49950990080833435
0.5659935474395752
0.39598602056503296
0.34084266424179077
0.3320327401161194
0.3080229163169861
0.22320370376110077
0.9616602063179016
0.5910505056381226
0.5239319205284119
0.41920146346092224
0.5414778590202332
0.7344452142715454
0.9826753735542297
0.3027755916118622
0.7307546734809875
0.23432108759880066
0.4172138571739197
0.5627542734146118
0.4929509162902832
0.44230636954307556
0.15552952885627747
0.4132464826107025
0.4503278136253357
0.42397889494895935
0.15673677623271942
0.3135600686073303
0.506134033203125
1.036200761795044
0.5482940673828125
0.5482584238052368
0.38158759474754333
0.16649985313415527
0.3316238522529602
0.4240277409553528
0.29513296484947205
0.5374419689178467
0.2457595318555832
0.48933857679367065
0.44375523924827576
0.3551029562950134
0.2849847674369812
0.6214385628700256
0.16300848126411438
0.14859195053577423
0.6670619249343872
0.4779505133628845
0.3538983464241028
0.45846039056777954
0.35752907395362854
0.8793822526931763
0.49854207038879395
0.3730514645576477
0.6552342176437378
0.41943731904029846
0.40582212805747986
0.31483137607574463
0.7392053008079529
0.2510141432285309
0.30663520097732544
0.40207749605178833
0.8802759051322937
0.2192438840866089
0.48775577545166016
0.4364050030708313
0.4509919583797455
0.2754579186439514
0.5049980878829956
0.31792598962783813
0.311872661113739
0.4596952497959137
0.23566380143165588
0.7813564538955688
0.20929789543151855
0.42827969789505005
1.0732511281967163
0.22440247237682343
0.7290288209915161
0.32261067628860474
0.2561413645744324
0.31004583835601807
0.5695704221725464
0.47411441802978516
0.3600955605506897
0.5095850229263306
0.2828315496444702
0.23797640204429626
0.9898662567138672
0.2206966131925583
0.26477038860321045
0.679774284362793
1.0283665657043457
0.5351613163948059
1.0348433256149292
0.49818840622901917
0.35809141397476196
0.48440104722976685
0.6077494621276855
0.47553151845932007
0.46297138929367065
0.29324084520339966
0.4489120841026306
0.3293616473674774
0.3092271685600281
0.4276607632637024
0.15827065706253052
0.22573938965797424
0.1382782757282257
0.6627501249313354
0.3505787253379822
0.48348742723464966
1.0715162754058838
0.41407808661460876
0.7896510362625122
0.24419888854026794
0.24471840262413025
0.2822740375995636
0.6738780736923218
0.2651115357875824
0.827915370464325
0.1365990936756134
0.5313279628753662
0.36718377470970154
0.8452320098876953
0.3918546140193939
1.3337258100509644
0.40699800848960876
0.3664500117301941
0.45356741547584534
0.6645381450653076
0.480394184589386
0.42952829599380493
0.6616893410682678
0.5657185316085815
0.5797044634819031
0.4915773868560791
0.19130182266235352
1.0748411417007446
0.3394869267940521
0.5919891595840454
0.40612879395484924
1.1418720483779907
0.22370782494544983
0.5284536480903625
0.5906324982643127
0.2967614233493805
0.3973347842693329
0.5139560699462891
0.8165725469589233
0.2982464134693146
0.6569274663925171
0.33938220143318176
0.4425760805606842
0.44080281257629395
0.3789175748825073
0.3514218330383301
0.13673275709152222
0.8430484533309937
0.33668088912963867
0.5792121291160583
0.5819892883300781
0.3622496426105499
0.48725253343582153
0.678797721862793
0.49690961837768555
0.18313273787498474
0.6676195859909058
0.23381657898426056
0.24057641625404358
0.4450998306274414
0.39011234045028687
0.6270333528518677
0.5210162997245789
0.2595648169517517
0.7078883051872253
0.23811788856983185
0.33083173632621765
0.76863694190979
0.4992644190788269
0.12441454827785492
0.3287387490272522
0.5287575125694275
0.3980047106742859
0.32065027952194214
0.388505756855011
0.21825921535491943
0.33882296085357666
0.3245782256126404
0.6702186465263367
0.5030883550643921
0.4767081141471863
0.35680529475212097
0.3829372227191925
0.6793740391731262
0.3930145502090454
0.5396283268928528
0.4738829731941223
0.4131062626838684
0.2867216169834137
0.47674283385276794
0.4429883360862732
0.12825137376785278
0.3556077480316162
0.3817879855632782
0.6885957717895508
0.7248422503471375
0.4537278711795807
0.4002892076969147
0.3232821822166443
0.42830657958984375
0.5257733464241028
0.6882864236831665
0.6467009782791138
0.15291264653205872
0.8708804845809937
0.4599892199039459
0.9382458925247192
0.3581715226173401
0.3324717879295349
0.2490740567445755
0.5734886527061462
0.4786314368247986
0.5456238389015198
0.178018718957901
0.36053889989852905
0.41465726494789124
0.39416611194610596
0.24085240066051483
0.24865517020225525
0.2573046088218689
0.64879310131073
0.34527403116226196
0.2758219540119171
0.5934745073318481
0.20961758494377136
0.37422800064086914
0.49230390787124634
0.54346764087677
0.36211228370666504
0.7749356031417847
0.44443732500076294
0.36967769265174866
0.4473028779029846
0.4755055904388428
0.4167037010192871
0.42972007393836975
0.34193921089172363
0.29683735966682434
0.4617982506752014
0.6895886659622192
0.4546359181404114
0.7533057332038879
0.2441178262233734
0.22596590220928192
0.47759491205215454
0.12792512774467468
0.2890576124191284
0.5428974032402039
0.33256784081459045
0.8723399043083191
0.3122332692146301
0.33254462480545044
0.47854071855545044
0.22246377170085907
0.16654562950134277
0.6409056782722473
0.3669382929801941
0.3814748227596283
0.5350210070610046
0.5693684816360474
0.32478711009025574
0.3876224160194397
0.41487327218055725
0.9228671193122864
0.2211941033601761
0.7952685952186584
0.3802964389324188
0.42469754815101624
0.26783114671707153
0.25063562393188477
0.5297879576683044
0.4969328045845032
0.33644813299179077
0.4300675392150879
0.3147858679294586
0.47516828775405884
0.5783283114433289
0.4918087422847748
0.34500569105148315
0.4903711676597595
0.4284955561161041
0.21800529956817627
1.047048568725586
0.14703431725502014
0.4629831910133362
0.5540115833282471
0.8958867192268372
0.15789082646369934
0.276750773191452
0.6908808946609497
0.4850134253501892
0.19779744744300842
0.4565756320953369
0.30253931879997253
0.3431820273399353
0.6341583132743835
0.5077046751976013
0.28225594758987427
0.7533903121948242
0.5958126187324524
0.3867608904838562
0.6217131018638611
0.2744850516319275
0.6434148550033569
0.19252103567123413
1.029587984085083
0.5022512674331665
0.3231307864189148
0.5946331024169922
0.21145884692668915
0.20772413909435272
0.40037593245506287
0.44289928674697876
0.27021682262420654
0.4371119439601898
0.3902304470539093
0.48394814133644104
0.5759080648422241
0.9820340871810913
0.3664945960044861
0.28257066011428833
0.24665482342243195
0.38899993896484375
0.5702366232872009
0.6332704424858093
0.3077908158302307
0.6255393624305725
0.446880966424942
0.4622080326080322
0.1469690352678299
0.7389439344406128
0.27360787987709045
0.21489393711090088
0.33977317810058594
0.41468945145606995
0.32917165756225586
0.527377724647522
0.41426581144332886
0.8372172117233276
0.24779987335205078
1.0154348611831665
0.3971233367919922
0.36609044671058655
0.15237365663051605
0.5959537625312805
0.2863944470882416
0.5436025261878967
0.3221125602722168
0.40456342697143555
0.5362685918807983
0.4634134769439697
0.2534363567829132
0.5343666076660156
0.6844714879989624
0.2510686218738556
0.25092577934265137
0.7478755712509155
0.3078990876674652
0.5580447316169739
0.6384965777397156
0.4488857388496399
0.23619046807289124
0.6567727327346802
0.357269287109375
0.8505692481994629
0.2635580897331238
0.5041309595108032
0.42570847272872925
0.5232707262039185
0.18615074455738068
0.45987287163734436
0.3328375220298767
0.8768627047538757
0.41218510270118713
0.6379880905151367
0.30280542373657227
0.5408033132553101
0.12103680521249771
0.19916586577892303
0.7947802543640137
0.49375519156455994
0.5176831483840942
0.5494211912155151
0.29131653904914856
0.8937996625900269
0.2809843122959137
0.2111743688583374
0.24589630961418152
0.3259451687335968
0.5160963535308838
0.6199524402618408
0.14868521690368652
0.08846966177225113
0.8621958494186401
0.5133548974990845
0.46675944328308105
0.6035500764846802
0.3218388557434082
0.5751430988311768
0.7200926542282104
0.701216995716095
0.31901049613952637
0.35208967328071594
0.30823999643325806
0.935150146484375
0.6523231863975525
0.3164184093475342
0.3721359372138977
0.4029473662376404
0.173943892121315
0.47597670555114746
0.42816123366355896
0.7308943867683411
0.36423128843307495
0.7908402681350708
0.48863285779953003
0.5647833347320557
0.3162873685359955
0.6701448559761047
0.4165980815887451
0.300846129655838
0.1693863570690155
0.3132403790950775
0.46250271797180176
0.41099420189857483
0.8202190399169922
0.27556008100509644
0.1630515605211258
0.4819992184638977
0.433183491230011
0.1693778932094574
0.3146877884864807
0.2952149212360382
0.9371919631958008
0.3618723154067993
0.8618481755256653
0.30024924874305725
0.5414158701896667
0.5434017181396484
0.3694341480731964
0.5205575823783875
0.17489953339099884
0.7856237292289734
0.5888491868972778
0.5233891606330872
0.25428271293640137
0.6066256165504456
0.33373600244522095
0.9705159068107605
0.5307179689407349
0.4435848593711853
0.29947856068611145
0.2569786012172699
0.6195368766784668
0.380127489566803
0.1586018204689026
0.17516477406024933
0.41607561707496643
0.7031524777412415
0.3932434916496277
0.28977760672569275
0.19635239243507385
0.5263004899024963
0.9258369207382202
0.5850805044174194
0.5969419479370117
0.14637461304664612
0.45328396558761597
0.5587760210037231
0.6607622504234314
0.3722657561302185
0.18371829390525818
0.5493587255477905
0.3914003074169159
0.16522449254989624
0.35907262563705444
0.2013205736875534
0.6034391522407532
0.37187570333480835
0.2050241231918335
0.4568161070346832
0.42465740442276
0.3343667984008789
0.3697909116744995
0.565832257270813
0.30659276247024536
0.172608882188797
0.4431731700897217
0.755813717842102
0.6138977408409119
0.4746467173099518
0.5574362277984619
0.09544618427753448
0.2776201367378235
0.41236448287963867
0.22663287818431854
0.8332394361495972
0.24490074813365936
0.547042727470398
0.20760317146778107
0.4227278232574463
0.43092378973960876
0.3107086420059204
0.2771443724632263
0.8263190984725952
0.46077966690063477
0.7780001759529114
0.21093344688415527
0.37058931589126587
0.5999897718429565
0.5613201260566711
0.6352545022964478
0.8189619779586792
0.48509159684181213
0.20421187579631805
0.4660073220729828
0.7252011299133301
0.25428128242492676
0.44369593262672424
0.39364808797836304
0.3875088691711426
0.6450796723365784
0.23789635300636292
0.2843037247657776
0.4573208689689636
0.22022584080696106
0.48164695501327515
0.6345937848091125
0.290463924407959
0.4606269896030426
0.3302419185638428
0.1690426766872406
0.47650179266929626
0.23189742863178253
0.3552592396736145
0.37394922971725464
0.6839890480041504
0.8301469683647156
0.6232045888900757
0.3216598629951477
1.1574946641921997
0.30547159910202026
0.23699501156806946
0.23977044224739075
0.8567653894424438
0.9984468221664429
0.7472701072692871
0.4748814105987549
0.2044660598039627
0.629610002040863
0.6010724306106567
0.27208176255226135
0.4985012412071228
0.6637793779373169
0.46682876348495483
0.48954281210899353
0.40995097160339355
0.7090684771537781
0.45262956619262695
0.27952274680137634
0.6518524885177612
0.503661572933197
0.9640939831733704
0.292721688747406
0.6416771411895752
0.8660883903503418
0.5679716467857361
0.4578821063041687
0.1634056717157364
0.40811052918434143
0.24776676297187805
0.24120278656482697
0.5888384580612183
0.21378424763679504
0.6226246953010559
0.4637324810028076
0.39732274413108826
0.38103875517845154
0.6136527061462402
0.37727195024490356
0.4359293580055237
0.33293673396110535
0.8954952955245972
0.2823527157306671
0.5600095987319946
0.4555249810218811
0.5897610187530518
0.3003690242767334
0.7517459988594055
0.6168314218521118
0.61004239320755
0.3229740560054779
0.6211937665939331
0.3971880078315735
0.2524526119232178
0.7587465047836304
0.32107028365135193
0.32545381784439087
0.2835158705711365
0.7213209271430969
0.1753777116537094
0.4901583790779114
0.4187787175178528
0.3544710576534271
0.5481953024864197
0.805008590221405
0.33004364371299744
0.38730841875076294
0.38646310567855835
0.3947846293449402
0.3334897756576538
0.36354586482048035
0.5876873135566711
0.41753441095352173
0.5472034215927124
0.45706120133399963
0.39655789732933044
0.598901093006134
0.2729637622833252
0.4272688925266266
0.6002117395401001
0.2227957546710968
0.25610312819480896
0.30278944969177246
0.21262100338935852
0.24328204989433289
0.34102609753608704
0.7314401268959045
0.33335191011428833
0.7433648109436035
0.5259865522384644
0.5732529163360596
0.6813732981681824
0.27160993218421936
0.32439878582954407
0.25025513768196106
0.6321805715560913
0.2679894268512726
0.25180479884147644
0.2235013246536255
0.7969428896903992
0.357687383890152
0.47065168619155884
0.3051612377166748
0.6866582036018372
0.7706870436668396
0.5563966035842896
0.17932595312595367
0.3132932782173157
0.18036510050296783
0.5167482495307922
0.378488689661026
0.28445208072662354
0.4167653024196625
0.2765713036060333
0.510118842124939
0.4891972541809082
0.6328092813491821
0.8017813563346863
0.3581620752811432
0.6613690257072449
0.4777361750602722
1.1370218992233276
0.22092299163341522
0.2502799928188324
0.9718497395515442
0.1854759007692337
0.27946481108665466
0.6546059846878052
0.35332760214805603
0.23739340901374817
0.2931895852088928
0.5325522422790527
0.2597903311252594
1.071567177772522
0.43045514822006226
0.6714922189712524
0.9165436029434204
0.8054506182670593
0.3080389201641083
0.23675498366355896
0.5728814005851746
0.6126464605331421
0.22404655814170837
0.3507419228553772
0.33102676272392273
0.3886638581752777
0.5202893018722534
0.32009682059288025
0.2088431566953659
0.3494766354560852
0.2421729564666748
0.18923576176166534
0.5017054080963135
0.3964631259441376
0.2676672637462616
0.38911932706832886
0.23900945484638214
0.43508854508399963
0.49160638451576233
0.27558237314224243
0.5976045727729797
0.092757448554039
0.18592646718025208
0.5153984427452087
0.23454788327217102
0.5284461379051208
0.47154855728149414
0.2218707799911499
0.2892100214958191
0.18582317233085632
0.8374524116516113
0.41912880539894104
0.5108174085617065
0.3859044015407562
0.7222126126289368
0.09787506610155106
0.4818496108055115
0.23488934338092804
0.10328003019094467
0.4282991886138916
0.3772595524787903
0.2550581991672516
0.49200439453125
0.2696135640144348
0.5577548742294312
0.2819102704524994
0.5071216821670532
0.3001629114151001
0.3016047775745392
0.6995720863342285
0.5695925951004028
0.4697509706020355
0.30517369508743286
0.30326321721076965
0.5977758169174194
0.8448811769485474
0.4685986042022705
0.5872993469238281
0.4230131208896637
0.26297274231910706
0.44072070717811584
0.1676156222820282
0.14697980880737305
0.3598693609237671
0.5191537141799927
0.5144999027252197
0.41774702072143555
0.29115888476371765
0.35481196641921997
0.5512310266494751
0.23123463988304138
0.6215860843658447
0.16947506368160248
0.30830684304237366
0.5239488482475281
0.480823814868927
0.2746148407459259
0.22471964359283447
0.28091442584991455
0.2208716869354248
0.628627598285675
0.20311185717582703
0.28913119435310364
0.462564617395401
0.8287472724914551
0.45381054282188416
0.3891254663467407
0.3310793936252594
0.5769340991973877
0.5749567747116089
0.24176645278930664
0.3432128429412842
0.3184804916381836
0.25110214948654175
0.16972967982292175
0.6432353258132935
0.6862826943397522
0.122444748878479
0.35461050271987915
0.4051585793495178
0.34929317235946655
1.0226445198059082
0.3786947429180145
1.0637767314910889
0.6022002100944519
0.19658143818378448
0.38746005296707153
0.22773444652557373
0.30032992362976074
0.2910991311073303
0.36458998918533325
0.6696706414222717
0.5432153344154358
0.32637137174606323
0.3174865245819092
0.5479937791824341
1.1266566514968872
0.9220675230026245
0.5935913324356079
0.785100519657135
0.7545148134231567
0.38870328664779663
0.2987707257270813
0.4792254567146301
0.3914787471294403
0.46916070580482483
0.5656620264053345
0.4295741021633148
0.31947240233421326
0.5667695999145508
0.4937531054019928
0.8914718627929688
0.41547051072120667
0.5986377596855164
0.4104369282722473
0.6189204454421997
0.5112511515617371
0.41291213035583496
0.316889226436615
0.2891243100166321
0.18784505128860474
0.38172370195388794
0.3490513861179352
0.29576376080513
0.6948877573013306
0.3119353652000427
0.3560033142566681
0.31798040866851807
0.49375900626182556
0.1747608184814453
0.43998590111732483
1.2123976945877075
0.4406518042087555
0.8353028297424316
0.3421899080276489
0.18543289601802826
0.6151430010795593
0.5444357395172119
0.22863784432411194
0.2855672538280487
0.5936160087585449
0.5395719408988953
0.3332918882369995
0.5115616321563721
0.12726683914661407
0.35992926359176636
0.5110582113265991
0.3165603280067444
0.697939395904541
0.4057006239891052
0.21808643639087677
0.30330902338027954
0.1687154322862625
0.6785291433334351
0.5012602210044861
0.5630146265029907
0.464397668838501
0.34158778190612793
0.3751120865345001
0.8609833717346191
0.25716179609298706
0.7265111804008484
0.44878464937210083
0.33021143078804016
0.3722609877586365
0.35966020822525024
0.3020482063293457
0.12420491129159927
0.7033653855323792
0.5270803570747375
0.3201134204864502
0.3714452385902405
0.501435399055481
0.45261722803115845
0.31519588828086853
0.3929906189441681
0.2776455283164978
0.4471198618412018
0.581807017326355
0.4769718647003174
0.486955463886261
0.4958500862121582
0.1477527767419815
1.0261220932006836
0.5033444762229919
0.3619932234287262
0.4921184182167053
0.46317654848098755
0.2307552546262741
0.2523878514766693
0.4196852147579193
0.5706887245178223
0.41756051778793335
0.5747964978218079
0.12468121200799942
0.5076190233230591
0.8297567367553711
0.25731736421585083
0.18744312226772308
0.3713300824165344
0.4924514889717102
0.32303234934806824
0.3084653913974762
0.308152973651886
0.4231696128845215
1.0370961427688599
0.32011136412620544
0.08580654859542847
0.20737013220787048
0.8582136034965515
0.3994465470314026
0.355236679315567
0.3634447455406189
0.8034569621086121
0.9782689213752747
0.9007293581962585
0.2563702464103699
0.36174342036247253
0.250687837600708
0.49055996537208557
0.44892993569374084
0.3008696436882019
0.6885384321212769
0.9934509992599487
0.431602418422699
0.5760469436645508
0.4668509066104889
0.9936248660087585
0.7232376337051392
0.3977643549442291
0.6808909177780151
0.3049734830856323
0.468181848526001
0.5096769332885742
0.3649049401283264
0.9993115663528442
0.2965060770511627
0.4662202000617981
0.32351964712142944
0.2309756577014923
0.32352179288864136
0.5416565537452698
0.23613083362579346
0.3477470874786377
0.2992837429046631
0.34022730588912964
0.976361870765686
0.2852920591831207
0.5745879411697388
0.3417426347732544
0.14900262653827667
0.3520748019218445
0.270384818315506
0.5539246201515198
0.5712165832519531
0.42493000626564026
0.6273876428604126
0.3686273992061615
0.5355359315872192
0.3513795733451843
0.7950931787490845
0.41897720098495483
0.6932919025421143
0.7779378294944763
0.38929587602615356
0.20846135914325714
0.4176445007324219
0.6294749975204468
0.4881998896598816
0.2864876091480255
0.7027842402458191
0.4415770173072815
0.2623659372329712
0.6420336961746216
0.2822412848472595
0.5933539867401123
0.7738872766494751
0.40821409225463867
0.3959083557128906
0.29282861948013306
0.20126572251319885
0.7018987536430359
0.6834511756896973
0.34305500984191895
0.599866509437561
0.44581809639930725
0.5833147764205933
0.1941138207912445
0.2564104199409485
0.5208405256271362
0.3878760039806366
1.397268533706665
0.6037755012512207
0.4334850311279297
0.4458864629268646
0.4035521447658539
0.8621072769165039
0.5190864205360413
0.45936307311058044
0.5860109329223633
0.22883152961730957
0.33666369318962097
0.7541831135749817
0.7062000036239624
0.34280824661254883
0.2675977349281311
0.4332292675971985
0.8919556736946106
0.6370319128036499
0.5286241769790649
0.32254111766815186
0.42230740189552307
0.42967361211776733
0.5248603224754333
0.37751585245132446
0.5413786172866821
0.3639702796936035
0.2930336594581604
0.7267402410507202
0.44075140357017517
0.5492628812789917
0.17705145478248596
0.617967963218689
0.7358057498931885
0.5412641763687134
0.9351106882095337
0.5216310620307922
0.35577136278152466
0.4782392382621765
0.48617011308670044
0.29831042885780334
0.24195627868175507
0.5957279801368713
0.4836673140525818
0.2530592381954193
0.45502614974975586
0.2537245750427246
0.41919881105422974
0.5301981568336487
0.601826548576355
0.7921746969223022
0.3781068027019501
0.45164260268211365
0.427633672952652
0.39327436685562134
0.24792389571666718
0.7127674221992493
0.4691223204135895
0.7168064117431641
0.2915117144584656
0.23319320380687714
0.32395797967910767
0.21548542380332947
0.15656161308288574
0.34833818674087524
0.2890210747718811
0.18295913934707642
0.3072373867034912
0.1794489324092865
0.5272220373153687
0.367004930973053
0.47975611686706543
0.4159255921840668
0.39901140332221985
0.736744225025177
0.513956606388092
0.40170159935951233
0.6343317031860352
0.17197272181510925
0.49143916368484497
0.39167213439941406
0.5403878688812256
0.4874393045902252
0.24414090812206268
0.41004252433776855
0.6167420148849487
0.31772536039352417
0.5026284456253052
0.12648062407970428
0.4200347363948822
0.8232574462890625
0.2937282919883728
0.5002104043960571
0.6741581559181213
0.24113480746746063
0.4889415204524994
0.4651171565055847
0.21971070766448975
0.29045647382736206
0.3954952359199524
0.38354289531707764
0.45485273003578186
0.357605904340744
0.8315471410751343
0.49488991498947144
0.3837519884109497
0.30581068992614746
0.40679484605789185
0.38401493430137634
0.4297187924385071
0.6764696836471558
0.2774389684200287
0.43812456727027893
0.12142238765954971
0.5831280946731567
1.0889426469802856
0.35388490557670593
0.29215505719184875
0.25310784578323364
0.3564339280128479
0.22553865611553192
0.39994651079177856
0.30491071939468384
0.49091944098472595
0.4220585823059082
0.3894183933734894
0.49365100264549255
0.49564027786254883
0.15383271872997284
0.46860775351524353
0.5418545007705688
0.3542559742927551
0.3757331967353821
0.7042728662490845
0.3273499608039856
0.7204158902168274
0.32983478903770447
0.5562030076980591
0.37390390038490295
0.5274748802185059
0.20096556842327118
0.4386444687843323
0.7431004643440247
0.7400924563407898
0.4305395483970642
0.08767633885145187
0.3072412610054016
0.3331376016139984
0.2947196662425995
0.5464655756950378
1.1941981315612793
0.35971513390541077
0.12409237772226334
0.43877434730529785
0.27236810326576233
0.35473573207855225
0.7548834681510925
0.38014402985572815
0.32980501651763916
0.5204996466636658
0.3492027223110199
0.9235166311264038
0.5780407190322876
0.4196423888206482
0.5041608810424805
0.958320140838623
0.6925889253616333
0.32854872941970825
0.8978875279426575
0.13468806445598602
0.1577117145061493
0.49839505553245544
0.41563716530799866
0.41575106978416443
0.23253342509269714
0.4436776041984558
0.09522988647222519
0.5722190141677856
0.33297020196914673
0.2641482949256897
0.28873947262763977
0.44509726762771606
0.3650584816932678
0.5767555236816406
0.0927419438958168
0.38116976618766785
0.2248145043849945
0.4607722759246826
0.5597828030586243
0.37359243631362915
0.40959158539772034
0.1851925551891327
0.6007432341575623
0.399493545293808
0.28100594878196716
0.9560304880142212
0.27713853120803833
0.495378315448761
0.1923101395368576
0.5075775980949402
0.1525745689868927
0.6026517748832703
0.4832284450531006
0.42065685987472534
0.3585236072540283
0.15514631569385529
0.3931286036968231
0.4205642640590668
0.4928935170173645
0.5330151915550232
0.3341923952102661
0.23105409741401672
0.8593646287918091
0.5975496768951416
0.42553749680519104
0.309937059879303
0.2729640603065491
1.2031114101409912
0.4571602940559387
0.4220775067806244
0.38599035143852234
0.3161763548851013
0.28156715631484985
0.5023885369300842
0.6478911638259888
0.7214894890785217
0.38238221406936646
0.2796952724456787
0.8019286394119263
0.44034942984580994
0.7851662039756775
0.3942731022834778
0.503860354423523
0.15965917706489563
0.4208361506462097
0.3738270401954651
0.40400972962379456
0.5583729147911072
0.5334607362747192
0.21489259600639343
0.5141273736953735
0.4243902266025543
0.398525208234787
0.438828706741333
0.1929682344198227
0.8281502723693848
0.8182158470153809
0.20067977905273438
0.33057305216789246
0.2691363990306854
0.33609479665756226
0.3229433000087738
0.5630678534507751
0.306551069021225
0.42709869146347046
0.20400619506835938
0.3661251962184906
0.28779372572898865
0.4728909134864807
0.42258548736572266
0.4008267819881439
0.19929294288158417
0.3573853373527527
0.2660622000694275
0.17240974307060242
0.43923497200012207
0.43301495909690857
0.7690023183822632
0.2948334217071533
0.14611729979515076
0.4840351939201355
0.3301113247871399
1.213913917541504
0.478865385055542
0.6515992283821106
0.24441289901733398
0.3391956090927124
0.35728761553764343
0.19266651570796967
0.29117509722709656
0.41046828031539917
0.5372442603111267
0.42198365926742554
0.3378539979457855
0.4279901087284088
0.5076638460159302
0.7412975430488586
0.18937630951404572
0.1550091803073883
0.7208453416824341
0.43589162826538086
0.9459603428840637
0.5253143310546875
0.5876461267471313
0.166727215051651
0.9321730732917786
0.3334702253341675
0.25782909989356995
0.35345250368118286
0.08327220380306244
0.28568750619888306
0.23095758259296417
0.43153277039527893
0.40381965041160583
0.21533668041229248
0.45242661237716675
0.5124225616455078
0.45715099573135376
0.32758304476737976
0.3806658983230591
0.2411365509033203
0.3512569069862366
0.16528144478797913
0.29016560316085815
0.3113328218460083
0.20743457973003387
0.8599947690963745
0.5349143743515015
0.8928760290145874
0.5114532113075256
0.278313547372818
0.5230111479759216
0.6824050545692444
0.7918874025344849
0.33990350365638733
0.8193274736404419
0.23125359416007996
0.2605501711368561
0.3735042214393616
0.4210154414176941
0.10321027040481567
0.36823979020118713
0.4169631898403168
0.5492556095123291
0.4458011984825134
0.8788444399833679
0.39044708013534546
0.4522489607334137
0.5460456609725952
0.6056298613548279
0.5450201630592346
0.23896090686321259
0.6148544549942017
0.4164229929447174
0.12124930322170258
0.25953513383865356
0.36448875069618225
0.43941783905029297
0.4372040331363678
0.32978349924087524
0.27155429124832153
0.8862811326980591
0.27379724383354187
0.4022356867790222
0.49776166677474976
0.34859800338745117
0.3990352749824524
0.9152196645736694
0.2573438286781311
0.4152463972568512
0.3240947723388672
0.81145840883255
0.5048627257347107
0.8960247039794922
0.49674662947654724
0.6502129435539246
0.24549517035484314
0.3664882183074951
0.850845456123352
0.26884976029396057
0.28977489471435547
0.681387722492218
0.3165282607078552
0.5180532336235046
0.43009501695632935
0.5321992635726929
0.8172661662101746
0.4247818887233734
0.4536014497280121
0.21542763710021973
0.6594646573066711
0.3760175406932831
0.7271150350570679
0.12086229026317596
0.4516545236110687
0.29776227474212646
0.15786246955394745
0.3888982832431793
0.436847060918808
0.35035568475723267
0.5477521419525146
0.3749222755432129
0.3382543921470642
0.31533557176589966
0.24375660717487335
0.15872988104820251
0.5470150709152222
0.7504531145095825
0.27364540100097656
0.6576319932937622
0.6304548382759094
0.6308499574661255
0.30352869629859924
0.3713299632072449
0.6006271243095398
0.2506679892539978
0.6115058660507202
0.13797934353351593
0.4567829668521881
0.2470075786113739
0.4398936331272125
0.5129974484443665
0.45763978362083435
0.38522034883499146
0.5002316236495972
0.31177961826324463
0.603340208530426
0.6200051307678223
0.48503512144088745
0.4658241271972656
0.5172370672225952
0.5197035670280457
0.21128956973552704
0.5068616271018982
0.5344241261482239
0.11186952888965607
1.1990182399749756
0.471088171005249
0.8755714297294617
0.2480950653553009
0.3812772035598755
0.42992669343948364
0.2798919379711151
0.4384616017341614
0.11777013540267944
0.422020822763443
0.6564418077468872
0.32164350152015686
0.693505048751831
0.42244505882263184
0.3768690228462219
0.39970600605010986
0.3854603171348572
0.5251790881156921
0.3047841489315033
0.4469946026802063
0.48810291290283203
0.6999366879463196
0.5938400030136108
0.18653203547000885
0.3955821394920349
0.43366265296936035
0.45921000838279724
0.5388913750648499
0.37260502576828003
0.8214817047119141
0.4257027208805084
0.39163750410079956
0.36452752351760864
0.2818901240825653
0.18565812706947327
0.48012009263038635
0.5020934343338013
0.386217325925827
0.3911324441432953
0.17075993120670319
0.48192352056503296
0.36530670523643494
0.5952230095863342
0.6865665316581726
0.5392975211143494
0.44311872124671936
0.3490484356880188
0.39502206444740295
0.5105754137039185
0.3863353431224823
0.6081317067146301
0.6811031699180603
0.3708967864513397
0.30936819314956665
0.272453248500824
0.16269156336784363
0.4134472906589508
0.6750115156173706
0.671288788318634
0.5059509873390198
0.636950671672821
0.7249101400375366
0.7447560429573059
0.35390669107437134
0.3823015093803406
0.38249295949935913
0.30570295453071594
0.16573618352413177
0.3684372901916504
0.2763703465461731
0.28485336899757385
0.2985191345214844
0.35738906264305115
0.39639320969581604
0.6342340111732483
0.3793170154094696
1.109633207321167
0.7701771259307861
1.0171202421188354
0.4632590413093567
0.37440019845962524
0.3360801339149475
0.22524113953113556
0.7117504477500916
0.22439055144786835
0.529205858707428
0.7335931658744812
0.04009975865483284
0.27780309319496155
0.49347788095474243
0.601570188999176
0.22574147582054138
0.45367223024368286
0.47199052572250366
0.3666284382343292
0.36987948417663574
0.2182813137769699
0.4558451175689697
0.26408225297927856
0.3124721944332123
0.3335656225681305
0.3244604766368866
0.4990585744380951
0.40576234459877014
0.36987125873565674
0.2923390865325928
0.2576046884059906
0.5920321941375732
0.1498020589351654
0.263310968875885
0.19396281242370605
0.266288697719574
0.21411840617656708
0.4768373370170593
0.14465592801570892
0.1504538357257843
0.28619006276130676
0.6227360367774963
0.1274023801088333
0.45610180497169495
0.30343738198280334
0.30408671498298645
0.4089876711368561
0.33920738101005554
0.22487397491931915
0.1947973668575287
0.6053979396820068
0.583298921585083
0.3665715754032135
0.3278338611125946
0.5317308306694031
0.14237621426582336
0.33657604455947876
0.44601577520370483
0.6678359508514404
0.6462584733963013
0.4056181311607361
0.5798006057739258
0.7558391690254211
0.4978954792022705
0.43744540214538574
0.44245100021362305
0.47610825300216675
0.5878312587738037
0.8576048016548157
0.5108566284179688
0.6455309987068176
0.25126466155052185
0.6917327642440796
0.5773072838783264
0.6340392827987671
0.30388203263282776
0.9619095921516418
0.6199616193771362
0.6690529584884644
0.1982894390821457
0.47944751381874084
0.7563742399215698
0.20383405685424805
0.46316298842430115
0.4491952359676361
0.7383079528808594
0.24369442462921143
0.4124639630317688
0.4132707118988037
0.4440385401248932
0.6463916897773743
0.47352275252342224
0.2528865337371826
0.5296931266784668
0.7632268667221069
0.29897069931030273
0.19968828558921814
0.511086106300354
0.30197304487228394
0.412850946187973
0.2584596872329712
0.49346303939819336
0.49418172240257263
0.46412500739097595
0.30459240078926086
0.4587692320346832
0.43861788511276245
0.15084052085876465
0.6215825080871582
0.43360528349876404
0.6082764863967896
0.3358333110809326
0.4178747236728668
0.35935264825820923
0.47966837882995605
0.29020005464553833
0.4705905318260193
0.473533570766449
0.47212257981300354
0.9012085199356079
0.4584382176399231
0.3035147190093994
0.2517223656177521
0.5664313435554504
0.31702837347984314
0.42390114068984985
0.2487858235836029
0.47372275590896606
0.5206314921379089
0.5042876601219177
0.722253680229187
0.2937183380126953
0.3947257399559021
0.11864888668060303
0.2679608464241028
0.40483981370925903
0.3649810552597046
0.7851938009262085
0.3742775321006775
0.5499227643013
0.17105524241924286
0.42997512221336365
0.45741724967956543
0.32285064458847046
0.2597680687904358
0.25381213426589966
0.5294583439826965
0.3431716561317444
0.4323074221611023
0.4357210099697113
0.5613016486167908
0.10615141689777374
0.32784444093704224
0.5396683812141418
0.5122012495994568
0.5743892192840576
0.5430159568786621
0.4916122853755951
0.2630167603492737
0.16592110693454742
0.46490827202796936
0.40363210439682007
0.19186261296272278
0.4501715302467346
0.3813629746437073
0.48767906427383423
0.5951306223869324
0.4608209729194641
0.36908161640167236
0.29407382011413574
0.42142564058303833
0.8572098016738892
0.24939437210559845
0.46537455916404724
0.4031895697116852
0.2504138946533203
0.43354663252830505
0.5371761918067932
0.3832942545413971
0.3802948594093323
0.32789814472198486
0.4684521555900574
0.5084030628204346
0.20709316432476044
0.3249261975288391
0.23498272895812988
0.8686624765396118
0.3728552758693695
0.35493582487106323
0.8523616790771484
0.7673962116241455
0.25989100337028503
0.33782392740249634
0.5498613119125366
0.6050220131874084
0.33936721086502075
0.38262900710105896
0.1520320177078247
0.2558003067970276
0.485651433467865
0.6631053686141968
0.43075376749038696
0.8834860920906067
0.2960604429244995
0.5421385765075684
0.49294281005859375
0.45115986466407776
0.4022406041622162
0.3851892352104187
0.33793163299560547
0.3265814185142517
0.23029103875160217
0.7267819046974182
0.49082714319229126
0.34291404485702515
0.38698095083236694
0.38491079211235046
0.5302554368972778
0.6458860635757446
0.46816402673721313
0.41897669434547424
0.4100166857242584
0.6908887624740601
0.3953723907470703
0.19340622425079346
0.39302778244018555
0.526760458946228
0.30826783180236816
0.5107344388961792
0.1058901995420456
0.6659707427024841
0.5161229968070984
0.6839959025382996
0.40568119287490845
0.5336335897445679
0.5094116926193237
0.41590848565101624
0.3403601050376892
0.6595933437347412
0.24300284683704376
0.468921959400177
0.4894413352012634
0.35890910029411316
0.42943477630615234
0.49639979004859924
0.47906655073165894
0.4409456253051758
0.2771121561527252
0.26986587047576904
0.8573075532913208
0.6579747200012207
1.1929147243499756
0.514724612236023
0.26031655073165894
0.7741750478744507
0.28055375814437866
0.5151750445365906
0.48289045691490173
0.18897874653339386
0.5716117024421692
0.3319501578807831
0.3916264772415161
0.2974863648414612
0.3154751658439636
0.34198468923568726
0.21319298446178436
0.5482461452484131
0.5152265429496765
0.14417901635169983
0.6976659297943115
0.10434355586767197
0.46407079696655273
0.13710474967956543
0.40409988164901733
0.7010476589202881
0.3434775471687317
0.4220288395881653
0.48366355895996094
0.7356137633323669
0.2783219516277313
0.5669914484024048
0.3610244691371918
0.47621598839759827
0.576922595500946
0.3967771530151367
0.3386652171611786
0.46509677171707153
0.5359922051429749
0.5745814442634583
0.29169973731040955
0.2871868908405304
0.25970757007598877
0.5840924978256226
0.3668856918811798
1.1477140188217163
0.5311736464500427
0.6455668807029724
0.450671911239624
0.7759588360786438
0.47751837968826294
0.17969752848148346
0.5118597745895386
0.18749627470970154
0.3490217626094818
0.2548885941505432
0.49651408195495605
0.2857910394668579
0.3435201048851013
0.39685362577438354
0.16476371884346008
0.4556584358215332
0.3938298523426056
0.16564114391803741
0.3582678437232971
0.14270204305648804
0.4506797194480896
0.7756983041763306
0.4024982452392578
0.6978275179862976
0.5131542682647705
0.46417349576950073
0.3854040205478668
0.3375420868396759
0.2860127389431
0.48180651664733887
0.3034442663192749
0.4596574306488037
0.5363801121711731
0.4727076590061188
0.5466521382331848
0.2864960730075836
0.15354962646961212
0.3859308063983917
0.7742311358451843
0.24838614463806152
0.235286682844162
0.44169139862060547
0.2644004225730896
0.6460376977920532
0.4210832118988037
0.38679593801498413
0.7196429371833801
0.2936866879463196
0.3553791046142578
0.9656617045402527
0.21084335446357727
0.5115410089492798
0.36850506067276
0.2125280201435089
0.6618452072143555
0.3214060068130493
0.3088639974594116
0.7549078464508057
0.12241377681493759
0.19929048418998718
0.14735664427280426
0.2380135953426361
0.9448031187057495
0.5629009008407593
0.23276296257972717
0.21803489327430725
0.3252059817314148
0.4196365773677826
0.7792721390724182
0.4117096960544586
0.3406948149204254
0.17916986346244812
0.26833024621009827
0.6143338680267334
0.30829864740371704
0.4011175036430359
0.4236370921134949
0.16110238432884216
0.2811996042728424
0.639680027961731
0.4540333151817322
0.49182724952697754
0.6975048780441284
0.7327978610992432
0.5048202872276306
0.08548074215650558
0.20736733078956604
0.994384765625
0.47254323959350586
0.32936182618141174
0.6747235059738159
0.42306622862815857
0.20453107357025146
0.4058271050453186
0.5448555946350098
0.5057544112205505
0.38476628065109253
0.2830485999584198
0.7603920698165894
0.26968666911125183
0.41294413805007935
0.20476993918418884
0.7248077988624573
0.8796781301498413
0.8285515904426575
0.6927006244659424
0.1949840486049652
0.30059972405433655
0.3182325065135956
0.315192848443985
0.45133066177368164
0.5167691111564636
0.32380884885787964
0.45069533586502075
0.3714562952518463
0.38354840874671936
0.19879844784736633
0.7377971410751343
0.7628678679466248
0.33205148577690125
0.7145164608955383
0.44848132133483887
0.4673541188240051
0.35466092824935913
0.3511340320110321
0.9835590124130249
0.2880244851112366
0.4251583516597748
0.45591822266578674
0.44696617126464844
0.5776797533035278
0.5554868578910828
0.5055103302001953
0.4550754129886627
0.6089125871658325
0.48689836263656616
0.4727803170681
0.30820053815841675
0.12473937124013901
0.5999138355255127
0.40527695417404175
0.378368079662323
0.26556017994880676
0.6670486330986023
0.2107039988040924
0.33410021662712097
0.3602588176727295
0.6930190324783325
0.6666850447654724
0.2023707628250122
0.45498594641685486
0.41692280769348145
0.20115116238594055
0.19712963700294495
0.5243938565254211
0.48450222611427307
0.1919431835412979
0.37677112221717834
0.3065696060657501
0.3304044306278229
0.24933545291423798
0.30290859937667847
0.25502559542655945
0.26292774081230164
0.2875622510910034
0.2796474099159241
0.8316248655319214
0.6940024495124817
0.23441949486732483
0.2773500084877014
0.5096701383590698
0.3666708767414093
0.5207008123397827
0.36094993352890015
0.47465747594833374
0.23227302730083466
0.24346300959587097
0.1702258288860321
0.7658844590187073
0.6717464923858643
0.6845120191574097
0.6298825740814209
0.4520677924156189
0.47215181589126587
0.4706917703151703
0.4069134294986725
0.27156656980514526
0.6445807218551636
0.4373689591884613
0.5899558663368225
0.6611799001693726
0.670749843120575
0.6693518161773682
0.3271191120147705
0.45767655968666077
0.4119977355003357
0.2868139147758484
0.39009156823158264
0.43274983763694763
0.4034082889556885
0.4271976351737976
0.26546400785446167
0.4258750379085541
0.20585660636425018
0.2626117169857025
0.623589813709259
0.40152835845947266
0.5998176336288452
0.5019921660423279
0.4514855742454529
0.3977534770965576
0.31823480129241943
0.544162929058075
0.5202478766441345
0.5113939642906189
0.3112981915473938
0.8246482014656067
0.46874943375587463
0.42130619287490845
0.6788159608840942
0.44968804717063904
0.45348697900772095
0.2406444549560547
0.18957224488258362
0.6396018266677856
0.3580673933029175
0.6090915203094482
0.6292376518249512
0.419910192489624
0.26279574632644653
0.2754390835762024
0.18079327046871185
0.6423238515853882
0.4501133859157562
0.5964593291282654
0.36768195033073425
0.2457878291606903
0.5186198949813843
0.19993995130062103
0.2718215584754944
0.3575381934642792
0.5166569352149963
0.30588802695274353
0.19080959260463715
0.30804386734962463
0.7244277000427246
0.23784515261650085
0.5746136903762817
0.5528958439826965
0.2645641267299652
0.4038031995296478
0.5469241738319397
0.3838178217411041
0.9870532155036926
0.4591377377510071
0.4290902018547058
0.2764558494091034
0.5102959871292114
0.46481791138648987
0.8823917508125305
0.41534799337387085
0.2863048017024994
0.3813909888267517
0.2555214762687683
0.6664801836013794
0.3606056571006775
0.4357542395591736
0.7534085512161255
0.3863791823387146
0.07668819278478622
0.44662928581237793
0.21357157826423645
0.6711148023605347
0.2275228053331375
0.7182803750038147
0.5222027897834778
0.4586874842643738
0.18071052432060242
0.8776768445968628
0.29939839243888855
0.3731418251991272
0.3465043902397156
0.6398265361785889
0.4178382456302643
0.7705285549163818
0.3483869731426239
0.22951431572437286
0.611086905002594
0.3025800585746765
0.6111053228378296
0.3911956548690796
0.32435378432273865
0.45882678031921387
0.35644859075546265
0.47114014625549316
0.362801194190979
0.5495484471321106
0.5909006595611572
0.4855710566043854
0.398790180683136
0.2497865855693817
0.3242231011390686
0.3227154612541199
0.10874170064926147
0.23698797821998596
0.3572543263435364
0.4469223916530609
0.4798301160335541
0.6082082986831665
0.4650942385196686
0.28084325790405273
0.4943920075893402
1.081183671951294
0.35048773884773254
0.21814970672130585
0.2626410722732544
0.4201025366783142
0.31236889958381653
0.3506562411785126
0.2693193554878235
0.5155473351478577
0.3832778334617615
0.2779838442802429
0.5319979190826416
0.4227735996246338
0.49273085594177246
0.4139936566352844
0.18608005344867706
0.06526367366313934
0.9937755465507507
0.41999736428260803
0.28149300813674927
0.42536014318466187
0.3196117877960205
0.29124221205711365
0.6375911235809326
0.5112569332122803
0.6958459615707397
0.35697340965270996
0.5575793385505676
0.8135808706283569
0.977480411529541
0.2653656303882599
0.4084838330745697
0.1485486924648285
0.7381035685539246
0.25694677233695984
0.8148371577262878
0.8757065534591675
0.43225017189979553
0.6607149243354797
0.8132392168045044
0.5213630795478821
0.5699912905693054
0.46620529890060425
0.3144349753856659
0.35568225383758545
0.21567842364311218
0.6632858514785767
0.4707201421260834
0.17471668124198914
0.1822175532579422
0.32569020986557007
0.5504487752914429
0.298604279756546
0.4157191216945648
0.3394991159439087
0.7360946536064148
0.508500874042511
0.15735304355621338
0.42955493927001953
0.6159330606460571
0.48786401748657227
0.7787031531333923
0.22539286315441132
0.5007843375205994
0.8112303018569946
0.47461143136024475
0.3707810044288635
0.6544483304023743
0.7234076857566833
0.6131239533424377
0.3820616602897644
0.5561724901199341
0.4590376317501068
0.23472411930561066
0.4389123320579529
1.000352382659912
0.1850946843624115
0.5470350980758667
0.33782750368118286
0.47792068123817444
0.38900575041770935
0.8805384635925293
0.824915885925293
0.5383394956588745
0.221917062997818
0.35530510544776917
0.4057478904724121
0.4382748603820801
0.3099796175956726
0.7583974599838257
0.41809430718421936
0.26103466749191284
0.4820781648159027
0.4684952199459076
0.46971696615219116
0.609392523765564
0.3132907748222351
0.2748512029647827
0.5707433223724365
1.0584039688110352
0.12739251554012299
0.5763680934906006
0.5437397956848145
0.38486048579216003
0.4406239092350006
0.42204147577285767
0.3607698082923889
0.39991074800491333
0.60175621509552
0.6064153909683228
0.1410072147846222
1.1977336406707764
0.5324549674987793
0.6528738737106323
0.18063119053840637
0.18056336045265198
0.3431087136268616
0.49651533365249634
0.80748051404953
0.4994003176689148
0.5642757415771484
0.4214613437652588
0.8372945785522461
0.304261714220047
0.8211784362792969
0.3719927668571472
0.40814417600631714
0.5404678583145142
0.31753700971603394
0.34529656171798706
0.4445076882839203
0.08873899281024933
0.21723422408103943
0.6990160346031189
0.2881559431552887
0.2879500985145569
0.41955727338790894
0.4130541682243347
0.41163915395736694
0.26499196887016296
0.14449238777160645
0.619670033454895
0.6171380281448364
0.3682308495044708
0.48546284437179565
0.24495241045951843
0.5805536508560181
0.2425898015499115
0.46993714570999146
0.9969135522842407
0.40591341257095337
0.42659178376197815
0.7482006549835205
0.6911884546279907
0.38166114687919617
0.6792374849319458
0.2794359028339386
0.5594919919967651
0.26989662647247314
0.28075599670410156
0.4190977215766907
0.6046847105026245
0.901596188545227
0.48686689138412476
0.2547355890274048
0.913581371307373
0.2834950089454651
0.35673028230667114
0.34696733951568604
0.21159020066261292
0.6915265917778015
0.6549510955810547
0.4038785398006439
0.60118567943573
0.21482351422309875
0.466722309589386
0.3393000662326813
0.8859513998031616
0.33892008662223816
0.21816737949848175
0.31015074253082275
0.20308594405651093
0.09024380147457123
0.3895804286003113
0.6933192014694214
0.14957104623317719
0.19466473162174225
0.43919068574905396
0.5144198536872864
0.7689916491508484
0.4575665593147278
0.7381622791290283
0.4338262677192688
0.33842578530311584
0.555790901184082
0.416699081659317
0.44362515211105347
0.5771806836128235
0.6088422536849976
0.1774534285068512
0.5848187208175659
0.3077881932258606
0.49733081459999084
0.3287951350212097
0.5962167978286743
0.35798802971839905
0.5886437296867371
0.6694082617759705
0.49012136459350586
0.3172452747821808
0.37523001432418823
0.5018675923347473
0.2458631694316864
0.3929693400859833
0.5759259462356567
0.5510576963424683
0.43599557876586914
0.23335042595863342
0.2908386290073395
0.4930194020271301
0.6810929179191589
0.2967645227909088
0.19272230565547943
0.7768703103065491
0.15467621386051178
0.3884253203868866
0.8376339077949524
0.40742936730384827
0.3777009844779968
0.4053400158882141
0.3484325408935547
0.6332666277885437
0.5122697949409485
0.7372697591781616
0.42928022146224976
0.3439568281173706
0.33143413066864014
0.542965829372406
0.302069753408432
0.5659630298614502
0.6098080277442932
0.44139528274536133
0.24033001065254211
0.3002830743789673
0.6234313249588013
0.16537536680698395
0.35937589406967163
0.5397544503211975
0.2947362959384918
0.3872922360897064
0.6683312654495239
0.3574441373348236
0.4720460772514343
0.2466394454240799
0.47947531938552856
0.27108508348464966
0.334338515996933
0.49011310935020447
0.28941118717193604
0.46174368262290955
0.15548613667488098
0.5631534457206726
0.37699565291404724
0.6660794019699097
0.17561045289039612
0.6098986864089966
0.6618751287460327
0.29234233498573303
0.5979923605918884
0.3517027199268341
0.5176190137863159
0.7782108783721924
0.4387422204017639
0.26468342542648315
0.41410255432128906
0.17623618245124817
0.27428942918777466
0.3781265616416931
0.3780915141105652
0.4978480339050293
0.4522453248500824
0.26128196716308594
0.32509109377861023
0.29372090101242065
0.35324278473854065
0.23964574933052063
0.5448923707008362
0.6129364967346191
0.48462003469467163
0.4525013864040375
0.3526971936225891
0.7470276951789856
0.4293847978115082
0.3990282118320465
0.5008914470672607
0.07825568318367004
0.6113975048065186
0.2615245282649994
0.30941495299339294
0.7703070640563965
0.2982410788536072
0.26342642307281494
0.48381298780441284
0.5988916158676147
0.6757165193557739
0.5823183059692383
0.3970722556114197
0.6790960431098938
0.7566695213317871
0.26913923025131226
0.4457932114601135
0.37906092405319214
0.6761128306388855
0.9502658843994141
0.35271382331848145
0.33382606506347656
0.43988943099975586
0.7980421185493469
0.46865829825401306
0.27545079588890076
0.0731225237250328
0.40760207176208496
0.2864144444465637
0.297293484210968
0.9445884823799133
0.5020252466201782
0.49624791741371155
1.2763378620147705
0.7551904916763306
0.12525290250778198
0.4289483428001404
0.20329901576042175
0.3241231143474579
0.46397098898887634
0.6292513608932495
0.11536260694265366
0.2277107685804367
0.6793776750564575
0.391467422246933
0.44156545400619507
0.32240259647369385
0.5087591409683228
0.48787394165992737
0.32212749123573303
0.3372187614440918
0.28867271542549133
1.051517367362976
0.5453476309776306
0.5805609226226807
0.43230995535850525
0.283555269241333
0.7792090177536011
0.3364582359790802
0.23545312881469727
0.41878241300582886
0.38774460554122925
0.315470814704895
0.7365581393241882
0.596397876739502
0.4969553053379059
0.5468320846557617
0.5402289628982544
0.3597307801246643
0.5522739887237549
0.4795331060886383
0.30151113867759705
0.6197122931480408
0.6419996023178101
0.3360864222049713
0.32789742946624756
0.3909171223640442
0.5822583436965942
0.2346607744693756
0.5584999322891235
0.37443456053733826
0.479173481464386
0.39900046586990356
0.3142816722393036
0.6081104278564453
0.446768194437027
0.3929619789123535
0.4457941949367523
0.329058438539505
0.610172688961029
0.6715956330299377
0.1639709174633026
0.6236717104911804
0.2384045571088791
0.41311344504356384
0.2517356872558594
0.1937563717365265
0.4061736464500427
0.25950849056243896
0.3882734775543213
0.40990298986434937
0.25638699531555176
0.15735383331775665
0.6639814972877502
0.1979217827320099
0.5475867390632629
0.5534961223602295
1.0688872337341309
0.494101345539093
0.46180543303489685
0.28585928678512573
0.4096549451351166
0.4708762764930725
0.4660029411315918
0.6790180206298828
0.21041417121887207
0.4328151345252991
0.23834022879600525
0.48904481530189514
0.4645829200744629
0.7267113924026489
0.4731923043727875
0.4231078028678894
0.3661474287509918
0.2659032344818115
0.46549543738365173
0.6376893520355225
0.534512996673584
0.2630278170108795
0.2761078476905823
0.47181177139282227
0.3889385461807251
0.6591609716415405
0.6440631151199341
0.9130330085754395
0.21260206401348114
0.693191647529602
0.4212302565574646
0.3404412567615509
0.21209755539894104
0.10793597996234894
0.6607804894447327
0.2697605490684509
0.39440271258354187
0.41002121567726135
0.5856795310974121
0.5399999618530273
0.9315059781074524
0.06763539463281631
0.34956955909729004
0.45955270528793335
0.18586166203022003
0.3920593857765198
0.6948744058609009
0.43346136808395386
0.42885270714759827
0.17083144187927246
0.136381134390831
0.1782427430152893
0.31249159574508667
0.21215514838695526
0.4385294020175934
0.2892463803291321
0.26117855310440063
0.27881091833114624
0.38035619258880615
0.46751469373703003
0.2955327332019806
0.35381895303726196
0.2824832499027252
0.3260050415992737
0.325092077255249
0.4605333209037781
0.5092074275016785
0.29630953073501587
0.531989336013794
0.7734470367431641
0.5127984881401062
0.25464072823524475
0.22166121006011963
0.9687393307685852
0.3389971852302551
0.7046037316322327
0.5611674785614014
0.39706742763519287
0.425793319940567
0.38176411390304565
0.36755552887916565
0.423693984746933
0.3492518663406372
0.2833511531352997
0.28794118762016296
0.3687164783477783
0.6162482500076294
0.770098090171814
0.43959054350852966
0.35075753927230835
0.35649654269218445
0.3848291039466858
0.8259574174880981
0.25915712118148804
0.27486175298690796
0.29223835468292236
0.4163752496242523
0.3098719120025635
0.35987746715545654
0.49647098779678345
0.9766243100166321
0.35210561752319336
0.3401567041873932
0.6454632878303528
0.5160888433456421
0.33749741315841675
0.18244262039661407
0.6679854393005371
0.385625422000885
1.3072706460952759
0.5833908915519714
0.6379615068435669
0.36469510197639465
0.5972234010696411
0.19193091988563538
0.24937859177589417
0.35081902146339417
0.6209585070610046
0.2766736149787903
0.7539980411529541
0.5761752128601074
0.28197044134140015
0.30067887902259827
0.34859514236450195
0.2744351923465729
0.30143916606903076
0.31700414419174194
0.2749099135398865
0.17714878916740417
0.5121842622756958
0.209014892578125
0.20405402779579163
0.546930730342865
0.4940136969089508
0.4202122688293457
0.45950907468795776
0.3087766766548157
0.4752354025840759
0.24086883664131165
0.3810410797595978
0.1557691991329193
0.30508625507354736
0.5248774290084839
0.8231847882270813
0.5884320735931396
0.3803672194480896
0.3444814085960388
0.30842888355255127
0.302189439535141
0.32915550470352173
0.17571339011192322
0.18545882403850555
0.21871376037597656
0.8881538510322571
0.25900548696517944
0.31188830733299255
0.5214988589286804
0.6762775182723999
0.625491738319397
0.20577958226203918
0.5832043886184692
0.3551510274410248
0.4191209673881531
0.045917559415102005
0.5007558465003967
0.5875380039215088
0.27103859186172485
0.30367445945739746
0.3801348805427551
0.5228639245033264
0.3337176442146301
0.5448509454727173
0.16967551410198212
0.39239153265953064
0.21772651374340057
0.5447601079940796
0.6091502904891968
0.4027494788169861
0.8001302480697632
0.34224826097488403
0.635953962802887
0.7228841781616211
0.5384775400161743
0.32515639066696167
0.24741463363170624
0.5019848346710205
0.26519784331321716
0.5942416191101074
0.3974747657775879
0.2018090933561325
0.2486889660358429
0.6816182136535645
0.17863689363002777
0.3039471507072449
0.5002660751342773
0.523023784160614
0.22205238044261932
0.6420807838439941
0.6832525134086609
0.5151463150978088
0.1880050003528595
0.3994416296482086
0.22859211266040802
0.12574689090251923
0.39620715379714966
0.5462199449539185
0.6909085512161255
0.30006200075149536
0.49794793128967285
0.47884601354599
0.1935039907693863
0.7422785758972168
0.6953742504119873
0.3306611180305481
0.27455922961235046
0.8582252264022827
0.3902888000011444
0.5212578177452087
0.43950000405311584
0.24180901050567627
0.186925008893013
0.31952768564224243
0.908403754234314
0.6069825887680054
0.4105640947818756
0.444711834192276
0.4280889928340912
0.19611112773418427
0.1524459421634674
0.8652071952819824
0.2607516646385193
0.250144898891449
0.5036729574203491
0.23206762969493866
0.36869096755981445
0.2428138703107834
0.6873422861099243
0.5802227854728699
0.41569679975509644
0.45685291290283203
0.335991770029068
0.5962235331535339
0.35781097412109375
0.3513185381889343
0.37173646688461304
0.3402249217033386
0.44299617409706116
0.18306027352809906
1.1850488185882568
0.5333744287490845
0.4081271290779114
0.1679915487766266
1.1080617904663086
0.12388857454061508
0.39310383796691895
0.6028190851211548
0.24442918598651886
0.6398347616195679
0.43487754464149475
0.2438160479068756
0.6404787302017212
0.5502797365188599
0.33804941177368164
0.177656352519989
0.33738428354263306
0.6237072944641113
0.34994783997535706
0.4251403212547302
0.41847363114356995
0.8803386688232422
0.4372660219669342
0.46348223090171814
0.5697191953659058
1.0278512239456177
0.5808581113815308
0.3587047755718231
0.48880133032798767
0.7799562215805054
0.6098886132240295
0.5232208967208862
0.3891405463218689
0.37535345554351807
0.2965797781944275
0.4923526346683502
0.5572572946548462
0.3111135959625244
0.4398716390132904
0.9668188095092773
0.3210407793521881
0.6169815063476562
0.2842819094657898
0.3145759701728821
0.24730873107910156
0.5193515419960022
0.5190570950508118
0.3292144238948822
0.1924685686826706
0.4271066188812256
0.3414040207862854
0.4381062388420105
0.7203394174575806
0.4982973039150238
0.6589805483818054
0.4890279173851013
0.9918121099472046
0.448322594165802
0.24378614127635956
0.6112946271896362
0.5463553071022034
0.3693352937698364
0.564529538154602
0.32344216108322144
0.5721808075904846
0.21472302079200745
0.32466787099838257
0.43209537863731384
0.14247532188892365
0.09112908691167831
0.41473549604415894
0.38116687536239624
0.3532719016075134
0.20221546292304993
0.3399016261100769
0.5813142657279968
0.14883793890476227
0.2360849678516388
0.23849916458129883
0.35625678300857544
0.6763717532157898
0.5098678469657898
0.2266092747449875
0.46473318338394165
0.6543723940849304
0.21210777759552002
0.168672576546669
0.7549902200698853
0.6348353028297424
0.7132887840270996
0.18329724669456482
0.5385355353355408
0.38343319296836853
0.2620902359485626
0.4912453293800354
0.6309715509414673
0.3831546902656555
0.48107820749282837
0.3497577905654907
0.7907238006591797
0.3628409504890442
0.22045037150382996
0.5279332995414734
0.1121426671743393
0.28122231364250183
0.27747923135757446
0.8856949806213379
0.35715311765670776
0.28478068113327026
0.16212615370750427
1.0354026556015015
0.3384923040866852
0.5814886093139648
0.5318021774291992
0.3006356358528137
0.5835661888122559
0.32768377661705017
0.3337092995643616
0.31348589062690735
0.20568092167377472
0.4274410605430603
0.5282709002494812
0.2761949896812439
0.6311615109443665
0.2957075238227844
0.4879685044288635
0.5220104455947876
0.4182925820350647
0.20849862694740295
0.41159915924072266
0.3000693917274475
0.3802451491355896
0.5289390087127686
0.4876542091369629
0.5910085439682007
0.5340006351470947
0.305301696062088
0.3813367187976837
0.6800273656845093
0.2413949966430664
0.3111036717891693
0.33918243646621704
0.19166697561740875
0.4596603512763977
0.27444878220558167
0.24392275512218475
0.11858458817005157
0.28135648369789124
0.07865619659423828
0.3328607678413391
0.5379826426506042
0.5391348600387573
0.33766698837280273
0.5224982500076294
0.4430515766143799
0.6282838582992554
0.18452931940555573
0.3734976351261139
0.5340670347213745
0.259439080953598
0.4060096740722656
0.3979184329509735
0.8321410417556763
0.4686036705970764
0.18470816314220428
0.5156981945037842
0.3364933431148529
0.15834078192710876
0.2942211925983429
0.34885674715042114
0.6253433227539062
0.47105836868286133
0.7768030166625977
0.25502294301986694
0.3360028862953186
0.48915988206863403
0.08154807984828949
0.18382097780704498
0.3255608081817627
0.3739580512046814
0.35673144459724426
0.10264977067708969
0.17808817327022552
0.5977820754051208
0.37401309609413147
0.12785795331001282
0.6376250386238098
0.38589343428611755
0.6403895616531372
0.716252326965332
0.49971285462379456
0.2450733184814453
0.30557572841644287
0.44697538018226624
0.31324857473373413
0.32158926129341125
0.4168511927127838
0.44362932443618774
0.20759105682373047
0.3580215275287628
0.7129291892051697
0.26805582642555237
0.5074131488800049
0.237042635679245
0.31849783658981323
0.2756745219230652
0.31463155150413513
0.3299543559551239
0.17264047265052795
0.34042415022850037
0.4867112636566162
0.5095999836921692
0.5284758806228638
0.8397372364997864
0.3240409791469574
0.3301446735858917
0.07340404391288757
0.21498258411884308
0.7259146571159363
0.3317294716835022
0.5369623899459839
0.47053664922714233
0.1634494811296463
0.5350418090820312
0.3218669593334198
0.9775964617729187
0.915834903717041
0.5302104353904724
0.44698619842529297
0.7927950620651245
0.24513797461986542
0.47431063652038574
0.5460889935493469
0.483560174703598
0.1855406016111374
0.8538777232170105
0.3183010220527649
0.28418344259262085
1.5896472930908203
0.36794060468673706
0.6010430455207825
0.5050801634788513
0.5642267465591431
0.3959181606769562
0.29549407958984375
0.34164804220199585
0.3098685145378113
0.20568767189979553
0.8912197351455688
0.6019385457038879
0.5195115804672241
0.4147112965583801
0.5895901322364807
0.751937210559845
0.9537301063537598
0.3086913228034973
0.7132373452186584
0.23173801600933075
0.4102485775947571
0.567910373210907
0.46497946977615356
0.3698809742927551
0.15404155850410461
0.4051917493343353
0.427823543548584
0.44635504484176636
0.1632685363292694
0.323128342628479
0.4930211007595062
1.0115549564361572
0.5315956473350525
0.5369812846183777
0.37691181898117065
0.14430877566337585
0.32318761944770813
0.39897170662879944
0.30053383111953735
0.49449196457862854
0.24099624156951904
0.4749804437160492
0.4120368957519531
0.34345266222953796
0.27261409163475037
0.62602698802948
0.16221171617507935
0.1473694145679474
0.6586435437202454
0.4348333775997162
0.3499934673309326
0.4729188084602356
0.37266868352890015
0.8393295407295227
0.5065998435020447
0.37984710931777954
0.6553829908370972
0.40777912735939026
0.4130114018917084
0.296053946018219
0.7197231650352478
0.2585153579711914
0.28952616453170776
0.38896575570106506
0.8841684460639954
0.21815332770347595
0.49753338098526
0.4401782155036926
0.44278112053871155
0.26599785685539246
0.5181031823158264
0.29801851511001587
0.3089037537574768
0.4599972367286682
0.23763549327850342
0.7615302801132202
0.20816147327423096
0.43649062514305115
1.0858001708984375
0.21819201111793518
0.7065824270248413
0.30216795206069946
0.2554812431335449
0.2956279516220093
0.5435913801193237
0.4810590147972107
0.36527329683303833
0.5075687766075134
0.27568259835243225
0.23464500904083252
0.9904910922050476
0.206340953707695
0.2688123285770416
0.6810537576675415
1.0357706546783447
0.526157557964325
1.0781198740005493
0.49321967363357544
0.34495285153388977
0.46589985489845276
0.6014810800552368
0.4430333077907562
0.44333547353744507
0.2906202971935272
0.4564841389656067
0.30005744099617004
0.2923649549484253
0.4366164803504944
0.1551174819469452
0.2129463255405426
0.1344347596168518
0.6301131844520569
0.3486248552799225
0.4831048548221588
1.0411955118179321
0.4145546853542328
0.779865562915802
0.23779359459877014
0.24793794751167297
0.27358514070510864
0.6684091687202454
0.25829529762268066
0.8151871562004089
0.13430507481098175
0.5574727058410645
0.34082505106925964
0.8563985824584961
0.3992888033390045
1.3473297357559204
0.3824029862880707
0.35700127482414246
0.44929057359695435
0.6610120534896851
0.4803042411804199
0.4267900884151459
0.6553517580032349
0.5485905408859253
0.5429967045783997
0.48716339468955994
0.18027229607105255
1.0795567035675049
0.35609346628189087
0.5759387612342834
0.4015157222747803
1.0923471450805664
0.21022672951221466
0.5296024084091187
0.6051505208015442
0.2991321384906769
0.3961135745048523
0.5024157762527466
0.8066450357437134
0.29327917098999023
0.6364469528198242
0.32364127039909363
0.4333422780036926
0.4158255457878113
0.3637014925479889
0.33738020062446594
0.13329729437828064
0.860561728477478
0.32805198431015015
0.5626596808433533
0.5820675492286682
0.3586997091770172
0.4857323169708252
0.6686614751815796
0.49914321303367615
0.18825143575668335
0.6579528450965881
0.22376880049705505
0.22430022060871124
0.43316859006881714
0.37939339876174927
0.6089171171188354
0.5020221471786499
0.25421518087387085
0.6844636797904968
0.2369500696659088
0.32966238260269165
0.7763645052909851
0.47548165917396545
0.11511453241109848
0.32243844866752625
0.5199316740036011
0.37520772218704224
0.3051724135875702
0.36207717657089233
0.2147551029920578
0.3338307738304138
0.332599014043808
0.6498545408248901
0.4871249794960022
0.42729443311691284
0.3484042286872864
0.3763570189476013
0.6893472075462341
0.37671369314193726
0.537795901298523
0.42610645294189453
0.4061862826347351
0.28328728675842285
0.4518013000488281
0.40178507566452026
0.12802597880363464
0.34875452518463135
0.3613094985485077
0.6661633253097534
0.7147800922393799
0.4426455497741699
0.40172305703163147
0.32665979862213135
0.4193653464317322
0.510593593120575
0.6465559005737305
0.6070248484611511
0.14291556179523468
0.8689206838607788
0.4619905948638916
0.9250190854072571
0.33598655462265015
0.3381809592247009
0.24593813717365265
0.5631484985351562
0.4800427556037903
0.5287979245185852
0.16978010535240173
0.3394353687763214
0.400831937789917
0.3756898045539856
0.2268179953098297
0.24042467772960663
0.25381046533584595
0.6669310331344604
0.32033175230026245
0.25035232305526733
0.5853851437568665
0.2019902467727661
0.35792526602745056
0.4885442852973938
0.528779923915863
0.362938791513443
0.7731068730354309
0.4422004818916321
0.36707738041877747
0.42972660064697266
0.4612439274787903
0.402815580368042
0.4238073229789734
0.3354322612285614
0.2830163538455963
0.45298895239830017
0.681321918964386
0.44859981536865234
0.7629867196083069
0.22270575165748596
0.22023789584636688
0.48263025283813477
0.12286974489688873
0.28191667795181274
0.5465453863143921
0.287343829870224
0.8229894638061523
0.2957269251346588
0.3240908086299896
0.4715888500213623
0.21613851189613342
0.1598811000585556
0.6470044851303101
0.34209713339805603
0.35755884647369385
0.5338910818099976
0.5783665776252747
0.30280107259750366
0.3726558983325958
0.3829624056816101
0.8979376554489136
0.21398861706256866
0.7628433704376221
0.3664241433143616
0.4065021872520447
0.26508936285972595
0.23396249115467072
0.5404350161552429
0.4842132031917572
0.32493865489959717
0.4232408404350281
0.3042276203632355
0.46818527579307556
0.5707991123199463
0.4854971766471863
0.33142149448394775
0.49607643485069275
0.4206489622592926
0.20864863693714142
1.0287590026855469
0.14363327622413635
0.4618552327156067
0.5471120476722717
0.8332288861274719
0.1511223167181015
0.262008398771286
0.6801207661628723
0.4599960744380951
0.19344189763069153
0.4537074565887451
0.2835550904273987
0.3407064974308014
0.6349598169326782
0.4940919280052185
0.28641387820243835
0.7190828323364258
0.6037538647651672
0.3715592622756958
0.6155413389205933
0.27373579144477844
0.6285645365715027
0.18760305643081665
1.0146403312683105
0.49602699279785156
0.320535808801651
0.562383770942688
0.19908961653709412
0.20610806345939636
0.3932672142982483
0.43881258368492126
0.25792738795280457
0.43598994612693787
0.3730277121067047
0.4674038290977478
0.5754786133766174
0.9828610420227051
0.3477427065372467
0.2768988609313965
0.24163301289081573
0.36716562509536743
0.5480657815933228
0.6092139482498169
0.28530722856521606
0.5968939065933228
0.442501962184906
0.45316553115844727
0.1439257711172104
0.7016934752464294
0.28206169605255127
0.19541458785533905
0.3362918496131897
0.38355445861816406
0.3017541766166687
0.49624648690223694
0.4034283757209778
0.8102285265922546
0.2611359655857086
1.011981725692749
0.3948092460632324
0.32058992981910706
0.14766338467597961
0.5877223610877991
0.27700868248939514
0.5020096898078918
0.2919333577156067
0.39948850870132446
0.5129085183143616
0.4473474621772766
0.23537185788154602
0.5111152529716492
0.6533351540565491
0.24134120345115662
0.24144487082958221
0.739389181137085
0.29581350088119507
0.5582746267318726
0.6164940595626831
0.4327321946620941
0.22899433970451355
0.635602593421936
0.3522748351097107
0.8337091207504272
0.2464326173067093
0.4700232446193695
0.4269970953464508
0.4975919723510742
0.17380781471729279
0.4325610101222992
0.3224483132362366
0.8353742361068726
0.4031830430030823
0.611064076423645
0.29124024510383606
0.5187875628471375
0.11545274406671524
0.19672207534313202
0.7998017072677612
0.49609464406967163
0.48455944657325745
0.5221205949783325
0.27517858147621155
0.8681621551513672
0.27128005027770996
0.21140575408935547
0.24032370746135712
0.3177552819252014
0.5031173825263977
0.6132231950759888
0.14868895709514618
0.08722691237926483
0.883030116558075
0.5229063034057617
0.4629341661930084
0.6055105924606323
0.3115580379962921
0.510391354560852
0.7302647829055786
0.6671992540359497
0.31564828753471375
0.3342747092247009
0.2818782925605774
0.8954167366027832
0.6366477012634277
0.3042992949485779
0.36636975407600403
0.40125828981399536
0.16614173352718353
0.46722283959388733
0.40741363167762756
0.7056150436401367
0.3411961495876312
0.7511072754859924
0.47344765067100525
0.5635248422622681
0.31596529483795166
0.655278205871582
0.38998785614967346
0.2821401357650757
0.16477784514427185
0.3054458498954773
0.4593828618526459
0.40040668845176697
0.8011612892150879
0.272960364818573
0.15775226056575775
0.4806593954563141
0.4267050325870514
0.15929150581359863
0.3041597604751587
0.2851030230522156
0.9329187273979187
0.3476891815662384
0.8432246446609497
0.28184008598327637
0.49015098810195923
0.5126756429672241
0.3420853912830353
0.5036799311637878
0.1677379012107849
0.7342511415481567
0.57313072681427
0.5211312174797058
0.2475081980228424
0.6102191209793091
0.3200998902320862
0.9180082082748413
0.5195101499557495
0.421562522649765
0.28919583559036255
0.26397502422332764
0.5840625166893005
0.3679068386554718
0.1507912129163742
0.16042275726795197
0.3761212229728699
0.7198988199234009
0.395317405462265
0.2937162518501282
0.1830788552761078
0.5262991189956665
0.8827892541885376
0.579786479473114
0.5770567059516907
0.14359083771705627
0.43287745118141174
0.5652693510055542
0.6731616854667664
0.3687423765659332
0.1787286251783371
0.550875186920166
0.38752350211143494
0.14915792644023895
0.3330311179161072
0.19251015782356262
0.5966336727142334
0.35072141885757446
0.20200562477111816
0.4288206100463867
0.39458832144737244
0.3299517035484314
0.36220335960388184
0.551667332649231
0.29671239852905273
0.17372006177902222
0.4244571328163147
0.7439946532249451
0.5767992734909058
0.46381324529647827
0.5503764748573303
0.09134227782487869
0.26597467064857483
0.42072778940200806
0.22057101130485535
0.7860844135284424
0.24005913734436035
0.5421987771987915
0.19936442375183105
0.3958149552345276
0.4024621546268463
0.30036646127700806
0.277682900428772
0.8212340474128723
0.4528742730617523
0.7471410036087036
0.20198090374469757
0.36578163504600525
0.5609270334243774
0.5633463263511658
0.6216726303100586
0.7810146808624268
0.46346521377563477
0.1913248747587204
0.45721277594566345
0.7252636551856995
0.2477812021970749
0.44005799293518066
0.3894149661064148
0.38605988025665283
0.6121736764907837
0.2306983470916748
0.27594783902168274
0.4565933644771576
0.21093550324440002
0.49003297090530396
0.6207610368728638
0.2829577624797821
0.4499499201774597
0.3260561227798462
0.1710279881954193
0.4565337598323822
0.2282787263393402
0.3289939761161804
0.3672056496143341
0.6453374028205872
0.807172954082489
0.6324072480201721
0.3017304539680481
1.1825345754623413
0.28449615836143494
0.22770550847053528
0.23603808879852295
0.856208324432373
0.9713956713676453
0.7218473553657532
0.46044865250587463
0.19231358170509338
0.6465150713920593
0.5938631296157837
0.25688260793685913
0.45764392614364624
0.6419756412506104
0.466970831155777
0.4743131697177887
0.39856746792793274
0.675735354423523
0.4338915944099426
0.2751818597316742
0.617268979549408
0.4768925607204437
0.9029305577278137
0.2722320258617401
0.6160768270492554
0.8403663635253906
0.5710684657096863
0.44135504961013794
0.15934094786643982
0.4140610098838806
0.23907184600830078
0.24006077647209167
0.5867732763290405
0.20999105274677277
0.6029797792434692
0.45034512877464294
0.38605979084968567
0.36971062421798706
0.6182301640510559
0.36836913228034973
0.4287436604499817
0.32336217164993286
0.8982795476913452
0.263022243976593
0.5405807495117188
0.4300302565097809
0.5767956972122192
0.29584601521492004
0.7522830963134766
0.5959451794624329
0.5908070802688599
0.31814321875572205
0.6183528900146484
0.3919304609298706
0.24541433155536652
0.7246596813201904
0.31769993901252747
0.3461236357688904
0.27041518688201904
0.6877186894416809
0.15266917645931244
0.4633716642856598
0.3822234570980072
0.3680590093135834
0.5475369095802307
0.7763301730155945
0.3125748932361603
0.37143474817276
0.38296568393707275
0.37728768587112427
0.334468275308609
0.3427465558052063
0.5848453640937805
0.4115072190761566
0.54729163646698
0.45904016494750977
0.3779955208301544
0.58210688829422
0.2594355046749115
0.4341307282447815
0.5856984853744507
0.21507331728935242
0.24777138233184814
0.3007173538208008
0.20406219363212585
0.23634850978851318
0.3247876763343811
0.691321849822998
0.3426700830459595
0.7364600896835327
0.5102332234382629
0.5640368461608887
0.674776017665863
0.256355345249176
0.3221885561943054
0.23926524817943573
0.634376585483551
0.26663321256637573
0.2525816857814789
0.22311916947364807
0.8023951649665833
0.35224342346191406
0.4710262715816498
0.29334425926208496
0.6931900978088379
0.7549688816070557
0.5527709722518921
0.1692001223564148
0.3005882799625397
0.17123888432979584
0.48293107748031616
0.3707168400287628
0.3008382022380829
0.41778498888015747
0.2769613265991211
0.4960765242576599
0.4785594940185547
0.6129568219184875
0.801965594291687
0.3526492118835449
0.635062575340271
0.4500553607940674
1.123309850692749
0.20721177756786346
0.25248152017593384
0.9438373446464539
0.179595947265625
0.25435957312583923
0.6345779895782471
0.3486725986003876
0.22441920638084412
0.2886964976787567
0.5168966054916382
0.266654372215271
1.059857726097107
0.427367627620697
0.6439944505691528
0.8945726156234741
0.8064727783203125
0.2945174276828766
0.22595298290252686
0.5635309815406799
0.6054831743240356
0.20862135291099548
0.3342648446559906
0.3147091567516327
0.3718424141407013
0.5108079314231873
0.3026978075504303
0.2047092467546463
0.3447663486003876
0.23763060569763184
0.18308088183403015
0.5073571801185608
0.3997313976287842
0.2596662640571594
0.364575058221817
0.2275819033384323
0.42157402634620667
0.47789186239242554
0.28132253885269165
0.5587077736854553
0.09246812760829926
0.1733064353466034
0.4997116029262543
0.23092570900917053
0.5224725008010864
0.4617754817008972
0.21133741736412048
0.28935709595680237
0.19743052124977112
0.8093384504318237
0.406484991312027
0.48759421706199646
0.3983306288719177
0.6966019868850708
0.09676769375801086
0.4807721674442291
0.22254176437854767
0.08990843594074249
0.4138774275779724
0.3542996048927307
0.2495776116847992
0.5001703500747681
0.26575976610183716
0.5413469076156616
0.2743316888809204
0.510501503944397
0.2950981855392456
0.3052687644958496
0.6862412095069885
0.5643898844718933
0.4417385160923004
0.2922860383987427
0.29845210909843445
0.578680694103241
0.8280347585678101
0.44525009393692017
0.5943769216537476
0.41607746481895447
0.2478230893611908
0.4387417733669281
0.15912649035453796
0.1413145363330841
0.3635932207107544
0.4974304735660553
0.5082730650901794
0.4025941491127014
0.2826044261455536
0.3455689549446106
0.5377530455589294
0.22018976509571075
0.6072497963905334
0.15423008799552917
0.2863774299621582
0.495952844619751
0.473438560962677
0.2535110414028168
0.2208118736743927
0.25799334049224854
0.20972378551959991
0.6257402896881104
0.1876298487186432
0.2938210070133209
0.4582379460334778
0.8249198198318481
0.45124906301498413
0.35862863063812256
0.3287603259086609
0.5727800726890564
0.5531482696533203
0.24327461421489716
0.33677661418914795
0.2991125285625458
0.24932917952537537
0.1684400588274002
0.6290029883384705
0.6348584890365601
0.10937422513961792
0.34771448373794556
0.40632444620132446
0.32134637236595154
0.9966468811035156
0.38095641136169434
1.0461903810501099
0.5812219381332397
0.19569796323776245
0.3742143511772156
0.21732768416404724
0.3137291371822357
0.3034786880016327
0.36713629961013794
0.6624630689620972
0.5197650194168091
0.3122529983520508
0.30138200521469116
0.5193213820457458
1.0965629816055298
0.8855498433113098
0.5848358273506165
0.7768727540969849
0.7390905022621155
0.38671261072158813
0.2941482663154602
0.4527738690376282
0.39344802498817444
0.4614933133125305
0.5474757552146912
0.4070083498954773
0.30646878480911255
0.5412248373031616
0.48843687772750854
0.8077789545059204
0.4000721871852875
0.5733040571212769
0.40671586990356445
0.6032139658927917
0.47840675711631775
0.3982699513435364
0.3064925968647003
0.29169315099716187
0.17772556841373444
0.3748325705528259
0.34657222032546997
0.2839745283126831
0.684262216091156
0.31626254320144653
0.33897244930267334
0.29456549882888794
0.4709251821041107
0.1610555648803711
0.4351041913032532
1.1945297718048096
0.44393444061279297
0.808466911315918
0.33014053106307983
0.16670148074626923
0.5915327072143555
0.5195953249931335
0.22549724578857422
0.27747124433517456
0.6035615801811218
0.5438841581344604
0.33064979314804077
0.505717396736145
0.12196619808673859
0.37172675132751465
0.49287348985671997
0.3014824688434601
0.6785000562667847
0.38976600766181946
0.22088980674743652
0.2986716628074646
0.1602310836315155
0.6770171523094177
0.5015995502471924
0.5555511116981506
0.43844491243362427
0.33389559388160706
0.3644797205924988
0.8531977534294128
0.24647703766822815
0.693474531173706
0.4446945786476135
0.3194415867328644
0.35708922147750854
0.3486808240413666
0.2976253032684326
0.12042121589183807
0.6677250266075134
0.5380648374557495
0.3101212978363037
0.3844979405403137
0.507037341594696
0.4398129880428314
0.28818243741989136
0.3779405951499939
0.27163147926330566
0.4491901397705078
0.5880436301231384
0.4615054726600647
0.47628292441368103
0.4712236523628235
0.1456378698348999
1.0166778564453125
0.4936102032661438
0.36324363946914673
0.48096317052841187
0.4566614031791687
0.2248331755399704
0.2527787387371063
0.4176700711250305
0.5694838762283325
0.4006263315677643
0.5778225064277649
0.11768531799316406
0.487902969121933
0.8177269697189331
0.25295352935791016
0.18885716795921326
0.36054569482803345
0.48104387521743774
0.30691230297088623
0.29772621393203735
0.30849531292915344
0.40814733505249023
0.9796897172927856
0.30035892128944397
0.0817110687494278
0.204993337392807
0.8551763296127319
0.398807168006897
0.33768829703330994
0.3417094349861145
0.7678926587104797
0.9579356908798218
0.8837469816207886
0.25494375824928284
0.34668976068496704
0.24450883269309998
0.4664853513240814
0.432059109210968
0.29055464267730713
0.6624212265014648
1.0018948316574097
0.4268758296966553
0.550565242767334
0.4640800952911377
0.9917462468147278
0.6951226592063904
0.3787689805030823
0.6715627312660217
0.2962532341480255
0.45934224128723145
0.5140718817710876
0.3508525490760803
0.9655677080154419
0.2847663462162018
0.4441017508506775
0.31865614652633667
0.22702482342720032
0.3178371787071228
0.5160748362541199
0.22890011966228485
0.34265780448913574
0.2878139615058899
0.3300548195838928
0.9854964017868042
0.2843824028968811
0.5799354314804077
0.3372844457626343
0.14903660118579865
0.3428827226161957
0.2687029242515564
0.5552831292152405
0.5414296388626099
0.40652793645858765
0.5915406346321106
0.3520951271057129
0.5073040723800659
0.3524525463581085
0.8082361221313477
0.4102253317832947
0.6856157183647156
0.7641414403915405
0.377180278301239
0.20221741497516632
0.41771745681762695
0.6186114549636841
0.4740116000175476
0.28266841173171997
0.6747897267341614
0.42170414328575134
0.26796868443489075
0.6087885499000549
0.2757432460784912
0.5904304385185242
0.7428270578384399
0.4024431109428406
0.37608495354652405
0.3077058494091034
0.1959727555513382
0.6803244352340698
0.671153724193573
0.3263791501522064
0.5831097364425659
0.4379880428314209
0.5771848559379578
0.19318468868732452
0.24742135405540466
0.4982101321220398
0.36890020966529846
1.378647804260254
0.5985864400863647
0.43824759125709534
0.4335109293460846
0.386773943901062
0.8378413915634155
0.502355694770813
0.4479840397834778
0.5630016326904297
0.2219894826412201
0.328136146068573
0.7350123524665833
0.701172947883606
0.335688054561615
0.2584194540977478
0.41650891304016113
0.8555054664611816
0.6272214651107788
0.5166673064231873
0.32482895255088806
0.41412004828453064
0.42319679260253906
0.505050003528595
0.3729369342327118
0.5352455973625183
0.35829150676727295
0.274061381816864
0.6982893943786621
0.4370412826538086
0.549268364906311
0.1619163453578949
0.6223618984222412
0.7286388278007507
0.5399379134178162
0.9361257553100586
0.5156167149543762
0.33917951583862305
0.47766128182411194
0.48676037788391113
0.28563204407691956
0.22701963782310486
0.5844666361808777
0.45039939880371094
0.24425454437732697
0.46217504143714905
0.2468610256910324
0.41887784004211426
0.5045204162597656
0.6102991104125977
0.780775785446167
0.3688482642173767
0.4474937915802002
0.407829225063324
0.38263529539108276
0.22890198230743408
0.7098138332366943
0.46582379937171936
0.7185444235801697
0.2892282009124756
0.2286037653684616
0.3146056532859802
0.21065020561218262
0.14856654405593872
0.3351750671863556
0.28183767199516296
0.18407851457595825
0.30832722783088684
0.17948059737682343
0.519304633140564
0.3449409306049347
0.4790996015071869
0.40710487961769104
0.38939207792282104
0.7410834431648254
0.5005199909210205
0.3927645683288574
0.6086357831954956
0.16767992079257965
0.47505027055740356
0.3794693350791931
0.5275381803512573
0.47293758392333984
0.22695645689964294
0.3934885263442993
0.5922393202781677
0.3110346794128418
0.49687737226486206
0.11960043013095856
0.41929155588150024
0.8040598034858704
0.282403826713562
0.4933570921421051
0.6683770418167114
0.23111684620380402
0.4906369149684906
0.46253055334091187
0.22426995635032654
0.2730763554573059
0.40287742018699646
0.37397459149360657
0.41439247131347656
0.3437711000442505
0.7968443036079407
0.4905761182308197
0.37115177512168884
0.2938946783542633
0.39319926500320435
0.35331472754478455
0.42983144521713257
0.6459022164344788
0.2630220055580139
0.4227582812309265
0.10742869228124619
0.5765377879142761
0.9942887425422668
0.3508692979812622
0.29206448793411255
0.2529784142971039
0.3617541193962097
0.21798181533813477
0.38776111602783203
0.30186349153518677
0.4850783944129944
0.4057576060295105
0.4072451591491699
0.44189104437828064
0.47945207357406616
0.1496240645647049
0.45640116930007935
0.5369027853012085
0.3672044575214386
0.37083810567855835
0.6505934000015259
0.31825143098831177
0.7247503399848938
0.33564871549606323
0.5645164251327515
0.3770807981491089
0.5141650438308716
0.18455131351947784
0.4158305525779724
0.6986016035079956
0.6761026382446289
0.4351359009742737
0.0875369980931282
0.2877976894378662
0.3211461901664734
0.2797512710094452
0.5205339193344116
1.065516710281372
0.3608318567276001
0.12023677676916122
0.44079527258872986
0.271435409784317
0.3428705334663391
0.7372064590454102
0.3647710084915161
0.33218440413475037
0.49474507570266724
0.3347111642360687
0.8972740173339844
0.5691585540771484
0.41240745782852173
0.4953292906284332
0.9400696754455566
0.6987825036048889
0.31512120366096497
0.9221288561820984
0.132874995470047
0.1593288630247116
0.4896262586116791
0.3903955817222595
0.3999154567718506
0.2197166234254837
0.43559446930885315
0.08934632688760757
0.5537386536598206
0.31867438554763794
0.2543712258338928
0.2937869429588318
0.440436452627182
0.34739625453948975
0.5835444331169128
0.09568364918231964
0.3743228018283844
0.22075435519218445
0.46122416853904724
0.5457452535629272
0.35785889625549316
0.4037042260169983
0.13899390399456024
0.569556713104248
0.39099401235580444
0.27864232659339905
0.9304722547531128
0.2620733678340912
0.4991041123867035
0.19308800995349884
0.45207101106643677
0.14389696717262268
0.5708187818527222
0.46986037492752075
0.41610026359558105
0.3635638356208801
0.14905494451522827
0.3850683271884918
0.414661705493927
0.48520880937576294
0.5322685837745667
0.32282793521881104
0.22656047344207764
0.840778648853302
0.5987166166305542
0.4178408682346344
0.29800525307655334
0.2601092457771301
1.1716372966766357
0.447759211063385
0.414874792098999
0.3694722056388855
0.3110431134700775
0.276117742061615
0.49299049377441406
0.659061074256897
0.6959654688835144
0.37797632813453674
0.26646530628204346
0.8109508752822876
0.44294267892837524
0.8019757270812988
0.3972906470298767
0.5013378262519836
0.16222746670246124
0.4106753468513489
0.36213961243629456
0.37792062759399414
0.5442018508911133
0.5213371515274048
0.21930141746997833
0.512869656085968
0.399166464805603
0.38276439905166626
0.4343515932559967
0.1924722045660019
0.8070260882377625
0.788780152797699
0.20113296806812286
0.3194065988063812
0.2733575403690338
0.33694761991500854
0.3183611035346985
0.5562686324119568
0.3029767572879791
0.4102713465690613
0.1899382472038269
0.40045133233070374
0.269142210483551
0.44299715757369995
0.4041382670402527
0.38484689593315125
0.1922902762889862
0.3486585021018982
0.26615825295448303
0.16715803742408752
0.44398078322410583
0.4376804232597351
0.7370049953460693
0.2900219261646271
0.14395368099212646
0.4843551218509674
0.31632035970687866
1.213090419769287
0.47200074791908264
0.6273094415664673
0.23586657643318176
0.33363351225852966
0.37246447801589966
0.19235089421272278
0.27710121870040894
0.4029653072357178
0.5190483331680298
0.4203968942165375
0.3300652503967285
0.42020052671432495
0.5082053542137146
0.7596914172172546
0.18495014309883118
0.15912555158138275
0.6882417798042297
0.42592868208885193
0.926761269569397
0.5127488970756531
0.5787996053695679
0.15403829514980316
0.910656750202179
0.31155094504356384
0.2548888921737671
0.34920987486839294
0.07408098876476288
0.27840280532836914
0.20464137196540833
0.417296826839447
0.40320277214050293
0.20531968772411346
0.44657039642333984
0.5016297101974487
0.4484991431236267
0.3298107385635376
0.3583628535270691
0.2419639378786087
0.35013246536254883
0.16351747512817383
0.2779468595981598
0.29734060168266296
0.19648520648479462
0.842807412147522
0.5280433893203735
0.8828216791152954
0.4769270420074463
0.26361870765686035
0.5260905027389526
0.672802209854126
0.7766527533531189
0.341847687959671
0.8015395402908325
0.2121361792087555
0.2516697347164154
0.36537784337997437
0.41753631830215454
0.10122047364711761
0.35780081152915955
0.41540956497192383
0.5490562915802002
0.4315428137779236
0.8821998834609985
0.37656837701797485
0.44035714864730835
0.5317214727401733
0.614949107170105
0.527151882648468
0.2327607125043869
0.6112011075019836
0.4113321304321289
0.11893343925476074
0.2551566958427429
0.35148724913597107
0.42093294858932495
0.4425064027309418
0.3113219141960144
0.26904499530792236
0.8806517720222473
0.27029305696487427
0.4016086161136627
0.5014349222183228
0.3416576683521271
0.40361088514328003
0.92705237865448
0.26845961809158325
0.40507879853248596
0.29615485668182373
0.7689390182495117
0.5025504231452942
0.8830099105834961
0.483076810836792
0.6478394269943237
0.23982322216033936
0.36146479845046997
0.8276508450508118
0.25604957342147827
0.2871982455253601
0.7024880051612854
0.31471264362335205
0.5005704164505005
0.40055346488952637
0.5142906308174133
0.7794671058654785
0.4163035750389099
0.4318370223045349
0.2129470556974411
0.6445778608322144
0.37150096893310547
0.7207527756690979
0.11799172312021255
0.4620334208011627
0.29777175188064575
0.15731605887413025
0.37891626358032227
0.4148845076560974
0.3420349955558777
0.5435476899147034
0.34021347761154175
0.32601362466812134
0.31087812781333923
0.23647484183311462
0.16230902075767517
0.5328405499458313
0.7262943387031555
0.25844621658325195
0.6329048871994019
0.6042811274528503
0.6238581538200378
0.26109248399734497
0.3742385506629944
0.5651704668998718
0.2586997449398041
0.6028214693069458
0.133891299366951
0.4502543807029724
0.2343464344739914
0.42523321509361267
0.49514469504356384
0.44543689489364624
0.375150203704834
0.48950591683387756
0.3039289116859436
0.5929011702537537
0.615793764591217
0.4751656949520111
0.47723445296287537
0.5198072791099548
0.5326455235481262
0.20803260803222656
0.49788275361061096
0.5214865803718567
0.1158483475446701
1.1712000370025635
0.4537487030029297
0.8649282455444336
0.2433958500623703
0.36593857407569885
0.4327375888824463
0.2779000699520111
0.42607179284095764
0.11676925420761108
0.4224379062652588
0.6343413591384888
0.31932389736175537
0.6733182668685913
0.4204834997653961
0.3761904239654541
0.4017255902290344
0.3465201258659363
0.5210191607475281
0.28018221259117126
0.4323939383029938
0.4972807466983795
0.682817816734314
0.5996862649917603
0.1778988540172577
0.3936970829963684
0.42010894417762756
0.4575771689414978
0.5227282047271729
0.36271554231643677
0.7995339632034302
0.4221239984035492
0.3856315612792969
0.36538416147232056
0.2903474271297455
0.17996099591255188
0.4961007237434387
0.47603923082351685
0.38721054792404175
0.4004170298576355
0.16993705928325653
0.48791590332984924
0.35905691981315613
0.5821456909179688
0.6628140211105347
0.5339191555976868
0.44559723138809204
0.34429267048835754
0.38164371252059937
0.5007839798927307
0.37535446882247925
0.5939160585403442
0.6735798716545105
0.37320587038993835
0.3114010691642761
0.2619222104549408
0.14771196246147156
0.4097970426082611
0.6540066003799438
0.6662773489952087
0.495677649974823
0.6228031516075134
0.7138078808784485
0.7326739430427551
0.3481355309486389
0.36521512269973755
0.39057618379592896
0.30657291412353516
0.16122357547283173
0.35434383153915405
0.28627023100852966
0.28343963623046875
0.3080337345600128
0.32263508439064026
0.3885050117969513
0.601838231086731
0.3631589710712433
1.0704500675201416
0.7499580979347229
0.9989026188850403
0.46026769280433655
0.3524852693080902
0.33372634649276733
0.21503612399101257
0.7096288800239563
0.22599320113658905
0.5147897005081177
0.7348318696022034
0.03809433430433273
0.274729460477829
0.5222971439361572
0.5895612835884094
0.21642573177814484
0.455784410238266
0.4664878845214844
0.3517775535583496
0.3687511682510376
0.21736077964305878
0.4574899673461914
0.2560163140296936
0.3170672059059143
0.3313756585121155
0.3106638491153717
0.49090179800987244
0.38152363896369934
0.3734891712665558
0.2832983732223511
0.25421231985092163
0.5792003273963928
0.1401045024394989
0.25626933574676514
0.18886932730674744
0.2639160454273224
0.2163977175951004
0.48905014991760254
0.13703714311122894
0.16383811831474304
0.2699863314628601
0.5991231203079224
0.12911908328533173
0.4558444023132324
0.3063090741634369
0.30194762349128723
0.39878028631210327
0.32818153500556946
0.21270057559013367
0.187120258808136
0.5907971262931824
0.5852867364883423
0.36732739210128784
0.3300171494483948
0.5244449377059937
0.13602705299854279
0.3395167291164398
0.43689075112342834
0.6564739346504211
0.6262861490249634
0.3910956084728241
0.566661536693573
0.7396852374076843
0.47743964195251465
0.4306565225124359
0.43013206124305725
0.4458133578300476
0.5856846570968628
0.8195744752883911
0.4892025887966156
0.6148144006729126
0.24292795360088348
0.6872640252113342
0.5894476175308228
0.6202918887138367
0.31455349922180176
0.9444792866706848
0.6168104410171509
0.6655840873718262
0.1863297075033188
0.468482106924057
0.7342833280563354
0.19452162086963654
0.46266159415245056
0.4331633150577545
0.7203715443611145
0.24803416430950165
0.39820677042007446
0.40561240911483765
0.4467555582523346
0.6455397009849548
0.45538631081581116
0.24540452659130096
0.4883534908294678
0.7614759802818298
0.2983921468257904
0.1883002072572708
0.49822336435317993
0.31349843740463257
0.423386812210083
0.25084030628204346
0.4773576855659485
0.48039159178733826
0.4548829197883606
0.28725773096084595
0.4504978656768799
0.41977256536483765
0.13851159811019897
0.5964721441268921
0.43737441301345825
0.6182945966720581
0.3351022005081177
0.41222357749938965
0.3427392542362213
0.4764479100704193
0.29519614577293396
0.45463958382606506
0.4774406850337982
0.4548324644565582
0.8852242231369019
0.4230223596096039
0.2981569170951843
0.2418370246887207
0.565072774887085
0.3061559796333313
0.4086098074913025
0.24105766415596008
0.4644413888454437
0.5324533581733704
0.4817911684513092
0.7041705846786499
0.26522406935691833
0.38495326042175293
0.1198095828294754
0.25937777757644653
0.401101678609848
0.3679058849811554
0.768051266670227
0.3582850396633148
0.5461284518241882
0.15978477895259857
0.43026596307754517
0.45274344086647034
0.31397125124931335
0.257107675075531
0.24405750632286072
0.5301679372787476
0.3420189321041107
0.41049662232398987
0.4208304286003113
0.554754376411438
0.10654948651790619
0.3132227957248688
0.5217949748039246
0.4911767840385437
0.5687450170516968
0.5328488945960999
0.4867122173309326
0.25978875160217285
0.16653332114219666
0.45738929510116577
0.391033411026001
0.19726230204105377
0.4375925660133362
0.37128475308418274
0.4746812880039215
0.5918760299682617
0.4520300030708313
0.35931143164634705
0.2750481963157654
0.40814557671546936
0.8427832722663879
0.23616912961006165
0.44867563247680664
0.41137728095054626
0.24572376906871796
0.426308810710907
0.5202131271362305
0.3701346218585968
0.3854120671749115
0.32021552324295044
0.4592178761959076
0.4999915063381195
0.20376543700695038
0.32741111516952515
0.22974160313606262
0.8498794436454773
0.3733011484146118
0.3499447703361511
0.8276386260986328
0.7882305383682251
0.25253918766975403
0.3275911808013916
0.5439935922622681
0.5953446626663208
0.34426355361938477
0.3760693371295929
0.150636687874794
0.2563410997390747
0.4771982729434967
0.6467633247375488
0.42914485931396484
0.8311875462532043
0.28954583406448364
0.5184659957885742
0.47732287645339966
0.4319504201412201
0.3911753296852112
0.38211560249328613
0.344396710395813
0.31556588411331177
0.21939115226268768
0.694159209728241
0.4945816397666931
0.3385056257247925
0.38726097345352173
0.3739132285118103
0.5223808884620667
0.629465639591217
0.4538089632987976
0.4192977547645569
0.4057578444480896
0.6716957688331604
0.39950045943260193
0.19179607927799225
0.38714897632598877
0.5151470303535461
0.28552043437957764
0.4883979260921478
0.10350637137889862
0.6442344188690186
0.5058053135871887
0.6752445697784424
0.38833123445510864
0.5363095998764038
0.5054739117622375
0.40533724427223206
0.33846408128738403
0.6352735757827759
0.2234071046113968
0.45475420355796814
0.48237305879592896
0.34874188899993896
0.4280641973018646
0.48541659116744995
0.4745740294456482
0.4285551905632019
0.2793658375740051
0.26637062430381775
0.8802445530891418
0.664339542388916
1.1919296979904175
0.5165976881980896
0.2535751760005951
0.7589119076728821
0.2693827748298645
0.4967074394226074
0.484732449054718
0.1809053122997284
0.5561416745185852
0.3225119113922119
0.38688376545906067
0.30386263132095337
0.30341726541519165
0.34027743339538574
0.2097511738538742
0.5216214060783386
0.5013445019721985
0.14129102230072021
0.6753149032592773
0.09878917783498764
0.42830151319503784
0.13021188974380493
0.3289026618003845
0.6936408281326294
0.3422238230705261
0.3996422588825226
0.4813712239265442
0.7331408262252808
0.2760355770587921
0.565657377243042
0.35441944003105164
0.4800443649291992
0.5790787935256958
0.3971680700778961
0.33610406517982483
0.461298406124115
0.5063492655754089
0.5675925016403198
0.2931748032569885
0.2633102536201477
0.25795021653175354
0.5831795334815979
0.3496456742286682
1.1364046335220337
0.5141003727912903
0.6163762807846069
0.44476476311683655
0.7814428806304932
0.46392711997032166
0.17243126034736633
0.5004898905754089
0.17963670194149017
0.3396812677383423
0.23805566132068634
0.5014792680740356
0.28323400020599365
0.3326016962528229
0.3752494752407074
0.158954456448555
0.43884706497192383
0.4046468138694763
0.16108930110931396
0.3247241973876953
0.13495297729969025
0.45056024193763733
0.797565221786499
0.3864099383354187
0.6996818780899048
0.5058227181434631
0.45717865228652954
0.3891943395137787
0.31325846910476685
0.2859550714492798
0.47796040773391724
0.29767322540283203
0.43429699540138245
0.5173332691192627
0.46416935324668884
0.5504790544509888
0.25686487555503845
0.15443453192710876
0.384691059589386
0.8032695055007935
0.25152748823165894
0.21444466710090637
0.46659931540489197
0.2606099843978882
0.6627963185310364
0.40660443902015686
0.36624380946159363
0.6880137324333191
0.2854262590408325
0.3454713821411133
0.8769286870956421
0.2071341574192047
0.5342703461647034
0.341616153717041
0.2227005660533905
0.653374433517456
0.3138149678707123
0.3086688816547394
0.7532027959823608
0.12589848041534424
0.1919647753238678
0.14942267537117004
0.2439383715391159
0.9097660183906555
0.5692873001098633
0.22196368873119354
0.21293239295482635
0.31989261507987976
0.4046379625797272
0.7843044400215149
0.40131744742393494
0.3274117410182953
0.1697259098291397
0.2667591869831085
0.6104517579078674
0.30828362703323364
0.3953007161617279
0.43421071767807007
0.16666483879089355
0.2732497751712799
0.6378203630447388
0.46118396520614624
0.4953199326992035
0.6917997598648071
0.7070897817611694
0.4833533763885498
0.08419754356145859
0.19826585054397583
0.9604345560073853
0.4697554111480713
0.3287431597709656
0.6639269590377808
0.4118618071079254
0.18954476714134216
0.40112632513046265
0.5469435453414917
0.48580360412597656
0.37640050053596497
0.2773924469947815
0.748273491859436
0.27298659086227417
0.4188179075717926
0.20125439763069153
0.711719810962677
0.824210524559021
0.8102260828018188
0.6970489025115967
0.20211629569530487
0.285826712846756
0.2986936867237091
0.3074144124984741
0.41749414801597595
0.5020521879196167
0.28928714990615845
0.45484456419944763
0.38169771432876587
0.376970112323761
0.19571758806705475
0.7371451258659363
0.7511292099952698
0.2978179454803467
0.7262408137321472
0.42744049429893494
0.4595215320587158
0.35222023725509644
0.3447032570838928
1.0254290103912354
0.27707961201667786
0.4028073847293854
0.4509926438331604
0.42663246393203735
0.5886799097061157
0.5534638166427612
0.4891475737094879
0.40196824073791504
0.6019489765167236
0.4633263647556305
0.4495203495025635
0.291534423828125
0.12404707819223404
0.5915418267250061
0.40007591247558594
0.3736988306045532
0.26034384965896606
0.6646066904067993
0.2113073766231537
0.32326021790504456
0.3465087413787842
0.688656747341156
0.6650826334953308
0.2023639678955078
0.4339217245578766
0.4128996729850769
0.1966400295495987
0.20320013165473938
0.4967328906059265
0.4774109721183777
0.18660934269428253
0.3783557116985321
0.3009750247001648
0.3293885588645935
0.23757433891296387
0.2874389588832855
0.2500768005847931
0.2589295208454132
0.28641974925994873
0.275287002325058
0.8170336484909058
0.6939224600791931
0.22602219879627228
0.2755734920501709
0.5210735201835632
0.35985076427459717
0.5204209089279175
0.34682542085647583
0.46322837471961975
0.22580714523792267
0.23801180720329285
0.16019579768180847
0.772416889667511
0.6402223110198975
0.6809443235397339
0.6065880060195923
0.45046648383140564
0.46802955865859985
0.4588472247123718
0.39750203490257263
0.26371705532073975
0.6453385949134827
0.4322687089443207
0.5756051540374756
0.6625625491142273
0.6556411981582642
0.6634649634361267
0.3235124945640564
0.43784189224243164
0.3891037106513977
0.2688482105731964
0.37573686242103577
0.4159236550331116
0.3830234408378601
0.4117737412452698
0.2643614411354065
0.4076187014579773
0.20575639605522156
0.25375914573669434
0.6254123449325562
0.3937162160873413
0.5961250066757202
0.49306195974349976
0.4308425784111023
0.3958470821380615
0.3119436204433441
0.5181752443313599
0.5220139622688293
0.523062527179718
0.2986796498298645
0.8141868710517883
0.45975416898727417
0.4237520098686218
0.6589810252189636
0.4314674437046051
0.4702371060848236
0.24987104535102844
0.19315966963768005
0.615082323551178
0.35380953550338745
0.594607949256897
0.6085344552993774
0.41656923294067383
0.24642276763916016
0.25546619296073914
0.17872893810272217
0.6433209180831909
0.4342844486236572
0.5879828333854675
0.3704647719860077
0.236516073346138
0.5209783315658569
0.19496741890907288
0.27108362317085266
0.3516649603843689
0.5145879983901978
0.30237799882888794
0.18158161640167236
0.30265671014785767
0.7129067182540894
0.2520342469215393
0.5639174580574036
0.555271565914154
0.2697441279888153
0.3938659727573395
0.5580227971076965
0.38106560707092285
0.989231288433075
0.45162099599838257
0.4186585545539856
0.26930513978004456
0.48020491003990173
0.46116846799850464
0.8973270654678345
0.4248979985713959
0.29402512311935425
0.3698105812072754
0.2528758645057678
0.6416724324226379
0.3476071059703827
0.4044268727302551
0.7252585887908936
0.3693203032016754
0.07079976797103882
0.44074004888534546
0.1916714906692505
0.6565133333206177
0.21670886874198914
0.7042905688285828
0.4973662495613098
0.4278028905391693
0.1774940937757492
0.8866949081420898
0.2722146213054657
0.354655921459198
0.3363581895828247
0.6301785707473755
0.4012576639652252
0.7342044711112976
0.3424619734287262
0.23205336928367615
0.5934096574783325
0.28996214270591736
0.6042566299438477
0.38464784622192383
0.3143172264099121
0.45259857177734375
0.3280494511127472
0.46151572465896606
0.3675549626350403
0.5596824288368225
0.5946118831634521
0.4555327296257019
0.39941713213920593
0.24728509783744812
0.3290685713291168
0.31942668557167053
0.10516583919525146
0.23552560806274414
0.35090261697769165
0.4481831192970276
0.48529285192489624
0.5796005129814148
0.452827513217926
0.24652929604053497
0.49696582555770874
1.0527149438858032
0.3371325731277466
0.20693039894104004
0.260356068611145
0.396294504404068
0.3030073046684265
0.360658198595047
0.2601143717765808
0.482814222574234
0.37547820806503296
0.2789376974105835
0.5018255114555359
0.4272915720939636
0.5009328126907349
0.41628390550613403
0.191344752907753
0.06017689034342766
0.9812697172164917
0.41244134306907654
0.27526959776878357
0.41236671805381775
0.3051164448261261
0.28711646795272827
0.6259814500808716
0.515295684337616
0.703593909740448
0.34444302320480347
0.5591808557510376
0.8152637481689453
0.9345294237136841
0.23498745262622833
0.3862665593624115
0.138179749250412
0.7362509369850159
0.249140664935112
0.8019160032272339
0.8741661906242371
0.42788124084472656
0.6471098065376282
0.82097989320755
0.5002790093421936
0.5682679414749146
0.4644313454627991
0.30172964930534363
0.3680956959724426
0.2017970085144043
0.6642197370529175
0.44640201330184937
0.1754801720380783
0.17520619928836823
0.31443530321121216
0.5410190224647522
0.29279589653015137
0.41570910811424255
0.3325936198234558
0.7296874523162842
0.5117626786231995
0.15357182919979095
0.4269479811191559
0.6118862628936768
0.46706423163414
0.7626055479049683
0.22645077109336853
0.49857425689697266
0.7719563245773315
0.4753413796424866
0.3616388440132141
0.6484310030937195
0.703559398651123
0.5971585512161255
0.38661617040634155
0.5572904348373413
0.45767706632614136
0.22460341453552246
0.4305086135864258
0.9854230880737305
0.18092086911201477
0.5287690162658691
0.3125486373901367
0.4597752094268799
0.3729453384876251
0.8874790072441101
0.7976561188697815
0.5214396715164185
0.21733994781970978
0.3377957344055176
0.41052260994911194
0.42735975980758667
0.3070175051689148
0.7338225841522217
0.4178312420845032
0.2558031976222992
0.4707137942314148
0.4581336975097656
0.44907689094543457
0.5959039926528931
0.30769652128219604
0.27013081312179565
0.571724534034729
1.053856611251831
0.12001007795333862
0.5682263970375061
0.5302032232284546
0.36920711398124695
0.43203264474868774
0.4021996557712555
0.35583770275115967
0.3831154704093933
0.6051762104034424
0.5776301026344299
0.13411691784858704
1.1735742092132568
0.5262726545333862
0.6367873549461365
0.17386142909526825
0.17522090673446655
0.35018911957740784
0.48780718445777893
0.7994493246078491
0.49721431732177734
0.5425294637680054
0.4091049134731293
0.8360767364501953
0.2983441650867462
0.830400824546814
0.38157039880752563
0.4030117392539978
0.5166443586349487
0.30488353967666626
0.33950743079185486
0.4311646521091461
0.08652379363775253
0.20341268181800842
0.6860527396202087
0.25724953413009644
0.28862571716308594
0.41694560647010803
0.41798335313796997
0.40866661071777344
0.2549765706062317
0.14523550868034363
0.6092739105224609
0.5889458060264587
0.36993125081062317
0.4729407727718353
0.23360300064086914
0.5665188431739807
0.23135201632976532
0.46294912695884705
0.9933242797851562
0.398613840341568
0.4231904447078705
0.7384603023529053
0.6823927164077759
0.3732529282569885
0.6604512929916382
0.27760007977485657
0.547882080078125
0.2712266743183136
0.2732507288455963
0.4117144048213959
0.6054974794387817
0.8894221186637878
0.48231062293052673
0.2512738108634949
0.851571261882782
0.26846930384635925
0.346234530210495
0.33443737030029297
0.21640746295452118
0.69319748878479
0.648971676826477
0.4047974944114685
0.5860939025878906
0.20071622729301453
0.4686359465122223
0.3252217173576355
0.8598210215568542
0.33070048689842224
0.2089209258556366
0.2994050681591034
0.19648152589797974
0.08836241066455841
0.3584783673286438
0.6868193745613098
0.1419871747493744
0.19749125838279724
0.42507404088974
0.4862790107727051
0.7474032044410706
0.43297863006591797
0.7333420515060425
0.4283874034881592
0.3189743459224701
0.5411492586135864
0.4081636965274811
0.43765273690223694
0.5725358724594116
0.5965587496757507
0.1719880998134613
0.5900651812553406
0.3052982687950134
0.49423274397850037
0.31369107961654663
0.5986324548721313
0.35970064997673035
0.5766130089759827
0.659922182559967
0.47632259130477905
0.3185809254646301
0.3611603081226349
0.5011736154556274
0.24372389912605286
0.3858456015586853
0.5604404211044312
0.521129310131073
0.42874568700790405
0.22892756760120392
0.28164130449295044
0.4821694791316986
0.6914592981338501
0.29786577820777893
0.19168846309185028
0.757151186466217
0.15869322419166565
0.39326995611190796
0.8361780047416687
0.3927129805088043
0.3693907856941223
0.38537412881851196
0.32192057371139526
0.5869324803352356
0.4738294184207916
0.7003319263458252
0.4287950098514557
0.33823058009147644
0.3315655291080475
0.5318595170974731
0.30787912011146545
0.5515173673629761
0.6077562570571899
0.4419690668582916
0.230494886636734
0.2855265736579895
0.6082061529159546
0.15792281925678253
0.333472341299057
0.5283029675483704
0.28496330976486206
0.37969842553138733
0.6741736531257629
0.3426453173160553
0.4526011049747467
0.2379511147737503
0.4736801087856293
0.26929065585136414
0.3238334059715271
0.47756314277648926
0.28529566526412964
0.45532530546188354
0.15620212256908417
0.5477984547615051
0.367961049079895
0.6498209834098816
0.16358333826065063
0.587445855140686
0.6637245416641235
0.29683050513267517
0.5954324007034302
0.3480790853500366
0.5158255100250244
0.7660039663314819
0.42064666748046875
0.26948216557502747
0.4100204110145569
0.1704380065202713
0.2653389871120453
0.37786394357681274
0.3675655424594879
0.4935891032218933
0.4469490051269531
0.24048252403736115
0.32117363810539246
0.278450608253479
0.35410425066947937
0.23148047924041748
0.5391970276832581
0.5965415239334106
0.4903016984462738
0.447094202041626
0.3350108563899994
0.7459165453910828
0.4188089370727539
0.36988675594329834
0.48101893067359924
0.07018725574016571
0.5936830639839172
0.25482434034347534
0.3088501989841461
0.7780550718307495
0.28704750537872314
0.2566896378993988
0.47160547971725464
0.5750623941421509
0.6591147184371948
0.5850195288658142
0.3972858786582947
0.6749218702316284
0.7407570481300354
0.2577078342437744
0.43525877594947815
0.36913639307022095
0.675677478313446
0.9038650393486023
0.328418493270874
0.3129681348800659
0.4168083667755127
0.7883743643760681
0.46488338708877563
0.262336403131485
0.07090180367231369
0.4148135185241699
0.26657214760780334
0.29325389862060547
0.9303848147392273
0.5104707479476929
0.4747498631477356
1.263648509979248
0.7392301559448242
0.11856222152709961
0.4059426188468933
0.19628840684890747
0.3288640081882477
0.4600587487220764
0.6271708607673645
0.11482894420623779
0.21530309319496155
0.6659480333328247
0.39430922269821167
0.4216058850288391
0.3044305443763733
0.5012266635894775
0.4815834164619446
0.32290583848953247
0.3182259202003479
0.2775602340698242
1.0143362283706665
0.5231074094772339
0.5611990690231323
0.42576757073402405
0.2723558247089386
0.7696137428283691
0.3413921892642975
0.23399245738983154
0.390372097492218
0.3634231686592102
0.2873135209083557
0.7093111276626587
0.5676137804985046
0.4918287694454193
0.5414854884147644
0.5143800973892212
0.3536496162414551
0.5290666818618774
0.4610138535499573
0.30142658948898315
0.5980720520019531
0.6397675275802612
0.3283045291900635
0.31009578704833984
0.3732200264930725
0.5838420987129211
0.22294552624225616
0.5407649278640747
0.3208669126033783
0.497412770986557
0.4014924466609955
0.3149486482143402
0.6089841723442078
0.44658198952674866
0.3741917610168457
0.4313379228115082
0.31440210342407227
0.5955067873001099
0.6899819374084473
0.14760909974575043
0.6090548634529114
0.2239101678133011
0.40325623750686646
0.2534008324146271
0.1861761510372162
0.4027341306209564
0.2551974654197693
0.37995654344558716
0.39358898997306824
0.24643687903881073
0.15151657164096832
0.6424283385276794
0.18870368599891663
0.5325407981872559
0.5432906150817871
1.0710632801055908
0.49765220284461975
0.4551007151603699
0.26761654019355774
0.42916274070739746
0.4706946909427643
0.4497789442539215
0.6609428524971008
0.2083391696214676
0.41954493522644043
0.23541510105133057
0.4764181971549988
0.46703314781188965
0.7173122763633728
0.48204249143600464
0.414884090423584
0.3605690598487854
0.2605902850627899
0.4572013318538666
0.6288193464279175
0.5189148187637329
0.2578970193862915
0.2676974833011627
0.45828795433044434
0.37765300273895264
0.6404224634170532
0.6246259808540344
0.9001442193984985
0.21380312740802765
0.6759339570999146
0.4173586368560791
0.33875417709350586
0.21059930324554443
0.10221804678440094
0.6304982900619507
0.2751907706260681
0.3823854923248291
0.4056433141231537
0.5767211318016052
0.5253711938858032
0.891269326210022
0.06534300744533539
0.34441259503364563
0.44931039214134216
0.18458545207977295
0.37366288900375366
0.68692547082901
0.4375815987586975
0.42934155464172363
0.16857898235321045
0.13089105486869812
0.18111152946949005
0.3070277273654938
0.21414437890052795
0.44121766090393066
0.2820929288864136
0.2585020065307617
0.2762051522731781
0.36792561411857605
0.46765512228012085
0.2944033145904541
0.338100403547287
0.27424976229667664
0.32413044571876526
0.3164459764957428
0.4519956707954407
0.49997472763061523
0.28723639249801636
0.526581883430481
0.7646483182907104
0.5121937990188599
0.25568655133247375
0.21443328261375427
0.9617072343826294
0.33776232600212097
0.7156816720962524
0.5400220155715942
0.39362841844558716
0.4275375008583069
0.37354031205177307
0.3617183566093445
0.42676272988319397
0.33499079942703247
0.27679118514060974
0.2681855261325836
0.35884836316108704
0.5922529697418213
0.756389319896698
0.4362664222717285
0.35424965620040894
0.3500077426433563
0.37228554487228394
0.7854920625686646
0.24674227833747864
0.2723533809185028
0.2718812823295593
0.412339985370636
0.2975425124168396
0.34949707984924316
0.4723951816558838
0.963261604309082
0.34655848145484924
0.33620375394821167
0.6016634106636047
0.5139318704605103
0.30838543176651
0.17642875015735626
0.6628280282020569
0.3726949095726013
1.3003703355789185
0.5562381744384766
0.6011173129081726
0.3726899027824402
0.596897542476654
0.18313822150230408
0.2456251084804535
0.3510047495365143
0.5623418092727661
0.2530753016471863
0.7211560010910034
0.5881479382514954
0.25656402111053467
0.29161280393600464
0.3473793864250183
0.27335911989212036
0.2849651873111725
0.3154826760292053
0.27361688017845154
0.17587213218212128
0.5195555090904236
0.19501076638698578
0.20611345767974854
0.524194598197937
0.49962878227233887
0.42106956243515015
0.4408124089241028
0.29818087816238403
0.4361807703971863
0.2442747801542282
0.37576115131378174
0.15127846598625183
0.30861952900886536
0.5580319166183472
0.8186017870903015
0.5637937784194946
0.3785545229911804
0.34173208475112915
0.30645257234573364
0.2946333587169647
0.326242059469223
0.1827782243490219
0.1813262403011322
0.21446362137794495
0.8749456405639648
0.2562503218650818
0.3164820969104767
0.4941118359565735
0.6617085337638855
0.6078951954841614
0.2068854570388794
0.5807286500930786
0.35045111179351807
0.41294702887535095
0.04052555561065674
0.5017746686935425
0.5907337069511414
0.2630704939365387
0.28937968611717224
0.36074894666671753
0.5089799165725708
0.31913694739341736
0.5299078822135925
0.16374357044696808
0.3888961672782898
0.20503684878349304
0.5460237264633179
0.6183346509933472
0.39628151059150696
0.7778877019882202
0.3310471773147583
0.6214954257011414
0.7326038479804993
0.525870144367218
0.3106963038444519
0.22979328036308289
0.4909195899963379
0.25071150064468384
0.5845056772232056
0.3908854126930237
0.19472616910934448
0.24111366271972656
0.7036062479019165
0.17826354503631592
0.3084132671356201
0.5082665681838989
0.5216370224952698
0.21823444962501526
0.6244461536407471
0.6763345003128052
0.46549883484840393
0.187845379114151
0.3780621886253357
0.21483738720417023
0.12936235964298248
0.369446337223053
0.5320018529891968
0.6764981150627136
0.29117321968078613
0.5065745711326599
0.48451024293899536
0.19641335308551788
0.7632445693016052
0.6909934282302856
0.3154171407222748
0.26535487174987793
0.8431490063667297
0.3915384113788605
0.5036133527755737
0.42416948080062866
0.23837144672870636
0.18108543753623962
0.3231988847255707
0.8927094340324402
0.6069653630256653
0.3968260884284973
0.4246719777584076
0.42274561524391174
0.190303236246109
0.15210317075252533
0.8482230305671692
0.2502056062221527
0.25392237305641174
0.5128359198570251
0.21775572001934052
0.3379185199737549
0.23820176720619202
0.6798866987228394
0.5625489950180054
0.4146732687950134
0.4524661898612976
0.3266364336013794
0.5833760499954224
0.36235949397087097
0.3554752469062805
0.3611738979816437
0.33965951204299927
0.4353840947151184
0.18210665881633759
1.15835440158844
0.5296003222465515
0.39484113454818726
0.1578361839056015
1.103023886680603
0.11616171896457672
0.3747308850288391
0.615066647529602
0.2360217273235321
0.6115612387657166
0.44068804383277893
0.23575234413146973
0.6277743577957153
0.5370944738388062
0.33353471755981445
0.18051184713840485
0.3398192524909973
0.6273819208145142
0.34216874837875366
0.42216381430625916
0.3890291750431061
0.8560003042221069
0.44415149092674255
0.4711199402809143
0.5585016012191772
1.0220774412155151
0.5761008858680725
0.35762590169906616
0.4876244068145752
0.7796663641929626
0.618467390537262
0.5118445754051208
0.3801514208316803
0.3572118878364563
0.2810664772987366
0.47099751234054565
0.557672381401062
0.2744394838809967
0.42403143644332886
0.9498569369316101
0.31887105107307434
0.6042400002479553
0.293618768453598
0.3074866533279419
0.22346405684947968
0.48936715722084045
0.5248845219612122
0.32139167189598083
0.1887352019548416
0.4056590497493744
0.3429699242115021
0.41072878241539
0.6910067200660706
0.49022525548934937
0.6433663964271545
0.4775259494781494
0.9952574968338013
0.4222749173641205
0.23755641281604767
0.5881682634353638
0.5371936559677124
0.342052161693573
0.5226577520370483
0.29969123005867004
0.5608779191970825
0.20881493389606476
0.31644073128700256
0.429004430770874
0.13947293162345886
0.0876307561993599
0.4155263304710388
0.3510378897190094
0.3286585211753845
0.18892131745815277
0.3349980413913727
0.5614204406738281
0.15187174081802368
0.23244300484657288
0.21431982517242432
0.34340354800224304
0.6827918291091919
0.5166518688201904
0.22258034348487854
0.45932579040527344
0.6455894112586975
0.208475261926651
0.16309648752212524
0.7492198944091797
0.6286743879318237
0.8081709742546082
0.17896996438503265
0.5205594897270203
0.38368308544158936
0.2427951544523239
0.49107813835144043
0.6349195241928101
0.3762010335922241
0.46224647760391235
0.3251174986362457
0.8035684823989868
0.36250370740890503
0.2059660404920578
0.4956744611263275
0.10961588472127914
0.26784950494766235
0.2753162980079651
0.8976640701293945
0.3500421643257141
0.28275755047798157
0.1653948873281479
1.0532805919647217
0.333575576543808
0.5833720564842224
0.5411163568496704
0.2880738377571106
0.5797280073165894
0.3174567222595215
0.3259854316711426
0.30669015645980835
0.1932952105998993
0.4149206280708313
0.52109694480896
0.2758409082889557
0.6298808455467224
0.28280019760131836
0.4854961037635803
0.5192193984985352
0.4481281340122223
0.19315265119075775
0.3926571011543274
0.28477540612220764
0.3459996283054352
0.5227867960929871
0.4929652810096741
0.5837882161140442
0.5214736461639404
0.3000446557998657
0.3955989480018616
0.6732392311096191
0.24078509211540222
0.28891411423683167
0.3165432810783386
0.18646790087223053
0.4370483458042145
0.26552435755729675
0.24967455863952637
0.11367436498403549
0.27247941493988037
0.07570988684892654
0.31412097811698914
0.5226095914840698
0.5123069286346436
0.3161088824272156
0.5157099962234497
0.4553961753845215
0.6350353956222534
0.18119262158870697
0.3683938980102539
0.5283479690551758
0.2482280433177948
0.39362359046936035
0.3976983428001404
0.8186120986938477
0.4828811287879944
0.1706385463476181
0.5079179406166077
0.32750555872917175
0.1558382511138916
0.2956826090812683
0.3571184575557709
0.6275824308395386
0.47161751985549927
0.7540741562843323
0.24543046951293945
0.3266754746437073
0.47922414541244507
0.07661868631839752
0.18480147421360016
0.3225146532058716
0.3419498801231384
0.35085535049438477
0.10077987611293793
0.16980138421058655
0.5721454620361328
0.3715810179710388
0.12380756437778473
0.643115758895874
0.3832452893257141
0.6347124576568604
0.7170531749725342
0.5006440877914429
0.2348913848400116
0.2903122305870056
0.4365944266319275
0.30012208223342896
0.3190990090370178
0.4037404954433441
0.4277307391166687
0.2028166502714157
0.35936805605888367
0.7197104096412659
0.2674659192562103
0.4844432473182678
0.21928246319293976
0.3145541250705719
0.26967522501945496
0.3051392436027527
0.3303722143173218
0.16732636094093323
0.3515682816505432
0.4862673282623291
0.5133811831474304
0.525438666343689
0.8175485730171204
0.30987873673439026
0.32279330492019653
0.0675382986664772
0.20905272662639618
0.7116405367851257
0.3289364278316498
0.5089826583862305
0.46546727418899536
0.16159334778785706
0.49646544456481934
0.30300459265708923
0.9875790476799011
0.9193892478942871
0.541990339756012
0.4384056031703949
0.7813153266906738
0.2332945615053177
0.47634825110435486
0.533564031124115
0.48839062452316284
0.18251946568489075
0.8411805033683777
0.3124921917915344
0.26483264565467834
1.5877259969711304
0.3467799425125122
0.5714312791824341
0.5069987177848816
0.5632752776145935
0.3971847891807556
0.27376589179039
0.35171064734458923
0.3144686818122864
0.19755244255065918
0.8346271514892578
0.6256955862045288
0.5197696089744568
0.41073551774024963
0.613465428352356
0.7541605234146118
0.9382287263870239
0.30846107006073
0.7071105241775513
0.2360105961561203
0.4048573076725006
0.5628278851509094
0.45759186148643494
0.35214564204216003
0.151015043258667
0.3942856788635254
0.4062553346157074
0.43068400025367737
0.1712610125541687
0.31706517934799194
0.4851338863372803
0.997218132019043
0.5134001970291138
0.5081256031990051
0.3775128722190857
0.1252073347568512
0.311337411403656
0.3670918047428131
0.305980384349823
0.45214205980300903
0.23487576842308044
0.47354501485824585
0.38858044147491455
0.3350505530834198
0.2648389935493469
0.6323657035827637
0.15742865204811096
0.15377114713191986
0.6504179835319519
0.4069892466068268
0.34602484107017517
0.4843119978904724
0.381774365901947
0.8286772966384888
0.50890052318573
0.3750622570514679
0.645408034324646
0.39570140838623047
0.42555880546569824
0.2839037775993347
0.7123042345046997
0.2588239014148712
0.28094059228897095
0.3803960978984833
0.9079546928405762
0.2136417180299759
0.5090927481651306
0.44205403327941895
0.43224868178367615
0.2574555277824402
0.5202078819274902
0.29014134407043457
0.2969948947429657
0.4418738782405853
0.22958660125732422
0.7533234357833862
0.20139701664447784
0.43040338158607483
1.0991703271865845
0.21514031291007996
0.691639244556427
0.2756061851978302
0.2578950524330139
0.2811811566352844
0.5174587965011597
0.47422951459884644
0.3567369282245636
0.5011220574378967
0.2649327218532562
0.23640921711921692
0.982807993888855
0.1999203860759735
0.272980272769928
0.683626651763916
1.0406463146209717
0.5158666968345642
1.0846363306045532
0.48257842659950256
0.3393281400203705
0.46173104643821716
0.59003084897995
0.4233323633670807
0.43602925539016724
0.28519460558891296
0.4593241214752197
0.28315168619155884
0.2816459536552429
0.4415094256401062
0.15482494235038757
0.20507243275642395
0.13233335316181183
0.6084335446357727
0.3532412052154541
0.47812074422836304
1.0329780578613281
0.417405903339386
0.7896549701690674
0.233191579580307
0.24364812672138214
0.26616114377975464
0.6587607264518738
0.2517758905887604
0.8020943403244019
0.13337133824825287
0.5661930441856384
0.3233706057071686
0.8565742373466492
0.40283316373825073
1.3563318252563477
0.37041065096855164
0.34772464632987976
0.4420437812805176
0.6322575211524963
0.4618501663208008
0.42434772849082947
0.6539888381958008
0.5364369750022888
0.5147483944892883
0.484020859003067
0.17353633046150208
1.065609335899353
0.36180201172828674
0.5689913034439087
0.40029531717300415
1.057044506072998
0.20032021403312683
0.5262052416801453
0.5943942070007324
0.2955757975578308
0.3920157551765442
0.48796218633651733
0.8074919581413269
0.2914968430995941
0.6285570859909058
0.2922685146331787
0.422346830368042
0.3838697075843811
0.3493727743625641
0.32645922899246216
0.132420152425766
0.8630571365356445
0.3268965184688568
0.5487299561500549
0.5773337483406067
0.34711822867393494
0.4812130331993103
0.6558207273483276
0.501457929611206
0.19234634935855865
0.6460561752319336
0.21608400344848633
0.21137471497058868
0.4210466742515564
0.3664601147174835
0.5971543788909912
0.48396188020706177
0.2476670742034912
0.6669546365737915
0.2380640059709549
0.32546132802963257
0.7834757566452026
0.4601481854915619
0.10941541194915771
0.3134339451789856
0.5113047957420349
0.35668808221817017
0.296535849571228
0.34162211418151855
0.20519514381885529
0.33139312267303467
0.3384995758533478
0.6376156806945801
0.47211822867393494
0.40563565492630005
0.33849936723709106
0.37210288643836975
0.6908824443817139
0.36531224846839905
0.5383709669113159
0.4031190276145935
0.40356048941612244
0.2829769253730774
0.43534189462661743
0.3705124258995056
0.1282336711883545
0.3437538743019104
0.3536500930786133
0.6456391215324402
0.7063556909561157
0.42748546600341797
0.41198816895484924
0.33344075083732605
0.4115300178527832
0.49323025345802307
0.613364577293396
0.5785079002380371
0.13911846280097961
0.8693096041679382
0.46112576127052307
0.9198243021965027
0.31782910227775574
0.3402289152145386
0.24356937408447266
0.5172390937805176
0.4796104431152344
0.5021363496780396
0.16626769304275513
0.3316516876220703
0.3919915556907654
0.3641417622566223
0.21737852692604065
0.23771770298480988
0.24709244072437286
0.6792706251144409
0.3050028681755066
0.2328093945980072
0.5791195631027222
0.19634991884231567
0.35008689761161804
0.4825350344181061
0.5197271704673767
0.3558875620365143
0.768757700920105
0.43651995062828064
0.36262577772140503
0.41587191820144653
0.44680991768836975
0.3919864892959595
0.4161999225616455
0.3288467526435852
0.2608853578567505
0.44473475217819214
0.6764758825302124
0.4460914731025696
0.7686208486557007
0.20906241238117218
0.2158825695514679
0.48557090759277344
0.11988933384418488
0.27492085099220276
0.5471586585044861
0.2587655484676361
0.7952150702476501
0.2823546826839447
0.31283172965049744
0.4615023732185364
0.21182000637054443
0.15480008721351624
0.6557109951972961
0.32333022356033325
0.3331223130226135
0.5324141383171082
0.5890664458274841
0.2812349796295166
0.3656601905822754
0.3598020672798157
0.88154137134552
0.2092536985874176
0.7390415668487549
0.3606555163860321
0.3952748775482178
0.2632893919944763
0.22241508960723877
0.5540260076522827
0.47672051191329956
0.3205878734588623
0.4142917990684509
0.29139143228530884
0.46111011505126953
0.5693447589874268
0.4835461974143982
0.3194092810153961
0.49739885330200195
0.41266337037086487
0.2018011063337326
1.0153197050094604
0.14056774973869324
0.46044737100601196
0.5409970283508301
0.7912272214889526
0.14907197654247284
0.2540980875492096
0.6648122668266296
0.4405701160430908
0.19142262637615204
0.45259419083595276
0.2617701590061188
0.3408586382865906
0.6335536241531372
0.43146777153015137
0.2889641523361206
0.7005199193954468
0.6002100110054016
0.3664252460002899
0.6158266663551331
0.27478766441345215
0.6183140277862549
0.18526604771614075
1.0074049234390259
0.4981410503387451
0.3197377324104309
0.5394765138626099
0.1830422580242157
0.20622694492340088
0.3854447901248932
0.4330507814884186
0.25263383984565735
0.4348529875278473
0.35790467262268066
0.454195499420166
0.5691455602645874
0.9742789268493652
0.334774911403656
0.2710946202278137
0.23978133499622345
0.3508015275001526
0.5320090055465698
0.5920765995979309
0.2692660987377167
0.5744937658309937
0.4389096200466156
0.4515702724456787
0.14105841517448425
0.6918932199478149
0.2860448658466339
0.18341363966464996
0.3323688805103302
0.3613818883895874
0.27928733825683594
0.4792391359806061
0.3962376117706299
0.7880194187164307
0.2710939049720764
1.0320725440979004
0.3889528810977936
0.2799546420574188
0.14205017685890198
0.573387622833252
0.26727554202079773
0.4748021960258484
0.2676270306110382
0.4018133282661438
0.5023351907730103
0.4387550354003906
0.21404936909675598
0.4914540648460388
0.6221722364425659
0.23205426335334778
0.23237815499305725
0.7233931422233582
0.28650549054145813
0.5529268980026245
0.5896586775779724
0.4193900525569916
0.2241518199443817
0.6243311762809753
0.34526482224464417
0.7859950065612793
0.2372688502073288
0.4430154860019684
0.4271722435951233
0.4691985249519348
0.16660523414611816
0.40394338965415955
0.3185938596725464
0.8066022992134094
0.39506828784942627
0.596145749092102
0.2841431200504303
0.5001562237739563
0.11106965690851212
0.19472557306289673
0.8037705421447754
0.5025292038917542
0.4616624414920807
0.5047949552536011
0.2717602849006653
0.8500279188156128
0.2678816318511963
0.20665152370929718
0.22769594192504883
0.3075893819332123
0.48713335394859314
0.6069781184196472
0.14891009032726288
0.08441472798585892
0.8925079107284546
0.5354127287864685
0.46422967314720154
0.6089553236961365
0.3095586895942688
0.47062015533447266
0.7383403182029724
0.6347973942756653
0.30934080481529236
0.3260858952999115
0.2662867307662964
0.850741982460022
0.624784529209137
0.29214736819267273
0.3613419830799103
0.39915794134140015
0.1605541855096817
0.4560490548610687
0.3948794901371002
0.6880263090133667
0.33143240213394165
0.7218049764633179
0.44826561212539673
0.5575345754623413
0.3204711079597473
0.6399417519569397
0.37058761715888977
0.2760479152202606
0.1563718020915985
0.3013683557510376
0.45736879110336304
0.39383500814437866
0.7873021364212036
0.26766541600227356
0.15353812277317047
0.4755769371986389
0.41872161626815796
0.15170805156230927
0.300367534160614
0.28110402822494507
0.9256196022033691
0.3390236794948578
0.8349220156669617
0.27199217677116394
0.4709758162498474
0.4884048402309418
0.3283087909221649
0.48522526025772095
0.15931789577007294
0.6920124292373657
0.5593836903572083
0.525675892829895
0.24395355582237244
0.5871452689170837
0.31555992364883423
0.876163125038147
0.509602427482605
0.4088993966579437
0.28111547231674194
0.2696898877620697
0.5692827701568604
0.3613636791706085
0.14855943620204926
0.15311722457408905
0.3483176529407501
0.7309361696243286
0.3938598930835724
0.2976313829421997
0.1753799468278885
0.5177465677261353
0.8401080369949341
0.5552970170974731
0.5662247538566589
0.146207794547081
0.422485888004303
0.5690838694572449
0.68327397108078
0.3688508868217468
0.17747750878334045
0.5483748316764832
0.38397809863090515
0.14169849455356598
0.3185737729072571
0.1858041137456894
0.589413583278656
0.33801740407943726
0.1993081122636795
0.4091401696205139
0.3868093192577362
0.32542139291763306
0.35411733388900757
0.5144808888435364
0.2900783121585846
0.17406710982322693
0.4107435345649719
0.7418782711029053
0.5476359128952026
0.45233216881752014
0.5434050559997559
0.0895250216126442
0.26202744245529175
0.4289420247077942
0.21705694496631622
0.7764533162117004
0.23979787528514862
0.5393819808959961
0.19515669345855713
0.37357258796691895
0.36144956946372986
0.29340893030166626
0.2738491892814636
0.8156708478927612
0.4491025507450104
0.7181645631790161
0.19466623663902283
0.36105895042419434
0.4927006661891937
0.5642074346542358
0.6143359541893005
0.7414833307266235
0.4438212811946869
0.1826801598072052
0.45170220732688904
0.7253762483596802
0.24883413314819336
0.44092369079589844
0.3940940201282501
0.38703420758247375
0.5854138135910034
0.2269272357225418
0.2758011519908905
0.45235785841941833
0.20327289402484894
0.5071495771408081
0.609911322593689
0.268471360206604
0.44349217414855957
0.32468342781066895
0.1775558590888977
0.4418373703956604
0.2246386557817459
0.30112284421920776
0.3581741452217102
0.616902232170105
0.7818794250488281
0.6341990232467651
0.28911373019218445
1.2038594484329224
0.2703663408756256
0.22077777981758118
0.23407213389873505
0.8625199198722839
0.9496304392814636
0.7017771005630493
0.44621771574020386
0.1823524534702301
0.6504617929458618
0.5847615599632263
0.24591629207134247
0.44432201981544495
0.6278711557388306
0.4585098326206207
0.4552426338195801
0.38581568002700806
0.6435214877128601
0.4210398197174072
0.2727544903755188
0.5922311544418335
0.46291762590408325
0.855352520942688
0.25252050161361694
0.588318943977356
0.8195505142211914
0.5858174562454224
0.4373384118080139
0.15584099292755127
0.41436344385147095
0.23576335608959198
0.23782134056091309
0.5850647687911987
0.2106960564851761
0.5896775126457214
0.4360361695289612
0.3792559802532196
0.3609229028224945
0.6207610368728638
0.35912930965423584
0.420173317193985
0.3164365291595459
0.8978669047355652
0.24910417199134827
0.5276521444320679
0.41319698095321655
0.5647414922714233
0.2909339666366577
0.7533411979675293
0.5772446393966675
0.5768950581550598
0.3072039783000946
0.6171253323554993
0.3902120590209961
0.23753556609153748
0.6951061487197876
0.31571245193481445
0.36616048216819763
0.26456472277641296
0.6672090291976929
0.13639520108699799
0.44076037406921387
0.34977924823760986
0.36950060725212097
0.5497996211051941
0.7545827031135559
0.29984983801841736
0.35539746284484863
0.3831050992012024
0.3676448464393616
0.33484211564064026
0.3292965292930603
0.5776490569114685
0.4067493975162506
0.5503053069114685
0.45819705724716187
0.3674454092979431
0.5736077427864075
0.2508409917354584
0.4380419850349426
0.5704900026321411
0.20815818011760712
0.24911311268806458
0.2984485626220703
0.1979447901248932
0.2314729243516922
0.309371680021286
0.6436033844947815
0.34212151169776917
0.7098273634910583
0.49735936522483826
0.555974543094635
0.672828197479248
0.24489310383796692
0.32004469633102417
0.22815604507923126
0.6347450017929077
0.265843003988266
0.2600594162940979
0.22263164818286896
0.8052094578742981
0.3481770157814026
0.4784380793571472
0.28168246150016785
0.7075043320655823
0.7400819659233093
0.5519739985466003
0.16010645031929016
0.28964799642562866
0.1594720333814621
0.4523707926273346
0.3642505407333374
0.31877249479293823
0.4168803095817566
0.2738407254219055
0.482621431350708
0.4665862023830414
0.589452862739563
0.8030741810798645
0.35009491443634033
0.6110354065895081
0.4279584288597107
1.1135553121566772
0.1950804740190506
0.25302833318710327
0.9255094528198242
0.1779264658689499
0.2347131222486496
0.6213289499282837
0.34617096185684204
0.2167351245880127
0.2861132323741913
0.5041636228561401
0.2741209864616394
1.044248342514038
0.423001766204834
0.617668092250824
0.8659214973449707
0.8043469190597534
0.28248172998428345
0.21906857192516327
0.5564712882041931
0.6012250781059265
0.1980595737695694
0.3232659101486206
0.30263978242874146
0.3584282398223877
0.5018097162246704
0.29344937205314636
0.20231100916862488
0.3377825617790222
0.23349261283874512
0.1777951717376709
0.5104677677154541
0.40106791257858276
0.25550833344459534
0.3498085141181946
0.2202087938785553
0.4127172529697418
0.4694899618625641
0.29004451632499695
0.5179921984672546
0.09399332106113434
0.16371364891529083
0.48563820123672485
0.2279127836227417
0.5158225893974304
0.446312814950943
0.20577752590179443
0.29223716259002686
0.2070785015821457
0.7898064255714417
0.39155417680740356
0.47226086258888245
0.4124205708503723
0.670686662197113
0.09233035892248154
0.4758707880973816
0.2110581398010254
0.07638493180274963
0.4023647904396057
0.34116652607917786
0.24621562659740448
0.5032433867454529
0.26192885637283325
0.5256903767585754
0.2662023901939392
0.5023531317710876
0.2910830080509186
0.3071069121360779
0.6721473932266235
0.561211347579956
0.4219048023223877
0.2828724682331085
0.2917361557483673
0.5605279207229614
0.8163093328475952
0.42692136764526367
0.6019864082336426
0.4082919657230377
0.2389356791973114
0.43675774335861206
0.1538340002298355
0.13811331987380981
0.3689373731613159
0.4773617386817932
0.5038867592811584
0.3798030912876129
0.27700453996658325
0.33471471071243286
0.5322552919387817
0.21434888243675232
0.5986175537109375
0.14266353845596313
0.27048736810684204
0.4786229729652405
0.46800193190574646
0.23798397183418274
0.22100789844989777
0.24092881381511688
0.20252938568592072
0.6212538480758667
0.17785564064979553
0.292525976896286
0.44973745942115784
0.8148415684700012
0.44321170449256897
0.3374261260032654
0.3265398144721985
0.5722887516021729
0.5326676368713379
0.2408037930727005
0.33414188027381897
0.2900373041629791
0.24971070885658264
0.17038564383983612
0.6213001608848572
0.6070821285247803
0.10255450010299683
0.34484681487083435
0.4034619927406311
0.29885444045066833
0.9845871925354004
0.3842748701572418
1.030150055885315
0.5658521056175232
0.19448783993721008
0.36919426918029785
0.2047578990459442
0.3209333121776581
0.3086453378200531
0.37073254585266113
0.6569184064865112
0.5001017451286316
0.3062191903591156
0.2894965708255768
0.49534282088279724
1.0642393827438354
0.8602892160415649
0.5734754204750061
0.7683495283126831
0.7168025970458984
0.38386642932891846
0.287235826253891
0.43383198976516724
0.4033571779727936
0.4618287682533264
0.5328245162963867
0.39127272367477417
0.29735270142555237
0.5318565964698792
0.48135948181152344
0.7571386098861694
0.39042168855667114
0.5618703365325928
0.4081870913505554
0.5979266166687012
0.44735240936279297
0.38983815908432007
0.29762452840805054
0.28020066022872925
0.17073187232017517
0.3702600598335266
0.3467455208301544
0.273143470287323
0.6658583283424377
0.3209841847419739
0.32913917303085327
0.27697184681892395
0.4665442407131195
0.1526242196559906
0.4264649450778961
1.1617279052734375
0.4480927884578705
0.7923063039779663
0.32025739550590515
0.1570281982421875
0.5732970237731934
0.5017713308334351
0.22518961131572723
0.274538516998291
0.6025208234786987
0.5448094606399536
0.32675474882125854
0.5007424354553223
0.11783958971500397
0.378850519657135
0.4806506633758545
0.28969112038612366
0.6737090349197388
0.38836970925331116
0.22395411133766174
0.2907121777534485
0.15246954560279846
0.6655696034431458
0.4986914098262787
0.5478128790855408
0.42407163977622986
0.3274461627006531
0.35613611340522766
0.8482133150100708
0.23850123584270477
0.6864369511604309
0.43911808729171753
0.3111713230609894
0.34684666991233826
0.34547820687294006
0.29531848430633545
0.1183084025979042
0.6406113505363464
0.5403951406478882
0.2991364598274231
0.3941357731819153
0.5155684947967529
0.4281412661075592
0.2649618685245514
0.36924710869789124
0.26319605112075806
0.45589479804039
0.6049152612686157
0.4477604925632477
0.47077956795692444
0.45678311586380005
0.14380979537963867
1.007737398147583
0.48691120743751526
0.35954830050468445
0.4772166311740875
0.46543020009994507
0.2255028486251831
0.2583872973918915
0.41670846939086914
0.5693755149841309
0.3900560140609741
0.5857016444206238
0.1173112615942955
0.47622618079185486
0.8140471577644348
0.24768812954425812
0.19235368072986603
0.35456398129463196
0.4696962237358093
0.2946181893348694
0.2925295829772949
0.3111841082572937
0.3957728147506714
0.9218854904174805
0.28504353761672974
0.07937708497047424
0.2030656337738037
0.853916347026825
0.40011343359947205
0.3297540247440338
0.32335302233695984
0.7399163246154785
0.9423606991767883
0.8688289523124695
0.2563782334327698
0.335387647151947
0.24483446776866913
0.4540753960609436
0.42077940702438354
0.28114214539527893
0.6430020332336426
1.019284963607788
0.42834892868995667
0.5274635553359985
0.45925766229629517
0.9907903671264648
0.6925799250602722
0.36391323804855347
0.6703159809112549
0.2861372232437134
0.44782572984695435
0.5144960284233093
0.33829420804977417
0.9413808584213257
0.27823299169540405
0.4354434609413147
0.3137011229991913
0.22470223903656006
0.31325727701187134
0.49628981947898865
0.22309140861034393
0.3362572491168976
0.2806463837623596
0.32469505071640015
0.9734445810317993
0.28325650095939636
0.5788630247116089
0.3331916034221649
0.15041004121303558
0.33492013812065125
0.269282728433609
0.5565604567527771
0.517743706703186
0.3953081965446472
0.5675399899482727
0.3415895998477936
0.49363017082214355
0.35401925444602966
0.8104135394096375
0.4027996063232422
0.6797151565551758
0.7498070001602173
0.3723439574241638
0.19565534591674805
0.41300034523010254
0.6199425458908081
0.461789608001709
0.2827414870262146
0.650208592414856
0.4053595960140228
0.27997106313705444
0.585214376449585
0.2685842216014862
0.5844995975494385
0.7200198173522949
0.3997809588909149
0.36353737115859985
0.31999775767326355
0.1905008852481842
0.6699441075325012
0.6644143462181091
0.31507813930511475
0.567013144493103
0.43085312843322754
0.5714024901390076
0.19307737052440643
0.23853227496147156
0.47681504487991333
0.3541041314601898
1.363262414932251
0.5824896097183228
0.4417685568332672
0.4203476309776306
0.3726554811000824
0.8240534067153931
0.4848858416080475
0.4435993731021881
0.5452618598937988
0.21690747141838074
0.320392370223999
0.7290676832199097
0.6959465146064758
0.3289119601249695
0.2537027895450592
0.40691256523132324
0.8243818283081055
0.621596097946167
0.5082231760025024
0.32686635851860046
0.4016127586364746
0.4230486750602722
0.49386972188949585
0.3686242699623108
0.5236150622367859
0.3567827343940735
0.26855841279029846
0.6790644526481628
0.4344848692417145
0.553162693977356
0.1478404551744461
0.6257860660552979
0.7191697955131531
0.5393465161323547
0.9393812417984009
0.5094389915466309
0.32839736342430115
0.475992351770401
0.48668551445007324
0.28114980459213257
0.21165034174919128
0.574509859085083
0.4257332682609558
0.23797233402729034
0.4730197489261627
0.2409367561340332
0.4150770604610443
0.47612613439559937
0.6254234313964844
0.778329074382782
0.3591306805610657
0.4445366859436035
0.3952888250350952
0.37448033690452576
0.2132510393857956
0.7057245373725891
0.46125441789627075
0.7201443910598755
0.29915133118629456
0.22246508300304413
0.31214258074760437
0.20779569447040558
0.1434016227722168
0.3232329487800598
0.2784293293952942
0.18895693123340607
0.3086620271205902
0.17841264605522156
0.5133171081542969
0.3238389194011688
0.48181015253067017
0.4013175070285797
0.3810234069824219
0.7429732084274292
0.4895326495170593
0.38706842064857483
0.5901440382003784
0.16527006030082703
0.46202898025512695
0.37197765707969666
0.525677502155304
0.4634556770324707
0.22065778076648712
0.3818720877170563
0.5787689685821533
0.30623960494995117
0.49415120482444763
0.11476528644561768
0.41643112897872925
0.7893573641777039
0.27479860186576843
0.5020712614059448
0.6633743643760681
0.2252841293811798
0.49525386095046997
0.45661529898643494
0.22621890902519226
0.26046380400657654
0.40888357162475586
0.36737167835235596
0.3925612270832062
0.332899808883667
0.7742384672164917
0.4784839153289795
0.3588150143623352
0.289250910282135
0.377722829580307
0.32695960998535156
0.42787298560142517
0.6288279294967651
0.2509121894836426
0.42315077781677246
0.09978781640529633
0.573660671710968
0.9381139874458313
0.34074655175209045
0.2862582206726074
0.2529413402080536
0.350483238697052
0.20978109538555145
0.383204847574234
0.30010825395584106
0.47874465584754944
0.39353272318840027
0.40140002965927124
0.4130271375179291
0.46802815794944763
0.14594922959804535
0.4596083164215088
0.5298824906349182
0.366471529006958
0.36696839332580566
0.6264084577560425
0.3068559467792511
0.7223595380783081
0.3363706171512604
0.5695704221725464
0.36295121908187866
0.4981367588043213
0.1701577752828598
0.39876648783683777
0.662647545337677
0.6432651877403259
0.4317094385623932
0.08685506880283356
0.277139276266098
0.3157297968864441
0.26937809586524963
0.49890822172164917
1.0031635761260986
0.3637753129005432
0.11792926490306854
0.4486190378665924
0.26820090413093567
0.3381672501564026
0.7290030717849731
0.35797619819641113
0.3316001296043396
0.46810656785964966
0.3250039517879486
0.879413902759552
0.5589050054550171
0.39839276671409607
0.485662043094635
0.9188798666000366
0.7026087641716003
0.2993314564228058
0.9418292045593262
0.13592298328876495
0.16130629181861877
0.4849728047847748
0.3739977478981018
0.38982054591178894
0.21120090782642365
0.43074145913124084
0.08614480495452881
0.5360672473907471
0.3041704595088959
0.24217137694358826
0.29590409994125366
0.4336196780204773
0.3318922519683838
0.5921659469604492
0.09875260293483734
0.3655434250831604
0.2157445251941681
0.46122902631759644
0.533418595790863
0.3466871380805969
0.39861661195755005
0.1176261305809021
0.5290220975875854
0.38388049602508545
0.2792746424674988
0.9121216535568237
0.2484177052974701
0.49820035696029663
0.19150014221668243
0.39495640993118286
0.13688039779663086
0.5506986379623413
0.46271657943725586
0.40852993726730347
0.3655894696712494
0.14634189009666443
0.3769611418247223
0.4094887673854828
0.4797450602054596
0.5304850339889526
0.3158225417137146
0.2231530398130417
0.8229345083236694
0.5940996408462524
0.4099198877811432
0.2907654047012329
0.24796731770038605
1.1454651355743408
0.43690285086631775
0.4075055718421936
0.3508194088935852
0.30758360028266907
0.2731741666793823
0.4879254400730133
0.6704046726226807
0.6739352941513062
0.37022337317466736
0.26281967759132385
0.8184950947761536
0.449970543384552
0.8175781965255737
0.3906640410423279
0.4988057017326355
0.16000136733055115
0.40352901816368103
0.3502267003059387
0.35795316100120544
0.5313005447387695
0.508539080619812
0.21940204501152039
0.5102642774581909
0.38160187005996704
0.36394113302230835
0.42640313506126404
0.19193437695503235
0.7874806523323059
0.7677546739578247
0.20277972519397736
0.3118894398212433
0.2740325331687927
0.33404025435447693
0.3148109018802643
0.5508819222450256
0.297969788312912
0.40074482560157776
0.1804826259613037
0.4242735505104065
0.25287118554115295
0.42683252692222595
0.391143262386322
0.3630748391151428
0.18691399693489075
0.34641268849372864
0.2649073004722595
0.1644819974899292
0.44810062646865845
0.4509863257408142
0.7087594270706177
0.2848570942878723
0.1430702656507492
0.47806715965270996
0.30607983469963074
1.1991775035858154
0.46744951605796814
0.603246808052063
0.23503777384757996
0.3307163417339325
0.4058583676815033
0.1920526921749115
0.27217501401901245
0.40580207109451294
0.510804295539856
0.42466098070144653
0.3217546045780182
0.4116925597190857
0.5110162496566772
0.7778230905532837
0.17925310134887695
0.16075880825519562
0.6681751012802124
0.41939085721969604
0.9285639524459839
0.5036996603012085
0.5659902691841125
0.1455105096101761
0.8776009678840637
0.29850125312805176
0.24732401967048645
0.33600640296936035
0.06816941499710083
0.27878090739250183
0.1902538686990738
0.40711960196495056
0.40279659628868103
0.20243588089942932
0.43317827582359314
0.4962756633758545
0.43471914529800415
0.33603399991989136
0.3321712613105774
0.23888203501701355
0.3488762676715851
0.1609790176153183
0.26761212944984436
0.28143972158432007
0.1878264844417572
0.8334020376205444
0.5186507105827332
0.8707045316696167
0.4383969306945801
0.25394338369369507
0.521355926990509
0.6722366809844971
0.7671383619308472
0.3430024981498718
0.7923270463943481
0.19869855046272278
0.24469411373138428
0.36018091440200806
0.4110115170478821
0.10024652630090714
0.35003936290740967
0.4127848148345947
0.5481597781181335
0.42088156938552856
0.8841144442558289
0.3650200664997101
0.4204949736595154
0.5179916620254517
0.6265788674354553
0.5171507596969604
0.22622135281562805
0.6071649789810181
0.40511688590049744
0.11789864301681519
0.24892278015613556
0.3448813557624817
0.40700021386146545
0.45018473267555237
0.2968328595161438
0.26633796095848083
0.8700336217880249
0.26644760370254517
0.4038684368133545
0.5016841888427734
0.3334764540195465
0.40556344389915466
0.9339267611503601
0.2727438509464264
0.4005008339881897
0.27346694469451904
0.7396786212921143
0.503673791885376
0.8755745887756348
0.46824589371681213
0.6441599130630493
0.23499970138072968
0.35700762271881104
0.8137014508247375
0.24559220671653748
0.2873111963272095
0.7130736708641052
0.3114657402038574
0.49106231331825256
0.37551015615463257
0.49774932861328125
0.7523185014724731
0.4098435342311859
0.40660619735717773
0.20881953835487366
0.6210419535636902
0.36616072058677673
0.7127267718315125
0.11565420776605606
0.4583658277988434
0.2973496913909912
0.1527635157108307
0.3735714256763458
0.4001912474632263
0.334775447845459
0.5391111969947815
0.313128262758255
0.3185165524482727
0.31854385137557983
0.23502059280872345
0.16470828652381897
0.5151582360267639
0.7077296376228333
0.24807052314281464
0.6155856251716614
0.5623441934585571
0.615047812461853
0.22857630252838135
0.41843289136886597
0.5424760580062866
0.25082913041114807
0.5877581238746643
0.1315457969903946
0.4567389488220215
0.22586731612682343
0.4126366674900055
0.4831102788448334
0.43455687165260315
0.36906909942626953
0.4774017930030823
0.2956600785255432
0.5853375196456909
0.6105915307998657
0.467766135931015
0.4882526993751526
0.518962025642395
0.5413646697998047
0.20232471823692322
0.4875497817993164
0.4920201897621155
0.11430598795413971
1.1425859928131104
0.43855127692222595
0.8608425855636597
0.24163897335529327
0.3507537543773651
0.43473559617996216
0.27734124660491943
0.42200416326522827
0.11222066730260849
0.42461103200912476
0.6126152873039246
0.31504741311073303
0.6504833698272705
0.4176701009273529
0.3792921304702759
0.40658703446388245
0.3246957063674927
0.5204071998596191
0.2660890221595764
0.4276667535305023
0.5062482953071594
0.6751090884208679
0.6075519323348999
0.1735532581806183
0.3978413939476013
0.4095951020717621
0.4460802972316742
0.5100182294845581
0.35341835021972656
0.7834373712539673
0.42311516404151917
0.3828698694705963
0.3652384877204895
0.2972625494003296
0.17734092473983765
0.5016570091247559
0.45261627435684204
0.39054036140441895
0.4028293192386627
0.17181064188480377
0.48804759979248047
0.3546887934207916
0.566977858543396
0.6392322778701782
0.5311466455459595
0.4408489763736725
0.3402595818042755
0.3685133755207062
0.4805644452571869
0.3650350868701935
0.5855638980865479
0.6696239709854126
0.37176886200904846
0.3117383122444153
0.25779789686203003
0.1385803520679474
0.4085000157356262
0.6349562406539917
0.6658146381378174
0.4915298521518707
0.6072932481765747
0.7063572406768799
0.7155566811561584
0.34351155161857605
0.355876088142395
0.395719975233078
0.3044722080230713
0.15866436064243317
0.3434599041938782
0.29176151752471924
0.28196725249290466
0.3136998414993286
0.2952958941459656
0.3861415684223175
0.5949383974075317
0.35263657569885254
1.0417890548706055
0.7398867011070251
0.9854914546012878
0.45801854133605957
0.3375317454338074
0.33236029744148254
0.20956003665924072
0.7117188572883606
0.22813650965690613
0.5088984370231628
0.737563967704773
0.03731556981801987
0.27472811937332153
0.5344706177711487
0.5775123834609985
0.20792743563652039
0.4570313096046448
0.4618563652038574
0.3393411338329315
0.3592539429664612
0.21560776233673096
0.4611734449863434
0.2507026195526123
0.3202645182609558
0.3305199444293976
0.30152958631515503
0.48188653588294983
0.36707931756973267
0.37658625841140747
0.27386799454689026
0.2525683641433716
0.5663740634918213
0.13154511153697968
0.2515636086463928
0.1879202276468277
0.2630597651004791
0.2195652276277542
0.49322646856307983
0.12963001430034637
0.1710655242204666
0.25481900572776794
0.5643452405929565
0.12911880016326904
0.45214909315109253
0.31120800971984863
0.2988104224205017
0.394013375043869
0.3164416253566742
0.20303794741630554
0.18075776100158691
0.5684210062026978
0.5929750800132751
0.3655434250831604
0.33190545439720154
0.5149134993553162
0.12930768728256226
0.3405540883541107
0.42837628722190857
0.6488470435142517
0.6161287426948547
0.37914222478866577
0.5562252998352051
0.7294678092002869
0.4596687853336334
0.4249320924282074
0.4195524752140045
0.42808476090431213
0.5840728282928467
0.7917234897613525
0.4725627899169922
0.5985856652259827
0.23776647448539734
0.6841099858283997
0.5988458395004272
0.6116198301315308
0.3180359899997711
0.9321889877319336
0.6114923357963562
0.6707754731178284
0.1781783252954483
0.4652565121650696
0.7132387757301331
0.18577700853347778
0.4615788459777832
0.42177802324295044
0.7055979371070862
0.24981001019477844
0.3876112103462219
0.3975328505039215
0.4379574656486511
0.6425135135650635
0.4375927448272705
0.23865409195423126
0.4700179100036621
0.755594789981842
0.2974020838737488
0.1789737045764923
0.492462158203125
0.32179272174835205
0.42779937386512756
0.24282383918762207
0.4585653245449066
0.461270809173584
0.44148188829421997
0.27578917145729065
0.44377246499061584
0.40997037291526794
0.12899360060691833
0.5832810997962952
0.4354454576969147
0.6219895482063293
0.33698204159736633
0.411276638507843
0.3323296904563904
0.4722874164581299
0.29881805181503296
0.44102415442466736
0.4739437997341156
0.4363718032836914
0.8622204661369324
0.4012247920036316
0.2937968075275421
0.2344386875629425
0.5616520047187805
0.29761606454849243
0.40040403604507446
0.23451440036296844
0.46188801527023315
0.5424243211746216
0.47265616059303284
0.687048614025116
0.2359754592180252
0.37431299686431885
0.12050314247608185
0.25235509872436523
0.4022185802459717
0.37472397089004517
0.7525937557220459
0.3466309607028961
0.542314350605011
0.15317387878894806
0.4269168972969055
0.4451470375061035
0.3064764738082886
0.2490263730287552
0.22947485744953156
0.5289081335067749
0.3409135043621063
0.39715322852134705
0.4117564260959625
0.5515851378440857
0.10765764862298965
0.30410194396972656
0.505863606929779
0.4749796986579895
0.5603212118148804
0.5228661894798279
0.4803837239742279
0.25512784719467163
0.16769082844257355
0.4545758366584778
0.3827670216560364
0.198747918009758
0.4288805425167084
0.36244454979896545
0.4669587016105652
0.5908650159835815
0.44618338346481323
0.34824255108833313
0.2617465853691101
0.4016965329647064
0.8259230852127075
0.22889599204063416
0.43531274795532227
0.41665178537368774
0.2429009974002838
0.41462984681129456
0.5107289552688599
0.36360058188438416
0.3916298449039459
0.31317079067230225
0.45201927423477173
0.4936135709285736
0.19957531988620758
0.3270733952522278
0.22399191558361053
0.8385165333747864
0.37161675095558167
0.3460755944252014
0.8071163296699524
0.801871657371521
0.24758072197437286
0.3213576674461365
0.5408157110214233
0.5878642797470093
0.34622329473495483
0.37378907203674316
0.14944681525230408
0.2570911645889282
0.4707554876804352
0.6306833028793335
0.42772188782691956
0.7830299735069275
0.28051578998565674
0.49227553606033325
0.4600328505039215
0.42401084303855896
0.38166743516921997
0.37871283292770386
0.34846821427345276
0.3063826560974121
0.21072570979595184
0.6718992590904236
0.4939700663089752
0.33022040128707886
0.38940152525901794
0.3613860607147217
0.5181178450584412
0.6019799709320068
0.43664151430130005
0.4199994206428528
0.4018251299858093
0.6570504903793335
0.4029673933982849
0.19062232971191406
0.3819120526313782
0.5042979717254639
0.26791277527809143
0.46810251474380493
0.10487346351146698
0.6281166672706604
0.4971844255924225
0.6639090180397034
0.37196919322013855
0.5420480370521545
0.49945658445358276
0.3983662724494934
0.3394101560115814
0.6206907033920288
0.21066299080848694
0.44469624757766724
0.4783894419670105
0.3457888960838318
0.42238935828208923
0.4742947220802307
0.4745803475379944
0.40893882513046265
0.2809421718120575
0.2646940350532532
0.8856121897697449
0.670626163482666
1.188643217086792
0.5151070952415466
0.2510676085948944
0.7427183985710144
0.2634970247745514
0.485191285610199
0.4882093071937561
0.17686620354652405
0.5467323064804077
0.31252849102020264
0.38656896352767944
0.3080982565879822
0.28948456048965454
0.3390342891216278
0.20795699954032898
0.49966859817504883
0.49737006425857544
0.13880465924739838
0.6617223024368286
0.09443052113056183
0.39878663420677185
0.12557213008403778
0.28743642568588257
0.696138858795166
0.348525732755661
0.38152164220809937
0.4795911908149719
0.7321046590805054
0.2727108597755432
0.5644780993461609
0.35511690378189087
0.49565061926841736
0.5815612077713013
0.39829498529434204
0.33240175247192383
0.45705509185791016
0.4857144355773926
0.5590158700942993
0.29199352860450745
0.24808137118816376
0.26067104935646057
0.5816478729248047
0.3368908762931824
1.130871057510376
0.501108705997467
0.5898847579956055
0.4373432993888855
0.7851871252059937
0.4561370015144348
0.16629309952259064
0.4918372631072998
0.17520330846309662
0.33261340856552124
0.22355523705482483
0.5007218718528748
0.28071337938308716
0.32513707876205444
0.3542655408382416
0.1534958779811859
0.4285920560359955
0.41096553206443787
0.15273424983024597
0.302245169878006
0.12948891520500183
0.4480554461479187
0.7982602715492249
0.3715655207633972
0.6959254741668701
0.4986259341239929
0.45295706391334534
0.390611469745636
0.30159956216812134
0.28688129782676697
0.4748968482017517
0.2939402461051941
0.4203404486179352
0.5012221336364746
0.4562680721282959
0.5550404787063599
0.23264773190021515
0.15329429507255554
0.3830113112926483
0.8219739198684692
0.2529546618461609
0.19702348113059998
0.4812435209751129
0.25900715589523315
0.6658121943473816
0.3937112092971802
0.35195392370224
0.6672195196151733
0.2838214933872223
0.35106101632118225
0.8251482844352722
0.19908416271209717
0.5398906469345093
0.3192741274833679
0.2253025472164154
0.6457574963569641
0.31089118123054504
0.3086537718772888
0.7572304010391235
0.12734772264957428
0.1839497983455658
0.1516483575105667
0.2477179765701294
0.8800821304321289
0.5798105001449585
0.21632198989391327
0.20879003405570984
0.3171057403087616
0.3949776887893677
0.7896921038627625
0.3926750421524048
0.32142409682273865
0.16326449811458588
0.2613898515701294
0.6103142499923706
0.30890801548957825
0.3911729156970978
0.44397902488708496
0.16655293107032776
0.2649496793746948
0.6325072646141052
0.4668497145175934
0.5033069849014282
0.6901558041572571
0.6815475225448608
0.46333804726600647
0.08452008664608002
0.1927962750196457
0.937458872795105
0.47493964433670044
0.3405272960662842
0.6543755531311035
0.3993538022041321
0.1782883107662201
0.381763756275177
0.5524040460586548
0.4586753845214844
0.36948835849761963
0.2679670453071594
0.7372573018074036
0.2687148153781891
0.41996774077415466
0.19450461864471436
0.699980616569519
0.7824561595916748
0.8021065592765808
0.6939245462417603
0.20410268008708954
0.27631694078445435
0.28435415029525757
0.30141615867614746
0.39944663643836975
0.4925563335418701
0.2629864811897278
0.4535738527774811
0.39127427339553833
0.3748167157173157
0.1947469413280487
0.7322918176651001
0.739169716835022
0.2752750515937805
0.733829140663147
0.4140654504299164
0.45481377840042114
0.3500482439994812
0.33990079164505005
1.0596270561218262
0.26692527532577515
0.386816143989563
0.4518629014492035
0.4119504988193512
0.5993032455444336
0.5551323890686035
0.47561773657798767
0.3650587797164917
0.5938931703567505
0.4490845203399658
0.41746217012405396
0.2815396189689636
0.12416329234838486
0.5680356621742249
0.393826961517334
0.3718896508216858
0.258439838886261
0.6649746298789978
0.21265585720539093
0.3152018189430237
0.336322158575058
0.6896726489067078
0.6666609048843384
0.20415142178535461
0.422960102558136
0.40547433495521545
0.1930338442325592
0.20808573067188263
0.48279309272766113
0.4816867411136627
0.18544255197048187
0.37688422203063965
0.29381874203681946
0.3299374282360077
0.2284690886735916
0.2748711109161377
0.24713674187660217
0.2559486925601959
0.2843840718269348
0.2738393247127533
0.8176342844963074
0.6972490549087524
0.21932020783424377
0.27136895060539246
0.5055501461029053
0.35817909240722656
0.5192147493362427
0.33812281489372253
0.4561134874820709
0.22132790088653564
0.2330915480852127
0.1528674066066742
0.7703627347946167
0.6181796789169312
0.6789374351501465
0.5861675143241882
0.4464349150657654
0.4648606777191162
0.45242834091186523
0.3893972933292389
0.26029568910598755
0.6460529565811157
0.4301920533180237
0.5673933029174805
0.6602681279182434
0.645561158657074
0.6552007794380188
0.32104840874671936
0.4263499677181244
0.37286630272865295
0.25458449125289917
0.36235588788986206
0.4031068682670593
0.3701268136501312
0.4032214283943176
0.2655960023403168
0.4006651043891907
0.20072810351848602
0.24518230557441711
0.6187842488288879
0.38276761770248413
0.5921840667724609
0.4880952835083008
0.41306209564208984
0.3942851722240448
0.3089125454425812
0.4976820945739746
0.5258541107177734
0.5272005200386047
0.28956666588783264
0.7945185899734497
0.4487277865409851
0.4254013001918793
0.6473740935325623
0.41647377610206604
0.4834056794643402
0.2553998827934265
0.1939847767353058
0.5950993895530701
0.3505552411079407
0.583849310874939
0.5924324989318848
0.4177308976650238
0.23600700497627258
0.24314650893211365
0.17981457710266113
0.6466671228408813
0.4223729968070984
0.583384096622467
0.37192630767822266
0.22964084148406982
0.525767982006073
0.19207969307899475
0.27090656757354736
0.3482189178466797
0.5160471200942993
0.3015785813331604
0.17382052540779114
0.29814422130584717
0.699678361415863
0.2666216492652893
0.5550003051757812
0.5587390661239624
0.27310872077941895
0.38615578413009644
0.5651040077209473
0.3769581913948059
0.9928699731826782
0.44850000739097595
0.408730685710907
0.2621813714504242
0.4454798102378845
0.45614925026893616
0.907111644744873
0.4359564185142517
0.2996170222759247
0.3613334000110626
0.2538621127605438
0.6271790266036987
0.33675888180732727
0.38014504313468933
0.7048301696777344
0.3565824627876282
0.0663151890039444
0.4353008270263672
0.17649945616722107
0.6415542364120483
0.2069927155971527
0.6844640970230103
0.4765384793281555
0.405700147151947
0.17091071605682373
0.8924244046211243
0.2573426365852356
0.3401298522949219
0.3285309970378876
0.6178308129310608
0.386567622423172
0.712386965751648
0.33709079027175903
0.2312503159046173
0.5824024081230164
0.27737340331077576
0.595866322517395
0.3792059123516083
0.30295270681381226
0.44243675470352173
0.3048517107963562
0.4526880383491516
0.3689492642879486
0.5588864088058472
0.5952318906784058
0.4284134805202484
0.3970802426338196
0.24555380642414093
0.3322969973087311
0.3178413510322571
0.1044425219297409
0.23607149720191956
0.3479912579059601
0.4495691657066345
0.4891846776008606
0.5570682883262634
0.4457703232765198
0.22113792598247528
0.498066246509552
1.0292797088623047
0.32722795009613037
0.1974240094423294
0.2604553699493408
0.381462037563324
0.29803887009620667
0.3669118285179138
0.2557993233203888
0.4590241014957428
0.36973828077316284
0.2792665362358093
0.4795598089694977
0.4320497512817383
0.5064712762832642
0.4140063226222992
0.19640621542930603
0.057388268411159515
0.9706540107727051
0.4068227708339691
0.26803308725357056
0.40499114990234375
0.2935321033000946
0.2848145067691803
0.6137344241142273
0.5155951976776123
0.7080165147781372
0.3326645493507385
0.5573475360870361
0.8223721385002136
0.9065507650375366
0.21756258606910706
0.37191063165664673
0.12673620879650116
0.7376381158828735
0.24402475357055664
0.780377984046936
0.8713324666023254
0.4270065426826477
0.6336223483085632
0.8277536630630493
0.48805707693099976
0.5608975291252136
0.45911723375320435
0.2942158281803131
0.37591275572776794
0.19331583380699158
0.6626592874526978
0.43070369958877563
0.17549999058246613
0.17151881754398346
0.30507445335388184
0.5329208374023438
0.2900741398334503
0.41567230224609375
0.3281242251396179
0.7264772653579712
0.5159866809844971
0.15012168884277344
0.42128682136535645
0.6054130792617798
0.44660988450050354
0.7508398294448853
0.2287205457687378
0.4982422888278961
0.7428949475288391
0.4757866859436035
0.3579193651676178
0.6418910026550293
0.6921244859695435
0.5887008905410767
0.38814276456832886
0.5574377775192261
0.45807987451553345
0.21659286320209503
0.42065030336380005
0.9691735506057739
0.17510923743247986
0.518781304359436
0.2985989451408386
0.44799214601516724
0.361263632774353
0.8878893852233887
0.7805987596511841
0.5123195648193359
0.21526479721069336
0.3239300847053528
0.4113624095916748
0.4180234968662262
0.3055756092071533
0.7107445597648621
0.41711074113845825
0.24905554950237274
0.4599683880805969
0.4557875990867615
0.4306066930294037
0.5850985646247864
0.303170770406723
0.2672460973262787
0.5713537931442261
1.0490516424179077
0.11794935166835785
0.5626609921455383
0.5189224481582642
0.3576851189136505
0.42457765340805054
0.3876765966415405
0.3528917729854584
0.3679808974266052
0.6077604293823242
0.5518976449966431
0.12870851159095764
1.1490143537521362
0.5174198746681213
0.6205012798309326
0.1677871197462082
0.17280152440071106
0.3571356534957886
0.48125338554382324
0.793992817401886
0.49163323640823364
0.5258850455284119
0.4001157879829407
0.8359472155570984
0.2935096025466919
0.8497147560119629
0.36676087975502014
0.4011361002922058
0.4986959397792816
0.2959817945957184
0.3355558216571808
0.42221498489379883
0.08264505863189697
0.19458086788654327
0.6742518544197083
0.23839807510375977
0.2879965603351593
0.4122310280799866
0.42218953371047974
0.413109689950943
0.2469753473997116
0.1453915685415268
0.6046032309532166
0.568630576133728
0.37039515376091003
0.46085017919540405
0.22535595297813416
0.5481604933738708
0.22272178530693054
0.4548676908016205
0.9865619540214539
0.39295655488967896
0.422832727432251
0.732629656791687
0.678638756275177
0.36921370029449463
0.6450421214103699
0.27673405408859253
0.5397979021072388
0.27055227756500244
0.267793744802475
0.4020010828971863
0.6081454753875732
0.8790105581283569
0.47588688135147095
0.250906765460968
0.8046873807907104
0.26035431027412415
0.33934473991394043
0.32343730330467224
0.22074902057647705
0.6884121298789978
0.6422812342643738
0.40353474020957947
0.5732492208480835
0.1932632029056549
0.47337907552719116
0.3156273365020752
0.8301464319229126
0.3243209421634674
0.20289833843708038
0.2927563786506653
0.19067052006721497
0.0878942459821701
0.3296618163585663
0.6777419447898865
0.13584716618061066
0.20361372828483582
0.41267886757850647
0.466937780380249
0.7306910753250122
0.40430036187171936
0.7308357954025269
0.4199753403663635
0.3059822618961334
0.5276265144348145
0.4033295512199402
0.4326208531856537
0.5676344633102417
0.5882079005241394
0.16786393523216248
0.5864054560661316
0.30401015281677246
0.49257248640060425
0.3020035922527313
0.5986191034317017
0.36174777150154114
0.5683732628822327
0.6511718034744263
0.46818652749061584
0.32247787714004517
0.35186249017715454
0.5013784170150757
0.2434961348772049
0.3781784772872925
0.5500264167785645
0.4977495074272156
0.420105516910553
0.22706195712089539
0.2717016339302063
0.4756212830543518
0.6984223127365112
0.3009864389896393
0.19139257073402405
0.7413996458053589
0.16276007890701294
0.3966936767101288
0.8360296487808228
0.3783213198184967
0.36093610525131226
0.3706652522087097
0.30447545647621155
0.5422875285148621
0.441284716129303
0.6688684225082397
0.42673221230506897
0.33401066064834595
0.3327500820159912
0.5215051174163818
0.315523236989975
0.5420398712158203
0.6057649850845337
0.4421817362308502
0.21932153403759003
0.27468785643577576
0.602593719959259
0.15272828936576843
0.31435489654541016
0.5190063714981079
0.27958574891090393
0.3730321526527405
0.67460036277771
0.33652418851852417
0.43801283836364746
0.23093798756599426
0.4696575701236725
0.26824766397476196
0.3175602853298187
0.4648684859275818
0.2820053696632385
0.44639644026756287
0.15610864758491516
0.540138840675354
0.36228469014167786
0.6357371211051941
0.15917816758155823
0.5730011463165283
0.6702674031257629
0.3079405426979065
0.5961852073669434
0.3464352488517761
0.5165894031524658
0.7591559886932373
0.40868908166885376
0.2728438973426819
0.4011337161064148
0.16381558775901794
0.25173765420913696
0.3716459274291992
0.3632643222808838
0.49089890718460083
0.4427506923675537
0.225480318069458
0.31881728768348694
0.26440995931625366
0.3557055592536926
0.22486360371112823
0.5371091365814209
0.5840146541595459
0.4949573576450348
0.4400566518306732
0.32334190607070923
0.7441356182098389
0.41143661737442017
0.34794262051582336
0.4690568447113037
0.06446532160043716
0.5767024755477905
0.24553856253623962
0.30798614025115967
0.7836504578590393
0.27876973152160645
0.2525518834590912
0.459163099527359
0.5541234016418457
0.6443020105361938
0.5869598388671875
0.3973833918571472
0.673018753528595
0.7313230633735657
0.2517833411693573
0.42365965247154236
0.3610960841178894
0.6740276217460632
0.8667895197868347
0.3087005019187927
0.2932974696159363
0.39364489912986755
0.7810941338539124
0.46388721466064453
0.2525896430015564
0.0683596208691597
0.4226256012916565
0.25295597314834595
0.29216066002845764
0.9180262684822083
0.5167580842971802
0.4605441987514496
1.25332772731781
0.7253125309944153
0.11418557167053223
0.39332181215286255
0.1871960461139679
0.32922422885894775
0.4531422555446625
0.6255932450294495
0.11355990171432495
0.20667628943920135
0.6585676670074463
0.3947945237159729
0.41184622049331665
0.29126840829849243
0.4955318570137024
0.4774661064147949
0.3243955969810486
0.30538901686668396
0.2694293260574341
0.984383761882782
0.5007766485214233
0.5383564233779907
0.4184948801994324
0.2659277319908142
0.7644889950752258
0.3498067855834961
0.22757872939109802
0.36791133880615234
0.3484366238117218
0.26423487067222595
0.6887716054916382
0.5476816296577454
0.49016720056533813
0.5388931035995483
0.4995627999305725
0.3447543680667877
0.5073917508125305
0.44373947381973267
0.29753315448760986
0.5810843110084534
0.6372896432876587
0.31807440519332886
0.29539889097213745
0.36874476075172424
0.5794450640678406
0.2148243486881256
0.5270951390266418
0.2862074077129364
0.5178179740905762
0.4093199670314789
0.3110918402671814
0.6082347631454468
0.4537490904331207
0.36113494634628296
0.41788095235824585
0.30542105436325073
0.5886878371238708
0.7167193293571472
0.13639523088932037
0.5982352495193481
0.2101099044084549
0.39485636353492737
0.2573423981666565
0.17724549770355225
0.4016737937927246
0.25092124938964844
0.3776722550392151
0.3789414167404175
0.23597748577594757
0.14616000652313232
0.6282826066017151
0.18015697598457336
0.5125901699066162
0.532492458820343
1.0639846324920654
0.5005033016204834
0.45104891061782837
0.25381097197532654
0.4405909478664398
0.4700623154640198
0.4386943280696869
0.6473963856697083
0.2080555260181427
0.4075564742088318
0.2336568534374237
0.46675556898117065
0.4714658260345459
0.7168102264404297
0.4908078610897064
0.4047691822052002
0.35735970735549927
0.25546494126319885
0.45083022117614746
0.6232980489730835
0.5032382011413574
0.2545945644378662
0.2616715431213379
0.4526583254337311
0.3627733588218689
0.624362051486969
0.6087026000022888
0.8866926431655884
0.21627886593341827
0.6621884107589722
0.41425079107284546
0.33651047945022583
0.20763365924358368
0.09828659147024155
0.6079866290092468
0.28139829635620117
0.3751087784767151
0.39941662549972534
0.5681833624839783
0.510516881942749
0.872076153755188
0.06379040330648422
0.33949217200279236
0.4371781349182129
0.18290121853351593
0.35782453417778015
0.6797679662704468
0.43937501311302185
0.42807045578956604
0.16601300239562988
0.12502247095108032
0.18486909568309784
0.30341237783432007
0.21673627197742462
0.4431918263435364
0.27753299474716187
0.2564965784549713
0.2735009789466858
0.35950013995170593
0.4683602452278137
0.29423147439956665
0.32509952783584595
0.2685260474681854
0.31700679659843445
0.30943748354911804
0.445427268743515
0.4908963739871979
0.2773668169975281
0.5205467939376831
0.7558622360229492
0.5107755064964294
0.25755423307418823
0.20776264369487762
0.9522477984428406
0.33964842557907104
0.7179120182991028
0.5244561433792114
0.3856397271156311
0.4187937378883362
0.36897751688957214
0.35551291704177856
0.4310327172279358
0.32068195939064026
0.2719539403915405
0.2581171989440918
0.34947243332862854
0.5820847153663635
0.7499517798423767
0.42761826515197754
0.35393592715263367
0.34202584624290466
0.35737451910972595
0.7543203234672546
0.23805823922157288
0.2713558077812195
0.25862228870391846
0.4068898558616638
0.2937207818031311
0.3396502733230591
0.45330506563186646
0.9480968713760376
0.33757689595222473
0.32823634147644043
0.5537667870521545
0.5096619725227356
0.285553902387619
0.17177899181842804
0.6692405343055725
0.3658391833305359
1.297759771347046
0.5394982099533081
0.5735664367675781
0.37605395913124084
0.5936681032180786
0.17549638450145721
0.2434484213590622
0.34939640760421753
0.5272730588912964
0.22847263514995575
0.6889548301696777
0.5940319299697876
0.23991362750530243
0.28902682662010193
0.3457070589065552
0.26917654275894165
0.27472764253616333
0.3185766637325287
0.27211514115333557
0.17722325026988983
0.521359920501709
0.18592402338981628
0.20565274357795715
0.5091798305511475
0.5022119879722595
0.4217890202999115
0.42893633246421814
0.2952301502227783
0.3952946066856384
0.24802160263061523
0.375895231962204
0.14594987034797668
0.3076716661453247
0.5816304087638855
0.814659595489502
0.5385355353355408
0.37016624212265015
0.33818989992141724
0.3059045672416687
0.28894346952438354
0.3225218951702118
0.1879653036594391
0.17635419964790344
0.21049854159355164
0.8656184077262878
0.25533628463745117
0.31742966175079346
0.47286397218704224
0.651374101638794
0.5947296023368835
0.20575785636901855
0.5786425471305847
0.34582677483558655
0.4035953879356384
0.037454016506671906
0.4986117482185364
0.5949040055274963
0.25764912366867065
0.27889853715896606
0.3547259271144867
0.49862831830978394
0.3097056746482849
0.5157546997070312
0.15910127758979797
0.3836124539375305
0.19536325335502625
0.5455670356750488
0.6244447827339172
0.3917244076728821
0.7621892690658569
0.32066187262535095
0.6102637648582458
0.7359411120414734
0.5150501132011414
0.29821497201919556
0.2155706137418747
0.4811108112335205
0.2215244323015213
0.580409824848175
0.38725823163986206
0.18670281767845154
0.23724079132080078
0.7166062593460083
0.17703428864479065
0.311725914478302
0.5067734718322754
0.5120343565940857
0.21507477760314941
0.6103941202163696
0.668701171875
0.436410129070282
0.18804380297660828
0.35720208287239075
0.20113222301006317
0.12895652651786804
0.35233065485954285
0.5248702764511108
0.6644333600997925
0.2863690257072449
0.5040873289108276
0.4907236099243164
0.1948011815547943
0.7707034349441528
0.692846953868866
0.3066246807575226
0.25969648361206055
0.8175315856933594
0.3863828778266907
0.4875260889530182
0.4181522727012634
0.23678286373615265
0.17797870934009552
0.32397639751434326
0.8936767578125
0.6100504994392395
0.38869914412498474
0.4069552421569824
0.4226302206516266
0.18444445729255676
0.1512395441532135
0.8374501466751099
0.24144363403320312
0.2530551552772522
0.5144746899604797
0.20840898156166077
0.30853551626205444
0.23838703334331512
0.680081844329834
0.551085889339447
0.4120557904243469
0.4508473873138428
0.31907638907432556
0.5759309530258179
0.36695408821105957
0.36140257120132446
0.3525405526161194
0.3363930881023407
0.4293459951877594
0.18261098861694336
1.1389087438583374
0.5226126909255981
0.3868580460548401
0.15045283734798431
1.094159722328186
0.10975297540426254
0.3590835928916931
0.6200656294822693
0.2299995869398117
0.5922624468803406
0.441664457321167
0.2285483181476593
0.622771143913269
0.5295528769493103
0.3301670551300049
0.18134382367134094
0.340965211391449
0.6265169382095337
0.33694857358932495
0.4192264676094055
0.3703920841217041
0.8344265222549438
0.45054736733436584
0.47966933250427246
0.5526222586631775
1.0114997625350952
0.5694962739944458
0.3562505841255188
0.4817485213279724
0.779768168926239
0.6357609629631042
0.5026349425315857
0.37615200877189636
0.34901729226112366
0.2658612132072449
0.45807379484176636
0.559561550617218
0.24635973572731018
0.40979108214378357
0.9302350282669067
0.31271418929100037
0.5941006541252136
0.30300426483154297
0.3059642016887665
0.21010613441467285
0.46461349725723267
0.5290530920028687
0.3110146224498749
0.1872960776090622
0.38469788432121277
0.337036669254303
0.3922131657600403
0.6652147769927979
0.48688167333602905
0.6387144923210144
0.47050443291664124
1.0021535158157349
0.4082571566104889
0.23498424887657166
0.5688329935073853
0.5318374633789062
0.3216448426246643
0.49322471022605896
0.2807084619998932
0.5609703660011292
0.20169754326343536
0.3130531907081604
0.4312233030796051
0.13512369990348816
0.0845818966627121
0.42442426085472107
0.3309101164340973
0.31287503242492676
0.18415337800979614
0.3325710892677307
0.5476647615432739
0.15409080684185028
0.23370888829231262
0.2070116102695465
0.33108219504356384
0.6891177892684937
0.5126553773880005
0.22298641502857208
0.4535854458808899
0.6389067769050598
0.20827648043632507
0.15842768549919128
0.7445234060287476
0.6283031105995178
0.8496292233467102
0.17673249542713165
0.5138567686080933
0.3848905861377716
0.23610511422157288
0.4925087094306946
0.6283068656921387
0.3743573725223541
0.4565266966819763
0.3046576678752899
0.7945349812507629
0.3627648949623108
0.19967153668403625
0.472012996673584
0.10692878067493439
0.2533629536628723
0.272858202457428
0.9019999504089355
0.34316879510879517
0.2771693468093872
0.16506464779376984
1.0380436182022095
0.3310994505882263
0.5919235944747925
0.5456427335739136
0.27975162863731384
0.5799190402030945
0.31127697229385376
0.3163263201713562
0.30246978998184204
0.18123678863048553
0.4010407328605652
0.5096355080604553
0.27494990825653076
0.6241780519485474
0.2763679623603821
0.46989184617996216
0.511707067489624
0.4238775372505188
0.18500161170959473
0.3724522590637207
0.27338868379592896
0.32513660192489624
0.5255603790283203
0.4975631833076477
0.5733307600021362
0.5058542490005493
0.3024372458457947
0.4055255949497223
0.6668792963027954
0.24241045117378235
0.2716449201107025
0.301204115152359
0.18377430737018585
0.4174966812133789
0.25639602541923523
0.25047025084495544
0.10883505642414093
0.2709105312824249
0.0738067552447319
0.30329814553260803
0.5128508806228638
0.49940910935401917
0.2999860644340515
0.5094701051712036
0.4666162133216858
0.6420825719833374
0.18440160155296326
0.3495495617389679
0.5167921781539917
0.2384292632341385
0.38492581248283386
0.3933565616607666
0.8027728199958801
0.49362826347351074
0.1646578013896942
0.5086883902549744
0.3239753842353821
0.1545029580593109
0.29756593704223633
0.369313508272171
0.6335763931274414
0.4679529070854187
0.7189723253250122
0.23366720974445343
0.3056578040122986
0.47090110182762146
0.06695262342691422
0.18580956757068634
0.32409214973449707
0.31281718611717224
0.3485051989555359
0.10008127987384796
0.16617800295352936
0.5548409223556519
0.3667818009853363
0.1235644668340683
0.6439613103866577
0.38336604833602905
0.6326168775558472
0.7211472392082214
0.4971693456172943
0.2260679453611374
0.27760523557662964
0.42857232689857483
0.2927486300468445
0.31606659293174744
0.3916359543800354
0.4100550711154938
0.19934967160224915
0.36317068338394165
0.7255908846855164
0.2614763081073761
0.46256017684936523
0.2033592164516449
0.3112615644931793
0.26332196593284607
0.2973739802837372
0.32571500539779663
0.16229118406772614
0.35893386602401733
0.489367812871933
0.5096325874328613
0.516761302947998
0.792702317237854
0.2993810474872589
0.32070592045783997
0.06267788261175156
0.20142319798469543
0.7021886110305786
0.32739269733428955
0.4831411838531494
0.46304383873939514
0.160121351480484
0.46949583292007446
0.28556007146835327
0.9811246991157532
0.919747531414032
0.5438522100448608
0.43346071243286133
0.7713032960891724
0.22356462478637695
0.47871819138526917
0.5282271504402161
0.4912518858909607
0.18118982017040253
0.828644871711731
0.30792051553726196
0.24989040195941925
1.6157925128936768
0.32854196429252625
0.5443033576011658
0.5066994428634644
0.5672010183334351
0.3926766812801361
0.2603299021720886
0.35732170939445496
0.31691718101501465
0.19266942143440247
0.7907422184944153
0.6397804021835327
0.5187174081802368
0.40577903389930725
0.6303828358650208
0.7446714639663696
0.9156985282897949
0.3068070113658905
0.6786538362503052
0.23703256249427795
0.3957225978374481
0.5544720888137817
0.4549703598022461
0.3033110499382019
0.1474224030971527
0.3887869715690613
0.3905579447746277
0.4168122410774231
0.17545545101165771
0.30374273657798767
0.48064225912094116
0.9799445271492004
0.5010290741920471
0.482072651386261
0.37920743227005005
0.11925441026687622
0.2998124361038208
0.3263092637062073
0.30712494254112244
0.4111802577972412
0.22878679633140564
0.4665469229221344
0.37115615606307983
0.3298775851726532
0.25807690620422363
0.6423590779304504
0.15451951324939728
0.1561848670244217
0.6489286422729492
0.3920830488204956
0.34429100155830383
0.48426923155784607
0.3862026333808899
0.8207146525382996
0.5045551061630249
0.3655543625354767
0.638910710811615
0.3828456401824951
0.43954625725746155
0.2781240940093994
0.7077258825302124
0.2558397948741913
0.2747468650341034
0.3720863461494446
0.9192248582839966
0.20521685481071472
0.5090702772140503
0.4444735646247864
0.4218834936618805
0.253592312335968
0.5161771774291992
0.28649288415908813
0.2871950566768646
0.4230266511440277
0.22334663569927216
0.7436591386795044
0.19181518256664276
0.4144764542579651
1.0800076723098755
0.21021321415901184
0.680854082107544
0.2575896382331848
0.2484714686870575
0.2731594145298004
0.5026534795761108
0.47125154733657837
0.34109824895858765
0.49673742055892944
0.25664639472961426
0.23875756561756134
0.9730507135391235
0.1966129094362259
0.27352672815322876
0.6827625036239624
1.0453417301177979
0.5107316374778748
1.1120727062225342
0.4726982116699219
0.33527979254722595
0.46301618218421936
0.5857210755348206
0.4103655219078064
0.42822927236557007
0.2822894752025604
0.46083003282546997
0.2713260352611542
0.2785809338092804
0.44377708435058594
0.15405242145061493
0.20036718249320984
0.13083197176456451
0.5956522822380066
0.35394588112831116
0.4701727032661438
1.031816840171814
0.4192114472389221
0.8020915985107422
0.22987881302833557
0.24253416061401367
0.2608383595943451
0.6475045680999756
0.24836459755897522
0.7990003824234009
0.13155648112297058
0.5649938583374023
0.3100297749042511
0.8491467237472534
0.4062584340572357
1.3631302118301392
0.3633820414543152
0.34153270721435547
0.4378560483455658
0.6192716360092163
0.4483031630516052
0.4260888993740082
0.6512883901596069
0.5222861766815186
0.47653254866600037
0.48540347814559937
0.16785213351249695
1.0636636018753052
0.3656981885433197
0.5596504807472229
0.3977617025375366
1.0291132926940918
0.19362998008728027
0.5252827405929565
0.589844822883606
0.2916255593299866
0.3873657286167145
0.47982582449913025
0.80677729845047
0.291105717420578
0.6126796007156372
0.2884332835674286
0.41437429189682007
0.3714228570461273
0.3486623764038086
0.3202146887779236
0.1302226483821869
0.8533676862716675
0.3292449116706848
0.5191365480422974
0.5788081288337708
0.33461102843284607
0.4799359440803528
0.6499276757240295
0.4991401135921478
0.19272089004516602
0.6416324973106384
0.20754627883434296
0.19996967911720276
0.40865030884742737
0.35512277483940125
0.5840244889259338
0.4641941487789154
0.2436053305864334
0.6601390838623047
0.2382771521806717
0.3199356496334076
0.776974081993103
0.44829678535461426
0.10507705062627792
0.30854445695877075
0.4985923767089844
0.3448181748390198
0.2877543568611145
0.3245019316673279
0.2014269083738327
0.3271084427833557
0.3395516276359558
0.626746654510498
0.4615727365016937
0.38614970445632935
0.32588350772857666
0.3727339804172516
0.6781090497970581
0.34374213218688965
0.5453652739524841
0.38960570096969604
0.40530920028686523
0.28168147802352905
0.424069881439209
0.36182883381843567
0.12709207832813263
0.3410418629646301
0.34701675176620483
0.6313660740852356
0.6969059705734253
0.4185507893562317
0.42735034227371216
0.33820244669914246
0.4085121154785156
0.48023635149002075
0.5885719656944275
0.5585698485374451
0.1354927271604538
0.8821113705635071
0.4592503011226654
0.9160091280937195
0.30535584688186646
0.3444930911064148
0.24216368794441223
0.48842230439186096
0.47683754563331604
0.4932391047477722
0.16445086896419525
0.32611578702926636
0.3818513751029968
0.35516059398651123
0.2083703726530075
0.23243947327136993
0.24793481826782227
0.6826755404472351
0.29637250304222107
0.2226068079471588
0.5843194127082825
0.19233597815036774
0.3438665568828583
0.47666916251182556
0.5107985138893127
0.3474309742450714
0.7617806196212769
0.43324747681617737
0.35690903663635254
0.40458837151527405
0.44124022126197815
0.384468138217926
0.40914708375930786
0.3227720558643341
0.2497071772813797
0.4368496537208557
0.6760267019271851
0.44657009840011597
0.7659277319908142
0.19776655733585358
0.21413183212280273
0.4877493977546692
0.11939865350723267
0.26913997530937195
0.5455539226531982
0.23828086256980896
0.7763151526451111
0.27270597219467163
0.30421683192253113
0.45531290769577026
0.20833639800548553
0.1494724154472351
0.6634869575500488
0.30817729234695435
0.31678372621536255
0.5351587533950806
0.5949633717536926
0.26534706354141235
0.3615123927593231
0.34188732504844666
0.8667507171630859
0.20581921935081482
0.7242551445960999
0.36080509424209595
0.38835588097572327
0.26182821393013
0.21454918384552002
0.5612851977348328
0.4675312042236328
0.3204623758792877
0.40443477034568787
0.2811644673347473
0.4562024176120758
0.5696452260017395
0.48116570711135864
0.31143420934677124
0.49707022309303284
0.4072336256504059
0.19597233831882477
1.001728892326355
0.1379048079252243
0.4592300355434418
0.532240092754364
0.7553629279136658
0.14716945588588715
0.247808575630188
0.6587591767311096
0.42781782150268555
0.18843971192836761
0.45635491609573364
0.24271588027477264
0.340389221906662
0.6309733986854553
0.40797051787376404
0.29184603691101074
0.6948233842849731
0.5950115919113159
0.36392197012901306
0.6154341697692871
0.27849867939949036
0.6100093126296997
0.18488334119319916
0.9998750686645508
0.5022297501564026
0.32050374150276184
0.5264725685119629
0.1713745892047882
0.206425279378891
0.37722957134246826
0.42805060744285583
0.25006717443466187
0.4331682622432709
0.34584471583366394
0.4427865445613861
0.5638158917427063
0.9611157178878784
0.3211608827114105
0.26263582706451416
0.2385733425617218
0.33960479497909546
0.5199609994888306
0.5861867666244507
0.25899121165275574
0.563007116317749
0.43250298500061035
0.44753122329711914
0.1383177489042282
0.6894310712814331
0.286009818315506
0.17565099895000458
0.32906094193458557
0.34965187311172485
0.26398536562919617
0.4740195870399475
0.3884187340736389
0.770714282989502
0.2761204242706299
1.0471864938735962
0.38204333186149597
0.25734585523605347
0.13619782030582428
0.5583261847496033
0.25871509313583374
0.4560728073120117
0.25128260254859924
0.40897995233535767
0.49075403809547424
0.43493562936782837
0.19795969128608704
0.4758043885231018
0.6007733941078186
0.2247360497713089
0.22769872844219208
0.7055782079696655
0.2763996720314026
0.5483267903327942
0.5581263303756714
0.4086173474788666
0.2197173535823822
0.6161009073257446
0.3381717801094055
0.7622586488723755
0.2314308136701584
0.4252505898475647
0.42987823486328125
0.451425701379776
0.16463980078697205
0.38951507210731506
0.3130958080291748
0.7844144105911255
0.389678418636322
0.5850687026977539
0.28080683946609497
0.49035510420799255
0.10988076776266098
0.19400160014629364
0.8075695037841797
0.5017116665840149
0.44372501969337463
0.49332213401794434
0.2688821852207184
0.831170916557312
0.26742488145828247
0.20282773673534393
0.2186814546585083
0.3012099862098694
0.4760519564151764
0.603604793548584
0.15054073929786682
0.08346300572156906
0.8914878964424133
0.5433360934257507
0.4678153097629547
0.6156566739082336
0.30775442719459534
0.4410921037197113
0.7431553602218628
0.6135019659996033
0.2985680103302002
0.31827688217163086
0.2562651038169861
0.8201249837875366
0.6160297393798828
0.28279048204421997
0.3573034405708313
0.3963400423526764
0.15672287344932556
0.4466741681098938
0.38764023780822754
0.67377108335495
0.32584577798843384
0.6956301331520081
0.4269104599952698
0.5505645871162415
0.31783944368362427
0.6267077326774597
0.3583841919898987
0.2715023458003998
0.1513521820306778
0.30087047815322876
0.457904189825058
0.3879455327987671
0.7763709425926208
0.2650611102581024
0.1496344953775406
0.46874505281448364
0.4094944894313812
0.146023228764534
0.3010617792606354
0.27286767959594727
0.9208626747131348
0.330818235874176
0.8302377462387085
0.2658790349960327
0.4609262943267822
0.46740397810935974
0.3197859823703766
0.4678344130516052
0.1506083458662033
0.6592093706130981
0.5489481091499329
0.5292497277259827
0.2433660477399826
0.5382357835769653
0.31034955382347107
0.8433869481086731
0.4988381266593933
0.3999301791191101
0.27425363659858704
0.27577370405197144
0.5597175359725952
0.36410778760910034
0.14799585938453674
0.14755061268806458
0.33135420083999634
0.7271972298622131
0.39200520515441895
0.30189257860183716
0.16956095397472382
0.5119494199752808
0.8172241449356079
0.5197789072990417
0.5549720525741577
0.1476525217294693
0.41575032472610474
0.575107216835022
0.690789520740509
0.374998539686203
0.17834582924842834
0.5382732152938843
0.3817984461784363
0.1378246247768402
0.314842164516449
0.18242716789245605
0.5811074376106262
0.33055609464645386
0.1987736076116562
0.39553484320640564
0.3840499520301819
0.3235277533531189
0.34588760137557983
0.4999556541442871
0.28621774911880493
0.17394593358039856
0.4007326662540436
0.7386695742607117
0.5273693799972534
0.44563770294189453
0.542705774307251
0.09097238630056381
0.2550317645072937
0.42731189727783203
0.2133161574602127
0.7801763415336609
0.23872952163219452
0.5389811396598816
0.19059467315673828
0.36232098937034607
0.33730584383010864
0.2897256314754486
0.271983802318573
0.811906635761261
0.44371095299720764
0.6982772946357727
0.19033470749855042
0.35602468252182007
0.42931312322616577
0.5658299922943115
0.6069303750991821
0.7098489999771118
0.43078747391700745
0.17152711749076843
0.4495203495025635
0.7268413305282593
0.24776458740234375
0.4429822564125061
0.39780163764953613
0.3871046304702759
0.5673995614051819
0.22624298930168152
0.28003355860710144
0.44922494888305664
0.19614484906196594
0.5193917155265808
0.6050342917442322
0.25783753395080566
0.44060593843460083
0.32522207498550415
0.18518701195716858
0.42950376868247986
0.22403380274772644
0.27710601687431335
0.35183051228523254
0.5932456851005554
0.764960527420044
0.6336873769760132
0.28121259808540344
1.2202409505844116
0.2602089047431946
0.21436619758605957
0.23509910702705383
0.8799116015434265
0.9361820220947266
0.6823017597198486
0.4327508509159088
0.17581114172935486
0.6456682085990906
0.5778220295906067
0.23797564208507538
0.45253926515579224
0.6159628629684448
0.4484476149082184
0.4405481219291687
0.37378641963005066
0.6189440488815308
0.4138609766960144
0.2711443305015564
0.5740754008293152
0.45217055082321167
0.8172104954719543
0.23737004399299622
0.5658508539199829
0.8107180595397949
0.6109422445297241
0.43220219016075134
0.15386418998241425
0.41461071372032166
0.2328002154827118
0.23883144557476044
0.5840831398963928
0.2156400978565216
0.5821032524108887
0.4238826632499695
0.3719726800918579
0.3559655249118805
0.6251856684684753
0.3485080301761627
0.4119296669960022
0.31116393208503723
0.8973439931869507
0.2404695302248001
0.5235790014266968
0.4023202955722809
0.5583807229995728
0.2901821434497833
0.7537229657173157
0.5623108744621277
0.565194308757782
0.2972148060798645
0.61360102891922
0.38763198256492615
0.2293010950088501
0.6788232326507568
0.3146202862262726
0.3768712878227234
0.26024457812309265
0.6550544500350952
0.1259060800075531
0.41861692070961
0.33104318380355835
0.37218594551086426
0.5527539253234863
0.734764814376831
0.28449225425720215
0.3394569158554077
0.3838646113872528
0.36523428559303284
0.3344497084617615
0.3198118209838867
0.5678707361221313
0.4054333567619324
0.5570594072341919
0.45799869298934937
0.35844796895980835
0.5754638910293579
0.24738268554210663
0.43603402376174927
0.5609099268913269
0.20334050059318542
0.25860321521759033
0.29683247208595276
0.19526521861553192
0.22821244597434998
0.2960604131221771
0.6058557033538818
0.3396863639354706
0.695751965045929
0.48406776785850525
0.5493327379226685
0.6716288924217224
0.23663266003131866
0.316207617521286
0.21969430148601532
0.6298389434814453
0.26684558391571045
0.26495879888534546
0.22295594215393066
0.8016517758369446
0.3439655900001526
0.482450008392334
0.2753981947898865
0.7192162871360779
0.7264551520347595
0.5537577271461487
0.15190395712852478
0.2785014510154724
0.1505831778049469
0.4273751676082611
0.36297470331192017
0.3307545781135559
0.4114621579647064
0.26959723234176636
0.46847066283226013
0.4592726230621338
0.5805310010910034
0.8030821681022644
0.3491145968437195
0.5979469418525696
0.41904395818710327
1.101571798324585
0.18392091989517212
0.25270020961761475
0.9139202237129211
0.17601831257343292
0.2203255146741867
0.6078978180885315
0.3434069752693176
0.21160344779491425
0.2840591073036194
0.49207910895347595
0.278351366519928
1.0317941904067993
0.4201842248439789
0.5898216962814331
0.8473297953605652
0.8018344640731812
0.2730572819709778
0.2141491174697876
0.551085352897644
0.6035505533218384
0.1931609958410263
0.31642431020736694
0.29571133852005005
0.34846997261047363
0.4928308129310608
0.2878964841365814
0.1997317671775818
0.33177652955055237
0.2293148785829544
0.17403364181518555
0.5097649693489075
0.39577236771583557
0.2520461678504944
0.3372548222541809
0.21467073261737823
0.40841421484947205
0.46316128969192505
0.2967107892036438
0.512793242931366
0.09520354121923447
0.158151775598526
0.4800676703453064
0.22609642148017883
0.5101534724235535
0.43178921937942505
0.20401795208454132
0.2961575388908386
0.21729187667369843
0.7711952924728394
0.3754419684410095
0.45841890573501587
0.422067254781723
0.6500861644744873
0.08710669726133347
0.4717438817024231
0.20372405648231506
0.07225273549556732
0.39062875509262085
0.32760220766067505
0.2441471517086029
0.5006118416786194
0.25767776370048523
0.5149651765823364
0.25702255964279175
0.4960653781890869
0.28743815422058105
0.3076338469982147
0.659648060798645
0.5595177412033081
0.4028974175453186
0.27804893255233765
0.2873598337173462
0.5482845306396484
0.8065323829650879
0.4164732098579407
0.606576681137085
0.400587260723114
0.23441922664642334
0.42761462926864624
0.1496908962726593
0.13662061095237732
0.37156248092651367
0.4521803855895996
0.5001233816146851
0.3639657199382782
0.26986342668533325
0.3238964378833771
0.5245565176010132
0.21233487129211426
0.5927619934082031
0.13405311107635498
0.25520095229148865
0.45441675186157227
0.460709810256958
0.22558419406414032
0.2241966724395752
0.22616544365882874
0.1968369036912918
0.6151849031448364
0.17154648900032043
0.2901875972747803
0.43959394097328186
0.7991194725036621
0.43185505270957947
0.3170389235019684
0.31950655579566956
0.5754256248474121
0.5175065398216248
0.23775868117809296
0.3318879306316376
0.28401049971580505
0.24818141758441925
0.17261412739753723
0.6172834634780884
0.5899935960769653
0.09784646332263947
0.34404808282852173
0.4046424925327301
0.2861879765987396
0.9756056070327759
0.3877752423286438
1.0012929439544678
0.557463526725769
0.19474808871746063
0.3501768410205841
0.19257895648479462
0.3222295939922333
0.30988696217536926
0.36772534251213074
0.6557756066322327
0.4897504448890686
0.30277448892593384
0.28288325667381287
0.47037047147750854
1.0486680269241333
0.8389108777046204
0.5676462054252625
0.76350337266922
0.7031238675117493
0.38650646805763245
0.28284183144569397
0.41811102628707886
0.4084012508392334
0.45729953050613403
0.5231776237487793
0.37579455971717834
0.2906544506549835
0.5137916803359985
0.4754064679145813
0.7159480452537537
0.3843008875846863
0.5537623167037964
0.407292902469635
0.5885539054870605
0.4324597716331482
0.381949782371521
0.2936887741088867
0.2683480679988861
0.16767357289791107
0.3647443652153015
0.34662261605262756
0.26169565320014954
0.6572020649909973
0.3280640244483948
0.3199583888053894
0.2660213112831116
0.46493396162986755
0.14649099111557007
0.4251919388771057
1.1367199420928955
0.4550774097442627
0.7838617563247681
0.3098902106285095
0.15057818591594696
0.5594786405563354
0.48662692308425903
0.22580663859844208
0.26736482977867126
0.6016747355461121
0.5436976552009583
0.3235279321670532
0.4995144009590149
0.1143702045083046
0.38441842794418335
0.47549790143966675
0.27843934297561646
0.668420672416687
0.3901837170124054
0.2271386682987213
0.27717873454093933
0.14769376814365387
0.6493473052978516
0.4935157299041748
0.5400055646896362
0.41779136657714844
0.3220922648906708
0.35029137134552
0.8431606292724609
0.23244337737560272
0.6827664375305176
0.4297453761100769
0.3018072545528412
0.3347260355949402
0.3472368121147156
0.29523766040802
0.11692120134830475
0.6139938831329346
0.5381547212600708
0.2899160087108612
0.39976853132247925
0.5206032395362854
0.4202101230621338
0.2493620365858078
0.3623984158039093
0.25474822521209717
0.46502685546875
0.6236968636512756
0.4401618540287018
0.4567854404449463
0.4505557119846344
0.14302818477153778
0.9985710382461548
0.4845241904258728
0.3550020158290863
0.4789140820503235
0.4781714081764221
0.22301289439201355
0.2636082172393799
0.4127620756626129
0.5645739436149597
0.38380926847457886
0.5932342410087585
0.11587642133235931
0.46912822127342224
0.8133055567741394
0.24375173449516296
0.1942148208618164
0.34835192561149597
0.45984920859336853
0.2832339107990265
0.2858598828315735
0.3120794892311096
0.39047548174858093
0.8847535848617554
0.2746785283088684
0.07835681736469269
0.19949105381965637
0.8526765704154968
0.3939271569252014
0.3269966244697571
0.3079122304916382
0.7184665203094482
0.9351814985275269
0.856582760810852
0.25673696398735046
0.3249640166759491
0.24709263443946838
0.45441561937332153
0.4080752432346344
0.27417048811912537
0.6290875673294067
1.045417308807373
0.42429250478744507
0.5125919580459595
0.4519933760166168
0.9843230247497559
0.684023916721344
0.35181206464767456
0.6808470487594604
0.2795034945011139
0.44169220328330994
0.5183092355728149
0.32905814051628113
0.9235239028930664
0.27136141061782837
0.42366528511047363
0.30670005083084106
0.22392538189888
0.3112899959087372
0.48103609681129456
0.22206096351146698
0.32923001050949097
0.27447736263275146
0.3213540017604828
0.960310161113739
0.28253817558288574
0.5784269571304321
0.3280053734779358
0.1548931747674942
0.3279320299625397
0.27029237151145935
0.5580884218215942
0.4997938573360443
0.38911861181259155
0.5515519380569458
0.33527857065200806
0.4788622260093689
0.35459765791893005
0.8073704838752747
0.39771768450737
0.6810675859451294
0.7426827549934387
0.3708985149860382
0.1884678304195404
0.40433669090270996
0.62339186668396
0.4544649124145508
0.2811700403690338
0.6280461549758911
0.40001168847084045
0.29465094208717346
0.5656251907348633
0.26133257150650024
0.581274151802063
0.6969119906425476
0.39522507786750793
0.3551221489906311
0.32781845331192017
0.1881752461194992
0.6527612805366516
0.6596052050590515
0.3082142174243927
0.5508180856704712
0.4300953447818756
0.5667427778244019
0.1910589039325714
0.23077897727489471
0.46172866225242615
0.34641751646995544
1.3478492498397827
0.5642470717430115
0.447833389043808
0.408404678106308
0.35788339376449585
0.8066792488098145
0.4687531590461731
0.43622127175331116
0.5312279462814331
0.21364104747772217
0.3145505487918854
0.7253208160400391
0.6890779733657837
0.32324111461639404
0.24874678254127502
0.40105247497558594
0.8011608123779297
0.6188850998878479
0.5013176798820496
0.3276195228099823
0.3890901207923889
0.41842931509017944
0.48401984572410583
0.3679145872592926
0.5156539678573608
0.3524031341075897
0.2610955238342285
0.66614830493927
0.43182167410850525
0.5575976967811584
0.12868963181972504
0.6285214424133301
0.7120910882949829
0.5390300750732422
0.9370721578598022
0.5066025257110596
0.31903088092803955
0.47374987602233887
0.4848904013633728
0.27981382608413696
0.19649188220500946
0.5668566226959229
0.4085494577884674
0.2333420068025589
0.48556894063949585
0.234385684132576
0.41073495149612427
0.4541316628456116
0.6327170133590698
0.7751947641372681
0.3522685468196869
0.44175681471824646
0.38625359535217285
0.36867088079452515
0.19843129813671112
0.7008442282676697
0.4582878053188324
0.7214337587356567
0.3060981333255768
0.21539589762687683
0.3126720190048218
0.20421114563941956
0.14056947827339172
0.3140394687652588
0.2762202322483063
0.19357869029045105
0.30589890480041504
0.18039032816886902
0.5064773559570312
0.30994877219200134
0.4865921437740326
0.39711934328079224
0.3722807765007019
0.7449489831924438
0.4797322750091553
0.3801303505897522
0.5767024159431458
0.1631356179714203
0.45377832651138306
0.3660258948802948
0.5305310487747192
0.4540749490261078
0.2130073755979538
0.3728026747703552
0.5685886740684509
0.302211195230484
0.48762744665145874
0.11159737408161163
0.4131585955619812
0.7773841023445129
0.27044326066970825
0.5110301971435547
0.6579056978225708
0.2210085690021515
0.4995766580104828
0.4486757218837738
0.22932760417461395
0.25088420510292053
0.4160178601741791
0.36218637228012085
0.37658458948135376
0.32406389713287354
0.7600041627883911
0.46560779213905334
0.3509300649166107
0.28556573390960693
0.3668144643306732
0.3109554648399353
0.42662304639816284
0.6092265248298645
0.24060280621051788
0.42211541533470154
0.09447703510522842
0.5672687292098999
0.9016971588134766
0.33498090505599976
0.28100186586380005
0.25377923250198364
0.34061992168426514
0.20363178849220276
0.37856680154800415
0.29993975162506104
0.469877153635025
0.3826748728752136
0.38944298028945923
0.3961842358112335
0.4562976360321045
0.142729714512825
0.4652342200279236
0.5185242295265198
0.35911545157432556
0.36567240953445435
0.6069924831390381
0.3002198338508606
0.719758927822113
0.3375415503978729
0.5720995664596558
0.3495630621910095
0.48611360788345337
0.16051450371742249
0.3883141875267029
0.6415421962738037
0.6259377002716064
0.4194139540195465
0.0863674059510231
0.2702016532421112
0.31201794743537903
0.2620586156845093
0.48317646980285645
0.9536042213439941
0.36885643005371094
0.11624662578105927
0.4559508264064789
0.26615631580352783
0.33698439598083496
0.7177944183349609
0.3520194888114929
0.3308914303779602
0.4440242648124695
0.31611350178718567
0.8544783592224121
0.5458882451057434
0.38467511534690857
0.4805265963077545
0.9105333089828491
0.7035390734672546
0.2881888151168823
0.9530243873596191
0.13758300244808197
0.16430941224098206
0.4780797064304352
0.3645627200603485
0.3842064142227173
0.20663020014762878
0.42350879311561584
0.08256170153617859
0.521770179271698
0.28951865434646606
0.23043707013130188
0.297184020280838
0.4282775819301605
0.3224356770515442
0.6033881902694702
0.1007482185959816
0.3568316102027893
0.21263530850410461
0.4589771628379822
0.5290311574935913
0.33825260400772095
0.3971809446811676
0.10242186486721039
0.48661699891090393
0.3789270520210266
0.2814564108848572
0.8946809768676758
0.23867341876029968
0.4960405230522156
0.1894858181476593
0.35306987166404724
0.1290932595729828
0.5386211276054382
0.4579273760318756
0.39877837896347046
0.3638833165168762
0.14527371525764465
0.3704081177711487
0.4065213203430176
0.476209819316864
0.5285546183586121
0.3097238838672638
0.2205047607421875
0.8105785250663757
0.5876984596252441
0.40015077590942383
0.2852066457271576
0.24125108122825623
1.1291916370391846
0.42761558294296265
0.4014596939086914
0.33566004037857056
0.30468398332595825
0.2704765200614929
0.4848584234714508
0.6832546591758728
0.6591392755508423
0.3590521216392517
0.2637288272380829
0.8204426765441895
0.4545588493347168
0.8163883090019226
0.38787275552749634
0.4986530840396881
0.16163673996925354
0.39888685941696167
0.3398738503456116
0.3397802710533142
0.5215176343917847
0.4934414029121399
0.21519701182842255
0.5043610334396362
0.37460997700691223
0.3526247441768646
0.41910886764526367
0.19156388938426971
0.7803562879562378
0.753808856010437
0.20469608902931213
0.3043937087059021
0.2739444077014923
0.33160704374313354
0.3120414614677429
0.5472126007080078
0.2865074574947357
0.3949495255947113
0.17297321557998657
0.4431610703468323
0.23808643221855164
0.41818636655807495
0.38058173656463623
0.34402474761009216
0.18306440114974976
0.351370245218277
0.26050877571105957
0.16089029610157013
0.44369110465049744
0.4421890377998352
0.6866527795791626
0.2799745798110962
0.14283981919288635
0.47138968110084534
0.296582967042923
1.1820695400238037
0.4644712507724762
0.579093873500824
0.23604576289653778
0.328365683555603
0.43576526641845703
0.19214433431625366
0.27192261815071106
0.4110560417175293
0.5029647350311279
0.4263733923435211
0.31325286626815796
0.40625372529029846
0.5076471567153931
0.7930040955543518
0.1733488142490387
0.1602621227502823
0.6551918387413025
0.412767231464386
0.9250673055648804
0.4972077012062073
0.5533856153488159
0.13700507581233978
0.8455438613891602
0.28870725631713867
0.23983566462993622
0.3225913643836975
0.06335366517305374
0.2873684763908386
0.1786145269870758
0.3991866409778595
0.40299248695373535
0.20104031264781952
0.4119177460670471
0.49243125319480896
0.4226786494255066
0.34113720059394836
0.3066260516643524
0.23810017108917236
0.34788015484809875
0.15853895246982574
0.2583538591861725
0.2684730589389801
0.17573663592338562
0.8298942446708679
0.5100119709968567
0.8585240244865417
0.4131080210208893
0.24761399626731873
0.5181213617324829
0.6774958372116089
0.7549980878829956
0.34544700384140015
0.7844567894935608
0.1895071268081665
0.23818524181842804
0.35684826970100403
0.4055458903312683
0.09949003159999847
0.34269338846206665
0.40809646248817444
0.5470637083053589
0.41290777921676636
0.8799409866333008
0.35750478506088257
0.40304380655288696
0.5067608952522278
0.636293888092041
0.507331371307373
0.22074881196022034
0.6038315892219543
0.3993768095970154
0.11620762199163437
0.2433207780122757
0.34018653631210327
0.39803510904312134
0.45402297377586365
0.2783525884151459
0.2637745141983032
0.857637882232666
0.2635485827922821
0.4100986123085022
0.502902626991272
0.3282760977745056
0.4042956233024597
0.9272189140319824
0.2762821912765503
0.3992008566856384
0.2529973089694977
0.7190428376197815
0.5053446292877197
0.863266110420227
0.45142728090286255
0.6438641548156738
0.23505182564258575
0.3495332598686218
0.8080772161483765
0.24119111895561218
0.2887646555900574
0.7198475003242493
0.31271249055862427
0.48377808928489685
0.3476291298866272
0.485170841217041
0.7322940826416016
0.400495707988739
0.3881414532661438
0.2040284126996994
0.5936772227287292
0.3591465353965759
0.7002142667770386
0.1132187694311142
0.44164109230041504
0.296623170375824
0.1512957662343979
0.3651546537876129
0.3841164708137512
0.3280593752861023
0.5343300700187683
0.2929913401603699
0.312372088432312
0.3350384533405304
0.23558828234672546
0.1665835827589035
0.5034385919570923
0.6966128945350647
0.23968541622161865
0.6029476523399353
0.526941180229187
0.6180312037467957
0.2205057442188263
0.4253065586090088
0.5241838693618774
0.22842121124267578
0.5725721716880798
0.13112576305866241
0.4907356798648834
0.22106246650218964
0.4009842872619629
0.47001567482948303
0.4240640699863434
0.36793777346611023
0.4663972854614258
0.28949788212776184
0.5789064168930054
0.6080760955810547
0.4624674320220947
0.4985738694667816
0.5198939442634583
0.5483551025390625
0.19433173537254333
0.4801310896873474
0.4634556174278259
0.10939247906208038
1.108095407485962
0.43090176582336426
0.8554787635803223
0.2471713125705719
0.3414493203163147
0.43906283378601074
0.27546384930610657
0.4376122057437897
0.10995248705148697
0.4280520975589752
0.5870472192764282
0.3104221224784851
0.6381698846817017
0.41345667839050293
0.38105398416519165
0.4082748293876648
0.31042367219924927
0.5198286175727844
0.25826704502105713
0.42614680528640747
0.5131717324256897
0.6714051365852356
0.6116582155227661
0.17263153195381165
0.39940983057022095
0.4113808274269104
0.43572020530700684
0.49773234128952026
0.3435693085193634
0.764451265335083
0.42075902223587036
0.3831709325313568
0.36469390988349915
0.30377548933029175
0.17486408352851868
0.505018949508667
0.4369219243526459
0.392760694026947
0.4041960835456848
0.1754647195339203
0.4832535684108734
0.34795626997947693
0.552005410194397
0.6125761866569519
0.5295239686965942
0.4308162331581116
0.3349001705646515
0.35325077176094055
0.46497273445129395
0.35951974987983704
0.57967209815979
0.6660639047622681
0.36476725339889526
0.31017306447029114
0.254345178604126
0.1330961138010025
0.4066622853279114
0.6181183457374573
0.6658934354782104
0.4922744631767273
0.5905085802078247
0.7041097283363342
0.7030004262924194
0.3358299732208252
0.3482370376586914
0.3999924063682556
0.30281394720077515
0.15713873505592346
0.3344617784023285
0.2927553057670593
0.2765466272830963
0.31481048464775085
0.2863069474697113
0.3876523971557617
0.5863808393478394
0.3460013270378113
1.0191001892089844
0.7288753986358643
0.9735614657402039
0.4524240493774414
0.3254614472389221
0.3286847472190857
0.20515485107898712
0.70900559425354
0.22985470294952393
0.5058131814002991
0.7382093667984009
0.03702954947948456
0.27684682607650757
0.5204795002937317
0.5650073289871216
0.20115359127521515
0.4529799818992615
0.45715323090553284
0.33001190423965454
0.3460467457771301
0.21451957523822784
0.4646817147731781
0.24842539429664612
0.3217813968658447
0.3299761712551117
0.29991546273231506
0.4748014509677887
0.35745537281036377
0.3753838539123535
0.2655675709247589
0.24885718524456024
0.5549594163894653
0.12072233855724335
0.24383226037025452
0.18336108326911926
0.26328784227371216
0.22243404388427734
0.48889684677124023
0.12497091293334961
0.17263780534267426
0.2455819547176361
0.531650960445404
0.12699145078659058
0.4449225068092346
0.31611350178718567
0.29704535007476807
0.38993915915489197
0.30766069889068604
0.19417908787727356
0.17701032757759094
0.5486969351768494
0.5939919352531433
0.3581540584564209
0.33111733198165894
0.5054064393043518
0.11935659497976303
0.3341161906719208
0.42003387212753296
0.6444395780563354
0.6122567653656006
0.3700712323188782
0.5482190847396851
0.7245365977287292
0.44549432396888733
0.4199546277523041
0.41299742460250854
0.41919422149658203
0.5855069160461426
0.7699481248855591
0.4554697871208191
0.5856305360794067
0.239398792386055
0.6822620034217834
0.6068906188011169
0.6049174666404724
0.31767186522483826
0.9187391400337219
0.6030368804931641
0.6769546270370483
0.1720215380191803
0.46468645334243774
0.6980988383293152
0.17904941737651825
0.4574168622493744
0.4134717881679535
0.6903058886528015
0.24860914051532745
0.3824765086174011
0.38984185457229614
0.42829495668411255
0.6412302255630493
0.42554181814193726
0.23530307412147522
0.4553602635860443
0.7460722327232361
0.2967773377895355
0.16997471451759338
0.49053654074668884
0.3285040259361267
0.4291130006313324
0.2374807596206665
0.4464738368988037
0.44334396719932556
0.4305867552757263
0.2717856764793396
0.433921754360199
0.40229958295822144
0.1216907650232315
0.5760263204574585
0.4427669644355774
0.6245996356010437
0.3400794267654419
0.4140029847621918
0.32354527711868286
0.47056373953819275
0.300062358379364
0.4240397810935974
0.46812230348587036
0.42438191175460815
0.8322702646255493
0.39184683561325073
0.2893412411212921
0.22856733202934265
0.5561286807060242
0.291302353143692
0.3912634253501892
0.22908148169517517
0.4597287178039551
0.5529026389122009
0.47042036056518555
0.6748773455619812
0.2156982123851776
0.36997923254966736
0.12158384174108505
0.24645169079303741
0.4044460356235504
0.3806358575820923
0.7346103191375732
0.3350818455219269
0.5379960536956787
0.15062831342220306
0.42179933190345764
0.43901005387306213
0.30125412344932556
0.2407243251800537
0.22424829006195068
0.5309293270111084
0.3347606360912323
0.38486456871032715
0.41091465950012207
0.5510162711143494
0.1073048859834671
0.29891568422317505
0.4950147569179535
0.4668145775794983
0.5511853694915771
0.5191519260406494
0.4753987789154053
0.25211161375045776
0.16843657195568085
0.45611292123794556
0.3767107427120209
0.201539546251297
0.41811537742614746
0.3547672927379608
0.46257129311561584
0.5920324325561523
0.4420374035835266
0.34289777278900146
0.25248095393180847
0.399300754070282
0.8136898875236511
0.22625455260276794
0.4263405203819275
0.42220696806907654
0.24271062016487122
0.40241295099258423
0.5060139894485474
0.35888463258743286
0.39731308817863464
0.3089543282985687
0.44441285729408264
0.48847466707229614
0.19591055810451508
0.32495349645614624
0.21702256798744202
0.8355271220207214
0.37094998359680176
0.342702716588974
0.7855227589607239
0.8123756647109985
0.24551813304424286
0.3142523169517517
0.537455677986145
0.5821555256843567
0.3479898273944855
0.37579068541526794
0.14692163467407227
0.2581736147403717
0.4640430510044098
0.6159348487854004
0.4229190945625305
0.7394614219665527
0.2710566520690918
0.4740138053894043
0.4482927918434143
0.4142553210258484
0.375426709651947
0.37774425745010376
0.3476946949958801
0.3031397759914398
0.2035682499408722
0.6575027704238892
0.48717013001441956
0.3194945454597473
0.3920493721961975
0.35009342432022095
0.5117306113243103
0.5799111127853394
0.4214535653591156
0.41587620973587036
0.4010648727416992
0.6445677876472473
0.40143027901649475
0.18989774584770203
0.3760838806629181
0.49466148018836975
0.25439634919166565
0.44859379529953003
0.10661624372005463
0.6164899468421936
0.49166375398635864
0.6504941582679749
0.3597772717475891
0.5495297312736511
0.4931749701499939
0.3939158320426941
0.34039315581321716
0.5974500775337219
0.202701136469841
0.4413009285926819
0.4797920286655426
0.34030964970588684
0.413520485162735
0.46170473098754883
0.47747117280960083
0.386997789144516
0.2768598794937134
0.2615346312522888
0.8762871026992798
0.6842963099479675
1.183458685874939
0.5125949382781982
0.2534238398075104
0.7348860502243042
0.25763726234436035
0.4719550609588623
0.4893343448638916
0.17607302963733673
0.5432161092758179
0.31179291009902954
0.3870930075645447
0.31078583002090454
0.2772653102874756
0.33491355180740356
0.20415635406970978
0.4836844503879547
0.4882369041442871
0.13545836508274078
0.659601092338562
0.09192709624767303
0.37237319350242615
0.12250532954931259
0.26468485593795776
0.7018193006515503
0.35594043135643005
0.3636321425437927
0.4763735830783844
0.7297043204307556
0.27012261748313904
0.56298828125
0.3538573086261749
0.5114585757255554
0.5807144045829773
0.39294272661209106
0.3322850167751312
0.45305246114730835
0.47462835907936096
0.5496037602424622
0.2883768677711487
0.23628750443458557
0.2585744261741638
0.5800802111625671
0.3250120282173157
1.134338140487671
0.49010005593299866
0.576004683971405
0.42863479256629944
0.770760715007782
0.45288926362991333
0.16182200610637665
0.4856165051460266
0.1749919205904007
0.326217383146286
0.2142871916294098
0.5070000290870667
0.27856799960136414
0.3165002763271332
0.3366970121860504
0.1467183530330658
0.41967636346817017
0.41317352652549744
0.1424024999141693
0.29096460342407227
0.12677960097789764
0.44258466362953186
0.7815119624137878
0.36219996213912964
0.6814687252044678
0.48925870656967163
0.4463067650794983
0.39270007610321045
0.294461190700531
0.2856154441833496
0.4713340401649475
0.29148778319358826
0.41841405630111694
0.4931855797767639
0.4503803253173828
0.5582231879234314
0.21643149852752686
0.15116296708583832
0.37843939661979675
0.8389751315116882
0.2528441250324249
0.18453922867774963
0.4910464882850647
0.2569149136543274
0.6555455923080444
0.3881015479564667
0.3415187895298004
0.6491251587867737
0.28341811895370483
0.3514745831489563
0.8056980967521667
0.18986843526363373
0.5406177639961243
0.3071316182613373
0.22175319492816925
0.6360756754875183
0.30690860748291016
0.30852776765823364
0.7587203979492188
0.12791629135608673
0.17733755707740784
0.15185672044754028
0.2481774091720581
0.8584846258163452
0.5813931822776794
0.215713769197464
0.20457586646080017
0.3139802813529968
0.3909069895744324
0.7899501919746399
0.38708820939064026
0.31628966331481934
0.1587807834148407
0.25543245673179626
0.6313920617103577
0.3056729733943939
0.3883437216281891
0.45187506079673767
0.17353928089141846
0.25745949149131775
0.6293088793754578
0.4653029441833496
0.5164973735809326
0.6461644768714905
0.6304166316986084
0.4419375956058502
0.08557534962892532
0.18782854080200195
0.9203362464904785
0.47465720772743225
0.3394668400287628
0.638748049736023
0.3948392868041992
0.17136946320533752
0.36535269021987915
0.5577100515365601
0.45206451416015625
0.36533406376838684
0.2558037340641022
0.7191497087478638
0.26304852962493896
0.4161795973777771
0.1897306740283966
0.687585711479187
0.7631514072418213
0.8005161285400391
0.6879987120628357
0.19971466064453125
0.27593377232551575
0.2715769410133362
0.2941931188106537
0.37876731157302856
0.48193398118019104
0.2518114149570465
0.4335523545742035
0.3965008854866028
0.37212973833084106
0.19383081793785095
0.7311317324638367
0.7364639043807983
0.2770867943763733
0.7408956289291382
0.4080624580383301
0.45115500688552856
0.34957659244537354
0.3337706923484802
1.0242120027542114
0.256990522146225
0.3593084216117859
0.4487141966819763
0.402656614780426
0.5996275544166565
0.561217188835144
0.4735882878303528
0.3420954644680023
0.589948832988739
0.43739309906959534
0.4016360342502594
0.27109652757644653
0.1233486756682396
0.5520570874214172
0.3911716043949127
0.3706011176109314
0.2586047947406769
0.6564149856567383
0.2143641710281372
0.30843397974967957
0.3373560607433319
0.6899248957633972
0.6677168607711792
0.20211458206176758
0.41881123185157776
0.4018608629703522
0.18924346566200256
0.20840923488140106
0.47503525018692017
0.47947239875793457
0.18546685576438904
0.37411952018737793
0.2919361889362335
0.3319595158100128
0.2251095324754715
0.26380807161331177
0.24477806687355042
0.25511592626571655
0.28190627694129944
0.27241164445877075
0.8276216387748718
0.6977899670600891
0.21620309352874756
0.26626741886138916
0.4631749987602234
0.3524220585823059
0.5184678435325623
0.3331417441368103
0.4513237476348877
0.21791300177574158
0.2206316441297531
0.14825627207756042
0.7689148187637329
0.6128253936767578
0.6728466749191284
0.5708051323890686
0.4378966689109802
0.46232256293296814
0.44688335061073303
0.3821445405483246
0.2559448480606079
0.6455047726631165
0.4279232621192932
0.5589654445648193
0.6492798924446106
0.6424967646598816
0.6349346041679382
0.3239617645740509
0.4161537289619446
0.36119920015335083
0.23992225527763367
0.34919703006744385
0.40116414427757263
0.3617428243160248
0.3977901339530945
0.2677397131919861
0.3982633948326111
0.1973882019519806
0.2437116801738739
0.5959294438362122
0.3758653700351715
0.5883163213729858
0.4800099730491638
0.40603145956993103
0.39444229006767273
0.30842408537864685
0.47886553406715393
0.5234491229057312
0.528597354888916
0.280423104763031
0.7799068689346313
0.435161828994751
0.42153510451316833
0.6355634331703186
0.40495333075523376
0.4926324784755707
0.2579079270362854
0.1917569935321808
0.5820457935333252
0.34597963094711304
0.5757672786712646
0.5786861777305603
0.41963210701942444
0.23049278557300568
0.23707802593708038
0.17950564622879028
0.6489986181259155
0.4117318093776703
0.583376407623291
0.3712194263935089
0.2245185822248459
0.5291213989257812
0.18942973017692566
0.27004504203796387
0.34839075803756714
0.51137375831604
0.30032023787498474
0.16552741825580597
0.2947688102722168
0.6904935240745544
0.2754606306552887
0.5484853982925415
0.5641838312149048
0.2521633207798004
0.38081473112106323
0.5707752704620361
0.37161242961883545
0.9954466819763184
0.4457377791404724
0.3934182822704315
0.2540969252586365
0.4297183156013489
0.44978442788124084
0.9073251485824585
0.4489902853965759
0.3056926429271698
0.35031479597091675
0.2528218626976013
0.6168500185012817
0.326429545879364
0.3591039478778839
0.6847726702690125
0.3458251357078552
0.06433514505624771
0.428638756275177
0.17006246745586395
0.6305965185165405
0.1976025402545929
0.6539718508720398
0.4605715870857239
0.3870380222797394
0.17381194233894348
0.8989494442939758
0.24994242191314697
0.32577353715896606
0.3229019045829773
0.6153982877731323
0.3748297393321991
0.6996967196464539
0.3283781111240387
0.23122958838939667
0.5752578377723694
0.2643899917602539
0.5891534686088562
0.37374967336654663
0.2924918234348297
0.4334244728088379
0.2875332236289978
0.4469122886657715
0.37027546763420105
0.5533136129379272
0.595976710319519
0.40310215950012207
0.39337068796157837
0.24298961460590363
0.3373331129550934
0.3180815577507019
0.10460875183343887
0.23369839787483215
0.346788614988327
0.45252102613449097
0.4910365045070648
0.5373114943504333
0.437161922454834
0.2060880959033966
0.4899179935455322
1.0138734579086304
0.3189275562763214
0.1899663358926773
0.26248472929000854
0.38031405210494995
0.2971298098564148
0.37078550457954407
0.2552650570869446
0.44276127219200134
0.364480584859848
0.2802843749523163
0.4631047248840332
0.43541136384010315
0.5083377957344055
0.4126794934272766
0.19985759258270264
0.055543042719364166
0.9588368535041809
0.4040392339229584
0.2631506323814392
0.3981704115867615
0.2844986915588379
0.2820720672607422
0.6059046983718872
0.5162911415100098
0.714106559753418
0.32030898332595825
0.559414803981781
0.8235133290290833
0.8849045038223267
0.2085191309452057
0.3600294291973114
0.1124936118721962
0.7423132658004761
0.24019069969654083
0.7638842463493347
0.8758475184440613
0.42709827423095703
0.6217924356460571
0.8326035737991333
0.48339223861694336
0.5529360771179199
0.453277587890625
0.29235023260116577
0.39349687099456787
0.18766237795352936
0.6620230674743652
0.42162448167800903
0.17341205477714539
0.17035885155200958
0.3008840084075928
0.5268164873123169
0.2835627496242523
0.4147173762321472
0.3238823711872101
0.7252880930900574
0.5199865102767944
0.14684376120567322
0.4162391722202301
0.5995689034461975
0.43050265312194824
0.7434273362159729
0.2303161919116974
0.48462343215942383
0.717453122138977
0.4768427312374115
0.3525513708591461
0.6374095678329468
0.6832769513130188
0.5670851469039917
0.3867895007133484
0.5570546388626099
0.4600101113319397
0.21002140641212463
0.4126100540161133
0.9597634077072144
0.16933269798755646
0.507778525352478
0.2759772539138794
0.4397616982460022
0.357583224773407
0.883700966835022
0.7746560573577881
0.5046008229255676
0.21322187781333923
0.31479403376579285
0.40924739837646484
0.4108096659183502
0.3038948178291321
0.6801906228065491
0.4124116003513336
0.23877525329589844
0.44875282049179077
0.4578495919704437
0.4132676124572754
0.5748976469039917
0.29734086990356445
0.2665558457374573
0.5738092660903931
1.0530153512954712
0.11807944625616074
0.553388237953186
0.5084710717201233
0.34652793407440186
0.4211183190345764
0.3762919306755066
0.35151422023773193
0.3570117652416229
0.6044543981552124
0.5273752808570862
0.12382669746875763
1.128077745437622
0.514528751373291
0.6327240467071533
0.161480113863945
0.17165008187294006
0.3648729920387268
0.47309622168540955
0.7877949476242065
0.4824289381504059
0.5095299482345581
0.39332205057144165
0.8330093622207642
0.28983980417251587
0.8560182452201843
0.3483443856239319
0.403744637966156
0.48540544509887695
0.2879696488380432
0.33583253622055054
0.4132058024406433
0.07679058611392975
0.18552890419960022
0.6758469343185425
0.22463718056678772
0.2878463864326477
0.40680211782455444
0.42906466126441956
0.41384419798851013
0.24005477130413055
0.14736267924308777
0.603502094745636
0.5571261644363403
0.3707733750343323
0.4498066306114197
0.21873173117637634
0.5288131833076477
0.21340131759643555
0.450692355632782
0.9840909838676453
0.3866223692893982
0.42168760299682617
0.7299118041992188
0.6737521290779114
0.36817866563796997
0.6328548192977905
0.2765194773674011
0.5331658124923706
0.26906153559684753
0.26328200101852417
0.39022594690322876
0.6119813919067383
0.8731182217597961
0.4593200087547302
0.24994616210460663
0.7595046758651733
0.25636836886405945
0.33190658688545227
0.3146671950817108
0.2210799902677536
0.6887639760971069
0.6303659081459045
0.39828717708587646
0.5655694603919983
0.18996776640415192
0.48147231340408325
0.30633383989334106
0.7951387166976929
0.32050031423568726
0.19939154386520386
0.28935760259628296
0.1849893182516098
0.08703037351369858
0.3221534192562103
0.673385500907898
0.13150307536125183
0.20511552691459656
0.4031354784965515
0.46504124999046326
0.7263780832290649
0.39074772596359253
0.730268120765686
0.41274482011795044
0.29896998405456543
0.5199385285377502
0.39949458837509155
0.4319022595882416
0.5684963464736938
0.5863968133926392
0.16196884214878082
0.5867917537689209
0.30257701873779297
0.49127793312072754
0.2939867079257965
0.6062629222869873
0.364623486995697
0.5606964230537415
0.645117461681366
0.4604964852333069
0.3260311782360077
0.34963259100914
0.49970442056655884
0.24864277243614197
0.37271493673324585
0.543326199054718
0.4772307276725769
0.4122195243835449
0.2256636619567871
0.26639607548713684
0.4707566797733307
0.7049797177314758
0.300767719745636
0.18899884819984436
0.7289001941680908
0.16188167035579681
0.3951229751110077
0.8375358581542969
0.36473506689071655
0.3527427613735199
0.35800862312316895
0.2935326099395752
0.5079653859138489
0.4158930778503418
0.640417754650116
0.4237007200717926
0.33408671617507935
0.33487972617149353
0.5148887634277344
0.32261765003204346
0.5420159101486206
0.6040380001068115
0.43744197487831116
0.20966032147407532
0.265868216753006
0.5990980863571167
0.14770913124084473
0.3018718659877777
0.5152965188026428
0.2770995795726776
0.3716011643409729
0.6691113710403442
0.3345627188682556
0.4206560254096985
0.22426028549671173
0.4672015309333801
0.26819586753845215
0.31298375129699707
0.45680683851242065
0.279457151889801
0.4418531358242035
0.15624459087848663
0.5310286283493042
0.35903528332710266
0.6228427886962891
0.15764816105365753
0.5602080225944519
0.6711757779121399
0.31434106826782227
0.5982198119163513
0.3437730669975281
0.5186550617218018
0.7577449083328247
0.39956340193748474
0.2741129398345947
0.39435070753097534
0.15895988047122955
0.24026839435100555
0.3660317659378052
0.3624154031276703
0.48772382736206055
0.4350758194923401
0.2133336365222931
0.3144516348838806
0.25086742639541626
0.35486727952957153
0.21944332122802734
0.5357698798179626
0.5731754302978516
0.5009759664535522
0.4326561987400055
0.31354016065597534
0.7403509020805359
0.40590763092041016
0.33256539702415466
0.4626324772834778
0.060667864978313446
0.5646050572395325
0.2362188845872879
0.3067704439163208
0.7861965298652649
0.27176156640052795
0.2516889274120331
0.4477107524871826
0.5391854047775269
0.6318577527999878
0.5835493803024292
0.3977094292640686
0.6772584319114685
0.7245354652404785
0.2448660433292389
0.41894879937171936
0.35413748025894165
0.6753934621810913
0.831765353679657
0.29607248306274414
0.27738502621650696
0.3736046254634857
0.780030369758606
0.4660356044769287
0.24313649535179138
0.06742988526821136
0.4234653115272522
0.24366500973701477
0.2941502034664154
0.8976106643676758
0.5237003564834595
0.44837847352027893
1.2456227540969849
0.7116175889968872
0.11182592809200287
0.3878512978553772
0.17683808505535126
0.3265790641307831
0.4469904899597168
0.6234699487686157
0.11185125261545181
0.20192699134349823
0.6497973799705505
0.39827069640159607
0.4051646292209625
0.2764105796813965
0.4900182783603668
0.4771046042442322
0.32490795850753784
0.29629799723625183
0.2638751268386841
0.9525815844535828
0.47671955823898315
0.5162857174873352
0.41107597947120667
0.2618914842605591
0.7597832083702087
0.36104387044906616
0.2187618911266327
0.3482293486595154
0.3374386131763458
0.24375703930854797
0.6726622581481934
0.5317775011062622
0.48862114548683167
0.5374917984008789
0.49022728204727173
0.3383035361766815
0.49091243743896484
0.4247482419013977
0.29507169127464294
0.5744196176528931
0.6307051777839661
0.3112245202064514
0.2905742824077606
0.3644123375415802
0.5737661123275757
0.20925220847129822
0.5196507573127747
0.26611316204071045
0.5366430878639221
0.41697001457214355
0.3130076229572296
0.6091311573982239
0.4575955271720886
0.35695093870162964
0.41148072481155396
0.2969306707382202
0.5797407031059265
0.7562328577041626
0.1269843578338623
0.5857282876968384
0.19553083181381226
0.39272812008857727
0.26500946283340454
0.17060436308383942
0.40007108449935913
0.24681922793388367
0.3745841979980469
0.36159127950668335
0.22963862121105194
0.141782745718956
0.6161994934082031
0.17649798095226288
0.5014597177505493
0.5224750638008118
1.0491546392440796
0.5009526610374451
0.4522882401943207
0.23804008960723877
0.4489564895629883
0.4715791642665863
0.4366779327392578
0.6325188875198364
0.20787227153778076
0.4009936451911926
0.232998326420784
0.4581654965877533
0.4751223623752594
0.7188145518302917
0.4938567578792572
0.39889705181121826
0.3552509546279907
0.24979686737060547
0.442279189825058
0.6143944263458252
0.49280762672424316
0.24974489212036133
0.25234097242355347
0.4436090588569641
0.35422831773757935
0.6114197969436646
0.6006557941436768
0.8716194033622742
0.21894101798534393
0.6535211205482483
0.41347163915634155
0.3345603346824646
0.20729470252990723
0.0956544280052185
0.5862165689468384
0.2818153202533722
0.36838823556900024
0.3945249617099762
0.5642540454864502
0.49143463373184204
0.8559013605117798
0.06292276829481125
0.3362230062484741
0.4279271960258484
0.18067717552185059
0.3479384183883667
0.6684322357177734
0.44279974699020386
0.4242788255214691
0.16508112847805023
0.12226792424917221
0.18842796981334686
0.30282407999038696
0.2207997590303421
0.44342827796936035
0.27328914403915405
0.2565900683403015
0.2690429389476776
0.3561747968196869
0.46852952241897583
0.2918466031551361
0.31230857968330383
0.2641647458076477
0.3098052144050598
0.3035149574279785
0.443769633769989
0.48280930519104004
0.2672532796859741
0.5171099305152893
0.747831404209137
0.5015575885772705
0.2593075633049011
0.20478074252605438
0.9445523023605347
0.3404284715652466
0.7153476476669312
0.5122548937797546
0.3779788315296173
0.38479241728782654
0.36424314975738525
0.35203415155410767
0.4353426396846771
0.3056873083114624
0.26832127571105957
0.2479167878627777
0.34402284026145935
0.5743492841720581
0.7561901807785034
0.42167940735816956
0.35458964109420776
0.3339994251728058
0.33708298206329346
0.7156087756156921
0.231122687458992
0.2721550464630127
0.2517251968383789
0.4065244197845459
0.2930685877799988
0.3317755162715912
0.44188404083251953
0.9341773986816406
0.3278748393058777
0.3212485611438751
0.4971042573451996
0.5077708959579468
0.26155346632003784
0.17287632822990417
0.6711364984512329
0.35995933413505554
1.294297456741333
0.5267287492752075
0.5512192845344543
0.3774428367614746
0.586104691028595
0.16673482954502106
0.24305269122123718
0.35147184133529663
0.5035770535469055
0.2113693505525589
0.6643112897872925
0.6024197340011597
0.22242674231529236
0.28723928332328796
0.3473321795463562
0.26492196321487427
0.26891303062438965
0.32541340589523315
0.27183225750923157
0.17939011752605438
0.521476149559021
0.18011167645454407
0.20426532626152039
0.4997487962245941
0.5015236139297485
0.4171256422996521
0.4201144278049469
0.2907002866268158
0.37105146050453186
0.25348812341690063
0.3823997378349304
0.14147236943244934
0.30816107988357544
0.6012839078903198
0.8101164698600769
0.5213393568992615
0.3587194085121155
0.33472514152526855
0.30296942591667175
0.28166770935058594
0.32210463285446167
0.1937015801668167
0.1727341115474701
0.2084621638059616
0.8592076301574707
0.25773996114730835
0.3214735984802246
0.4507947564125061
0.6433823108673096
0.5799651145935059
0.20455150306224823
0.5742522478103638
0.34084266424179077
0.3931781053543091
0.03544358164072037
0.5008125305175781
0.5999730825424194
0.25074681639671326
0.2687780559062958
0.35783809423446655
0.4910370409488678
0.30219924449920654
0.5026191473007202
0.15810099244117737
0.37996697425842285
0.18915493786334991
0.5451442003250122
0.6290730237960815
0.3891361653804779
0.75568687915802
0.31504738330841064
0.6042474508285522
0.7413656711578369
0.5022454261779785
0.28638195991516113
0.20203392207622528
0.4714506268501282
0.1861879825592041
0.5792767405509949
0.3841797411441803
0.18185913562774658
0.2322545051574707
0.7187469601631165
0.17594385147094727
0.3125407099723816
0.49762624502182007
0.496544748544693
0.21313636004924774
0.6020343899726868
0.6576560735702515
0.46517157554626465
0.19184140861034393
0.3437125086784363
0.1917252242565155
0.12877507507801056
0.3385080397129059
0.5257168412208557
0.6502746939659119
0.28788110613822937
0.4901603162288666
0.49217766523361206
0.19904707372188568
0.7738725543022156
0.6856175065040588
0.30003565549850464
0.25667431950569153
0.7967008352279663
0.38379010558128357
0.4730500280857086
0.4309118390083313
0.23534390330314636
0.17630216479301453
0.32354193925857544
0.8892151117324829
0.6003609299659729
0.3803667426109314
0.3864060044288635
0.4234672486782074
0.18091139197349548
0.15283706784248352
0.8521378636360168
0.238906592130661
0.2595374882221222
0.5216746926307678
0.19995978474617004
0.272940456867218
0.23053455352783203
0.6705310940742493
0.5380557775497437
0.4049812853336334
0.44595322012901306
0.30530813336372375
0.5667125582695007
0.36758506298065186
0.3659977316856384
0.3492584228515625
0.33333468437194824
0.42947739362716675
0.1866089254617691
1.1254726648330688
0.5128194093704224
0.3811711072921753
0.15130916237831116
1.076969861984253
0.10228191316127777
0.3468322455883026
0.6152755618095398
0.2269560992717743
0.5751156210899353
0.4331115782260895
0.22391948103904724
0.6122224926948547
0.5232957601547241
0.32682961225509644
0.18101780116558075
0.34608542919158936
0.6202021837234497
0.33242228627204895
0.4214823842048645
0.36900362372398376
0.8221732974052429
0.45493564009666443
0.48650044202804565
0.5499781370162964
1.0090020895004272
0.5632028579711914
0.35832592844963074
0.47426122426986694
0.7799335718154907
0.6496767401695251
0.501512885093689
0.3717043697834015
0.345716655254364
0.2564487159252167
0.45833468437194824
0.5625296831130981
0.22334504127502441
0.4026002287864685
0.9107993841171265
0.30690985918045044
0.580559253692627
0.3103315234184265
0.3046230673789978
0.20169922709465027
0.44432535767555237
0.5328486561775208
0.29870933294296265
0.1847076714038849
0.36717915534973145
0.3231123089790344
0.3725534975528717
0.6366122961044312
0.4842976927757263
0.6249040365219116
0.4677630364894867
1.0165499448776245
0.40196332335472107
0.23762407898902893
0.556057333946228
0.5316954851150513
0.3075680434703827
0.4731670320034027
0.26252949237823486
0.5625284314155579
0.1938900202512741
0.3100535273551941
0.4348595142364502
0.1312851905822754
0.08175338804721832
0.43478018045425415
0.31976908445358276
0.3014482855796814
0.18336495757102966
0.3335936963558197
0.5401322245597839
0.15413491427898407
0.23565998673439026
0.2050112932920456
0.31781458854675293
0.6974724531173706
0.5039159059524536
0.22287026047706604
0.4471437931060791
0.634324312210083
0.20852859318256378
0.15523365139961243
0.7449629306793213
0.6237384080886841
0.8753291368484497
0.1749788224697113
0.5083554983139038
0.3872043490409851
0.23058465123176575
0.4947035312652588
0.6288227438926697
0.3709034025669098
0.44770678877830505
0.2895786166191101
0.7895925045013428
0.36005061864852905
0.1956479847431183
0.4547562003135681
0.10549702495336533
0.24333913624286652
0.2690106928348541
0.9033102989196777
0.33534127473831177
0.2741113007068634
0.16192805767059326
1.0151835680007935
0.3290714919567108
0.602451741695404
0.5457342863082886
0.277998685836792
0.574332594871521
0.3091701865196228
0.30887070298194885
0.2971532344818115
0.17496541142463684
0.3889947831630707
0.49760890007019043
0.27333977818489075
0.618324875831604
0.26931461691856384
0.4592222273349762
0.5086264610290527
0.412476122379303
0.1777181774377823
0.3515515625476837
0.263837605714798
0.3074110150337219
0.5294966697692871
0.4986187815666199
0.5714679956436157
0.49727359414100647
0.30456414818763733
0.41180071234703064
0.6616725325584412
0.24337884783744812
0.25240200757980347
0.2884153425693512
0.18279118835926056
0.40205225348472595
0.24671344459056854
0.24868035316467285
0.10613016784191132
0.26932939887046814
0.07199075073003769
0.2979810833930969
0.503010630607605
0.49363794922828674
0.28908300399780273
0.5000646114349365
0.46841639280319214
0.6484624743461609
0.18624863028526306
0.3335214853286743
0.5078501105308533
0.23224732279777527
0.38059934973716736
0.38408324122428894
0.8027396202087402
0.4991734027862549
0.1596241146326065
0.506501317024231
0.32087185978889465
0.14983688294887543
0.2994784116744995
0.376996248960495
0.6358135938644409
0.4575291574001312
0.6969946026802063
0.22268757224082947
0.2896416187286377
0.4620388448238373
0.06112778186798096
0.18524235486984253
0.32686954736709595
0.2902788817882538
0.3508404493331909
0.09915579855442047
0.16499105095863342
0.5433011651039124
0.36268216371536255
0.12133852392435074
0.6285638809204102
0.37903255224227905
0.6329549551010132
0.7254685163497925
0.49278292059898376
0.21897101402282715
0.2658485472202301
0.4247291088104248
0.28579655289649963
0.3137972056865692
0.38073405623435974
0.39552849531173706
0.19713661074638367
0.3619016110897064
0.7264318466186523
0.25454849004745483
0.4493597149848938
0.1913418173789978
0.3089163303375244
0.25931644439697266
0.2922195792198181
0.3196313977241516
0.16080841422080994
0.36484280228614807
0.4914115369319916
0.507645845413208
0.5109735131263733
0.7775553464889526
0.28669968247413635
0.31868070363998413
0.05830855295062065
0.19428440928459167
0.6934651732444763
0.32709741592407227
0.4657638967037201
0.45903468132019043
0.15973712503910065
0.4571937918663025
0.27076956629753113
0.9771437644958496
0.9203008413314819
0.5397945046424866
0.4289339482784271
0.7598687410354614
0.21125014126300812
0.4787350296974182
0.5220943093299866
0.49302396178245544
0.17931389808654785
0.8225431442260742
0.3063674569129944
0.2371189147233963
1.6500825881958008
0.31535109877586365
0.5268406867980957
0.5010664463043213
0.5717748999595642
0.3848567306995392
0.25105661153793335
0.36073678731918335
0.3120236098766327
0.1882997751235962
0.7568632960319519
0.6473051309585571
0.5169817805290222
0.4028360843658447
0.6305001974105835
0.7192360162734985
0.8809778094291687
0.3096073567867279
0.6587092280387878
0.2379455268383026
0.3848995566368103
0.5470936894416809
0.464360773563385
0.25045302510261536
0.14302757382392883
0.3876853883266449
0.3783615231513977
0.39510172605514526
0.17473630607128143
0.28463518619537354
0.47887587547302246
0.9619355201721191
0.48541760444641113
0.44706469774246216
0.3802202343940735
0.11276897042989731
0.28829291462898254
0.28974923491477966
0.3037813603878021
0.37881967425346375
0.22089922428131104
0.4734608232975006
0.361894428730011
0.32731109857559204
0.2507549226284027
0.6602548360824585
0.1513383537530899
0.16896101832389832
0.647607147693634
0.3845829367637634
0.34325626492500305
0.47956958413124084
0.3886663317680359
0.8190948367118835
0.5005487203598022
0.3543941378593445
0.6303927898406982
0.3618394732475281
0.4470587372779846
0.2742733061313629
0.7114596366882324
0.2510552406311035
0.2725663483142853
0.36437517404556274
0.9215198755264282
0.19257134199142456
0.5042718648910522
0.4461222290992737
0.41458386182785034
0.25338560342788696
0.5123887658119202
0.28684526681900024
0.2796172499656677
0.41151633858680725
0.21917681396007538
0.7331738471984863
0.18243266642093658
0.40089577436447144
1.0575497150421143
0.20323339104652405
0.6766781210899353
0.24113163352012634
0.24094244837760925
0.26767781376838684
0.49381595849990845
0.47093161940574646
0.32325565814971924
0.4938356280326843
0.24900606274604797
0.24090686440467834
0.961905837059021
0.1952095627784729
0.27244266867637634
0.6803176403045654
1.055115818977356
0.5040134787559509
1.0922839641571045
0.4581667482852936
0.3320907652378082
0.4647749066352844
0.5825765132904053
0.4034059941768646
0.42445293068885803
0.28087422251701355
0.45902934670448303
0.2619531452655792
0.2741657495498657
0.4510606825351715
0.15001870691776276
0.1949341744184494
0.1298867017030716
0.5856410264968872
0.3538292348384857
0.46009254455566406
1.032362937927246
0.4228661060333252
0.8344324827194214
0.2237369269132614
0.23175840079784393
0.2551705539226532
0.6463083624839783
0.24844932556152344
0.7878028154373169
0.12947292625904083
0.5605819821357727
0.29863297939300537
0.8407207727432251
0.4036201536655426
1.373779296875
0.3679341673851013
0.336410790681839
0.430560827255249
0.5943773984909058
0.43096914887428284
0.42812830209732056
0.649601936340332
0.5122640132904053
0.45694851875305176
0.4908667504787445
0.16243736445903778
1.0623902082443237
0.36437469720840454
0.5563603639602661
0.39538735151290894
0.9970375299453735
0.18852737545967102
0.5227299332618713
0.585475742816925
0.2901309132575989
0.38080212473869324
0.474132239818573
0.8029576539993286
0.2902649939060211
0.597014307975769
0.30667203664779663
0.4033081531524658
0.348084032535553
0.33955228328704834
0.3204520344734192
0.12751349806785583
0.8377026319503784
0.3316785991191864
0.5037222504615784
0.5828840732574463
0.32252007722854614
0.4777795374393463
0.6421847939491272
0.4988288879394531
0.19116836786270142
0.6430398225784302
0.2004823386669159
0.19076284766197205
0.4065181612968445
0.34941279888153076
0.5720674991607666
0.4465101659297943
0.2393418252468109
0.6532410979270935
0.23587246239185333
0.31418541073799133
0.7724515795707703
0.43694043159484863
0.10029300302267075
0.30362018942832947
0.4816254675388336
0.3388112485408783
0.27884599566459656
0.31970712542533875
0.19587020576000214
0.3260984420776367
0.3410572409629822
0.613484263420105
0.45266467332839966
0.37407565116882324
0.31596943736076355
0.36996763944625854
0.6543780565261841
0.316973477602005
0.5540368556976318
0.37683454155921936
0.4100781977176666
0.28331297636032104
0.41342657804489136
0.3475063145160675
0.12630780041217804
0.3417991101741791
0.3382005989551544
0.6220066547393799
0.6838332414627075
0.41041746735572815
0.4529459476470947
0.3371434807777405
0.4063376486301422
0.4672658443450928
0.5601557493209839
0.5449866056442261
0.1318712830543518
0.9000972509384155
0.4528042674064636
0.917878270149231
0.2961704134941101
0.3468213379383087
0.24066206812858582
0.4235653281211853
0.4734519124031067
0.4897889494895935
0.16286253929138184
0.3243274688720703
0.3724331259727478
0.3462696373462677
0.2000853568315506
0.2276269942522049
0.24793414771556854
0.686127781867981
0.295430988073349
0.21488599479198456
0.5899451375007629
0.1893433779478073
0.3414626717567444
0.4731300473213196
0.49841657280921936
0.3339722752571106
0.7528284192085266
0.43336382508277893
0.3481317162513733
0.3921903371810913
0.43842214345932007
0.3782788813114166
0.4026697278022766
0.31616178154945374
0.23988087475299835
0.4299857020378113
0.6812199950218201
0.446031391620636
0.7524567246437073
0.18978360295295715
0.21368631720542908
0.48533716797828674
0.1186610609292984
0.2633804678916931
0.5410003066062927
0.2258448600769043
0.7561147809028625
0.26510196924209595
0.29886293411254883
0.44913148880004883
0.20604479312896729
0.14486736059188843
0.6667100191116333
0.29589182138442993
0.30649057030677795
0.5376859903335571
0.5985053777694702
0.254238486289978
0.3604995310306549
0.3258543908596039
0.8574212193489075
0.2061971127986908
0.7160135507583618
0.36196622252464294
0.3827458322048187
0.2576177418231964
0.20894582569599152
0.5673338770866394
0.46055811643600464
0.322415292263031
0.39232712984085083
0.2710924744606018
0.4517337381839752
0.5650062561035156
0.477655827999115
0.30096492171287537
0.4976183772087097
0.40761780738830566
0.19008482992649078
0.9940038919448853
0.1361493319272995
0.4568362236022949
0.521909236907959
0.7300024628639221
0.14743247628211975
0.2429475486278534
0.6570836305618286
0.4169122278690338
0.18534791469573975
0.45526209473609924
0.2245928794145584
0.3391984701156616
0.6261289715766907
0.380236953496933
0.2953319251537323
0.6934317350387573
0.5920405983924866
0.36444658041000366
0.6196104288101196
0.27920740842819214
0.6087044477462769
0.18281880021095276
0.9948084950447083
0.5027156472206116
0.3221399188041687
0.5132067203521729
0.16321471333503723
0.2064693421125412
0.36984962224960327
0.4215940833091736
0.2447594404220581
0.4353674352169037
0.337135374546051
0.43663209676742554
0.5619271993637085
0.9551502466201782
0.3058933615684509
0.25575128197669983
0.23796209692955017
0.3314182758331299
0.5139152407646179
0.5744192600250244
0.25254732370376587
0.5552297234535217
0.43197983503341675
0.4418869614601135
0.13650014996528625
0.6800105571746826
0.28773173689842224
0.1662295162677765
0.32600387930870056
0.341904878616333
0.2518332600593567
0.4711945950984955
0.37948137521743774
0.754219651222229
0.28243744373321533
1.0324968099594116
0.37737756967544556
0.2399725466966629
0.13205097615718842
0.55049729347229
0.24962010979652405
0.4433352053165436
0.24006056785583496
0.41410598158836365
0.47388434410095215
0.430868536233902
0.18677467107772827
0.46296676993370056
0.5866327881813049
0.2202211171388626
0.22567227482795715
0.6915584206581116
0.2721976935863495
0.5516100525856018
0.5315561890602112
0.40120774507522583
0.2161765843629837
0.6111400723457336
0.33333104848861694
0.7543362379074097
0.22730016708374023
0.4105631709098816
0.4334748685359955
0.44006529450416565
0.16512185335159302
0.38033419847488403
0.3064276874065399
0.7640480399131775
0.38560593128204346
0.577795147895813
0.2788796126842499
0.47941580414772034
0.10834284126758575
0.19589872658252716
0.8132286071777344
0.4998801648616791
0.4286864399909973
0.4836893081665039
0.2646926939487457
0.8127650022506714
0.2663450837135315
0.20132966339588165
0.21267084777355194
0.2943640351295471
0.467024028301239
0.5980542898178101
0.15026265382766724
0.08355224132537842
0.8815281987190247
0.5467859506607056
0.4736453890800476
0.6174526810646057
0.3074977695941925
0.4208877682685852
0.7461096048355103
0.596379816532135
0.2856633961200714
0.31142985820770264
0.24937398731708527
0.8005648851394653
0.6093696355819702
0.2778359651565552
0.35220757126808167
0.39332228899002075
0.15531405806541443
0.44131213426589966
0.3832964599132538
0.6614652872085571
0.3203791677951813
0.6750852465629578
0.40426164865493774
0.5425870418548584
0.3088594675064087
0.6150925755500793
0.352871835231781
0.2677687406539917
0.1488722860813141
0.30073946714401245
0.4579010009765625
0.3873469829559326
0.7695223093032837
0.26256999373435974
0.14672252535820007
0.4622364044189453
0.4014263153076172
0.1445179581642151
0.30297020077705383
0.263597309589386
0.9178482294082642
0.3228539824485779
0.827835738658905
0.25856897234916687
0.4546486437320709
0.4547710418701172
0.31404733657836914
0.45264893770217896
0.1432952582836151
0.6332384943962097
0.538782000541687
0.5346928834915161
0.23977908492088318
0.4877901077270508
0.3081715703010559
0.8225136995315552
0.48976844549179077
0.39298954606056213
0.2685367166996002
0.2784797251224518
0.5498868227005005
0.36693647503852844
0.14842060208320618
0.14536401629447937
0.32065528631210327
0.7347553968429565
0.38917386531829834
0.30243223905563354
0.16560879349708557
0.5069721937179565
0.8034771084785461
0.4837886393070221
0.5429620146751404
0.148294597864151
0.4124132990837097
0.5815054178237915
0.696542501449585
0.3808653652667999
0.1792839914560318
0.5242549180984497
0.3817812204360962
0.13554978370666504
0.31362608075141907
0.17718371748924255
0.5746504068374634
0.32377973198890686
0.1982182413339615
0.38298824429512024
0.37707701325416565
0.3244558274745941
0.33974114060401917
0.49298009276390076
0.2840723395347595
0.1744360625743866
0.3917575776576996
0.7337624430656433
0.50931316614151
0.4404587149620056
0.5380690097808838
0.09331531822681427
0.25039899349212646
0.42322689294815063
0.21052618324756622
0.775797426700592
0.23916438221931458
0.5358196496963501
0.18564477562904358
0.356632798910141
0.3241387605667114
0.2857452929019928
0.2723056674003601
0.8145878911018372
0.43914684653282166
0.6837342977523804
0.18871991336345673
0.3521454632282257
0.3827435374259949
0.571200430393219
0.6013857126235962
0.6871644854545593
0.426588237285614
0.16151967644691467
0.4505734443664551
0.7273679971694946
0.24401326477527618
0.443775475025177
0.4022945463657379
0.38666531443595886
0.5529235601425171
0.22617848217487335
0.28222331404685974
0.44654422998428345
0.1901022046804428
0.5259857177734375
0.5969899296760559
0.24763742089271545
0.43775129318237305
0.3242877125740051
0.1935005933046341
0.41879701614379883
0.22505781054496765
0.2617536187171936
0.3446323871612549
0.5819240212440491
0.7580569982528687
0.6279541254043579
0.2777571380138397
1.230877161026001
0.2545124292373657
0.21153731644153595
0.23539376258850098
0.8950521349906921
0.9308985471725464
0.6673907041549683
0.4214637875556946
0.17210006713867188
0.6338470578193665
0.574720561504364
0.23066703975200653
0.4626895785331726
0.6051838994026184
0.43187642097473145
0.42943915724754333
0.36241990327835083
0.6027001142501831
0.408287912607193
0.26919421553611755
0.5624052286148071
0.4447711110115051
0.788809061050415
0.22750191390514374
0.5501514673233032
0.806892991065979
0.6315974593162537
0.42243847250938416
0.15291954576969147
0.4132578372955322
0.22773058712482452
0.23683235049247742
0.5802260041236877
0.22062401473522186
0.5817261338233948
0.41526418924331665
0.36608678102493286
0.3556015193462372
0.6273574829101562
0.33786746859550476
0.40261611342430115
0.3062264025211334
0.9073511958122253
0.23334138095378876
0.5222308039665222
0.39869776368141174
0.556951642036438
0.29309484362602234
0.7503263354301453
0.5534222722053528
0.5574411749839783
0.28139159083366394
0.6041049957275391
0.38353872299194336
0.2185412347316742
0.6603859663009644
0.31212788820266724
0.3749173879623413
0.2572616934776306
0.6521940231323242
0.1200752705335617
0.3984006345272064
0.3189656138420105
0.38014543056488037
0.5510876774787903
0.7200530767440796
0.27305352687835693
0.3266866207122803
0.3851684331893921
0.3649468719959259
0.33283302187919617
0.31419867277145386
0.5589953660964966
0.40198761224746704
0.5609961152076721
0.4565548896789551
0.34924089908599854
0.5837064981460571
0.25287511944770813
0.4288410246372223
0.5545003414154053
0.20106753706932068
0.27057138085365295
0.29339006543159485
0.19203880429267883
0.2276962548494339
0.2893471419811249
0.5883011221885681
0.340766042470932
0.6883116960525513
0.4747459292411804
0.5434547662734985
0.6695992350578308
0.23368200659751892
0.31057876348495483
0.21610620617866516
0.6198233366012573
0.266594797372818
0.26500803232192993
0.22188404202461243
0.7970500588417053
0.3391740620136261
0.48393768072128296
0.27440088987350464
0.7217307686805725
0.715660035610199
0.5577019453048706
0.14554843306541443
0.2734954357147217
0.1470225751399994
0.4056002199649811
0.3641597628593445
0.3386005163192749
0.4051530957221985
0.26781901717185974
0.4574006199836731
0.4573250710964203
0.576538622379303
0.8046361207962036
0.34661728143692017
0.5873804688453674
0.41012048721313477
1.0935202836990356
0.17696967720985413
0.25075027346611023
0.9120514988899231
0.17286698520183563
0.2132936418056488
0.6017937660217285
0.3401033878326416
0.20709581673145294
0.28143513202667236
0.47920626401901245
0.2818564772605896
1.023524522781372
0.4139197766780853
0.5707534551620483
0.8339683413505554
0.7941820025444031
0.26385271549224854
0.20941095054149628
0.5512793660163879
0.6052559614181519
0.18873561918735504
0.31131139397621155
0.29417094588279724
0.3415852189064026
0.4861387312412262
0.2826690971851349
0.19562886655330658
0.3289780020713806
0.22753143310546875
0.1704331636428833
0.5082917809486389
0.38970038294792175
0.2506139576435089
0.32569965720176697
0.20970769226551056
0.4060451090335846
0.4584898054599762
0.29966238141059875
0.5202189683914185
0.09567005187273026
0.15492716431617737
0.47634345293045044
0.22418661415576935
0.5052480101585388
0.4207206666469574
0.2036176472902298
0.30120664834976196
0.22616037726402283
0.7615138292312622
0.3603653907775879
0.44888147711753845
0.4305287301540375
0.6346956491470337
0.08345071226358414
0.4695258140563965
0.19768333435058594
0.07084237039089203
0.38202935457229614
0.31823259592056274
0.2431284487247467
0.49941524863243103
0.253775954246521
0.5057999491691589
0.2504468858242035
0.4965929090976715
0.28457170724868774
0.30788591504096985
0.6510351896286011
0.5610243082046509
0.38340190052986145
0.2739737629890442
0.28314197063446045
0.5371868014335632
0.8012704849243164
0.4157849848270416
0.6095749139785767
0.3935793936252594
0.23213431239128113
0.4142421782016754
0.1462593972682953
0.1358356773853302
0.3737405836582184
0.43578028678894043
0.49528902769088745
0.36433154344558716
0.26210469007492065
0.31519562005996704
0.5115597248077393
0.21252410113811493
0.5879837274551392
0.12820065021514893
0.24481835961341858
0.4277961850166321
0.4557705521583557
0.21642136573791504
0.22915510833263397
0.21544814109802246
0.19333256781101227
0.6115367412567139
0.16499625146389008
0.2861892580986023
0.4279465079307556
0.7804338932037354
0.42046117782592773
0.30100175738334656
0.314663827419281
0.5779315829277039
0.507527232170105
0.23641709983348846
0.33089447021484375
0.2804564833641052
0.24589896202087402
0.17401686310768127
0.6121695041656494
0.58127760887146
0.09438465535640717
0.34354129433631897
0.4093262553215027
0.27913469076156616
0.9686450958251953
0.39113202691078186
0.9793699979782104
0.554043173789978
0.1950588971376419
0.33251020312309265
0.18434631824493408
0.3213144838809967
0.3087887763977051
0.3644218146800995
0.654518723487854
0.48064088821411133
0.2995203137397766
0.2775173783302307
0.4492006301879883
1.037268042564392
0.8174821138381958
0.5620372891426086
0.7588974833488464
0.68923020362854
0.37424224615097046
0.2798103094100952
0.40178585052490234
0.41069236397743225
0.4563707709312439
0.5176532864570618
0.3657311797142029
0.28203967213630676
0.5026476979255676
0.47588449716567993
0.6789231896400452
0.3818039298057556
0.5436239838600159
0.40900176763534546
0.5893173813819885
0.42002564668655396
0.3716728687286377
0.2885243594646454
0.26164668798446655
0.16488994657993317
0.36183133721351624
0.3446913957595825
0.24646763503551483
0.6512149572372437
0.33100852370262146
0.3118186593055725
0.2577533423900604
0.45735597610473633
0.14128568768501282
0.42594918608665466
1.1171252727508545
0.46241992712020874
0.7802224159240723
0.3046037554740906
0.1465914100408554
0.5536613464355469
0.47821158170700073
0.22646737098693848
0.25948476791381836
0.6054998636245728
0.5442911386489868
0.3193189203739166
0.5017362236976624
0.11025498807430267
0.38697686791419983
0.4687390923500061
0.26746752858161926
0.6633039712905884
0.3865140676498413
0.2328062355518341
0.26419126987457275
0.14393998682498932
0.6430979371070862
0.48723044991493225
0.5354467630386353
0.4132319390773773
0.31944793462753296
0.34489360451698303
0.8352246284484863
0.22762425243854523
0.6713675856590271
0.42355623841285706
0.29275426268577576
0.32467687129974365
0.3515922427177429
0.29661884903907776
0.11539117991924286
0.5966204404830933
0.538699746131897
0.28227096796035767
0.4063652455806732
0.520827054977417
0.4152420461177826
0.2401246577501297
0.3597337007522583
0.24898996949195862
0.4781603217124939
0.6387899518013
0.43113741278648376
0.4336913228034973
0.43950963020324707
0.14185704290866852
0.9954566955566406
0.48470816016197205
0.35296621918678284
0.4666021466255188
0.4810083508491516
0.21660301089286804
0.26721900701522827
0.4102082848548889
0.5593342781066895
0.37964463233947754
0.5891948938369751
0.11212228238582611
0.4587099552154541
0.809110164642334
0.24119238555431366
0.1955983191728592
0.34192925691604614
0.4545511305332184
0.273994505405426
0.2824323773384094
0.31775566935539246
0.38931119441986084
0.8517339825630188
0.26521527767181396
0.07848820835351944
0.19639503955841064
0.8503777384757996
0.3851971924304962
0.31461387872695923
0.296963095664978
0.697236180305481
0.9255633354187012
0.8527270555496216
0.2565363049507141
0.31537967920303345
0.24976181983947754
0.4401850700378418
0.39916616678237915
0.27085673809051514
0.6158972382545471
1.05428147315979
0.42345619201660156
0.5002838373184204
0.4411398470401764
0.9678189158439636
0.6946999430656433
0.3408285081386566
0.6828848719596863
0.2744964361190796
0.43882817029953003
0.5216888189315796
0.32452139258384705
0.9132294654846191
0.26922768354415894
0.4178500175476074
0.3060598373413086
0.22367477416992188
0.3104972541332245
0.4690937399864197
0.22455251216888428
0.3236261010169983
0.2694372832775116
0.3207511603832245
0.9567011594772339
0.2858532667160034
0.5753697156906128
0.32137998938560486
0.15931753814220428
0.31962427496910095
0.27442488074302673
0.5586515665054321
0.48354268074035645
0.3856973946094513
0.5391272306442261
0.3339536786079407
0.47232675552368164
0.3561321198940277
0.8029991984367371
0.39302438497543335
0.6781970858573914
0.7344328165054321
0.37066611647605896
0.1787186712026596
0.3964809477329254
0.6248669624328613
0.4499202370643616
0.2805421054363251
0.6063028573989868
0.3955836892127991
0.3034205734729767
0.5480087995529175
0.2546204924583435
0.5759317874908447
0.6712082028388977
0.38834697008132935
0.3449966311454773
0.3291831612586975
0.18746373057365417
0.642624020576477
0.6577005982398987
0.2990902364253998
0.5352334976196289
0.42843693494796753
0.5648987889289856
0.1886511594057083
0.2236337959766388
0.4493345320224762
0.34085625410079956
1.3326832056045532
0.5509925484657288
0.4491400718688965
0.39947569370269775
0.3449513018131256
0.7936801314353943
0.4551882743835449
0.4310833811759949
0.5197548866271973
0.21229331195354462
0.30984485149383545
0.7171932458877563
0.6804475784301758
0.3167405128479004
0.24459871649742126
0.3942680060863495
0.7813429832458496
0.6167378425598145
0.498880535364151
0.32806313037872314
0.3810073435306549
0.4121498167514801
0.47334375977516174
0.36777421832084656
0.5044165849685669
0.3512565493583679
0.2555360496044159
0.655326783657074
0.42528215050697327
0.5597922205924988
0.11542217433452606
0.6345971822738647
0.7097128629684448
0.5396032333374023
0.9353629350662231
0.5016762018203735
0.31241071224212646
0.470501184463501
0.4804271161556244
0.2785734534263611
0.18311265110969543
0.5614499449729919
0.3927469551563263
0.22816868126392365
0.49444112181663513
0.23134379088878632
0.4077272415161133
0.4381529688835144
0.6309908628463745
0.7695609331130981
0.35116806626319885
0.43982991576194763
0.380534291267395
0.3650272786617279
0.18717190623283386
0.6897555589675903
0.45448294281959534
0.7218161225318909
0.3131842613220215
0.20906849205493927
0.3110553026199341
0.20208756625652313
0.13660702109336853
0.30859068036079407
0.2709180414676666
0.19907163083553314
0.3027588427066803
0.18366149067878723
0.5007799863815308
0.30210432410240173
0.4904044270515442
0.39331552386283875
0.36078211665153503
0.7393028736114502
0.4697009027004242
0.3717145025730133
0.5636441707611084
0.16212725639343262
0.4446040689945221
0.3614458739757538
0.5352139472961426
0.44394344091415405
0.20880737900733948
0.36604297161102295
0.5583478808403015
0.29920583963394165
0.48122063279151917
0.10911176353693008
0.41107940673828125
0.7688503265380859
0.2664453387260437
0.5160561800003052
0.654172956943512
0.21909084916114807
0.503845751285553
0.4471715986728668
0.23305542767047882
0.2431640326976776
0.4228197932243347
0.3600369393825531
0.3546062111854553
0.3136844038963318
0.7444194555282593
0.4545455574989319
0.34281983971595764
0.2832837402820587
0.35294684767723083
0.29843050241470337
0.4250560700893402
0.5985572338104248
0.23280110955238342
0.41890740394592285
0.09337274730205536
0.557972252368927
0.8610566258430481
0.32994571328163147
0.2757207453250885
0.25704482197761536
0.3201858103275299
0.19889071583747864
0.3783375322818756
0.2983781695365906
0.4663645625114441
0.37302300333976746
0.3761623203754425
0.3806922733783722
0.45205217599868774
0.14052720367908478
0.46748456358909607
0.5093914866447449
0.35759755969047546
0.3681533634662628
0.5949069261550903
0.2939840257167816
0.7127125859260559
0.3357856869697571
0.5700339078903198
0.3482145667076111
0.48023122549057007
0.15084095299243927
0.37983331084251404
0.6231824159622192
0.6203850507736206
0.40467777848243713
0.08536238223314285
0.2635084390640259
0.3078940808773041
0.2557116150856018
0.47432374954223633
0.9024699926376343
0.3770580291748047
0.11656458675861359
0.4576937258243561
0.26649904251098633
0.3387411832809448
0.7093220949172974
0.34707337617874146
0.3289795517921448
0.4291161000728607
0.3092969059944153
0.8291357159614563
0.5340886116027832
0.3723500072956085
0.4756240248680115
0.8977756500244141
0.7077711224555969
0.28370821475982666
0.9575802683830261
0.138192281126976
0.16556426882743835
0.46968236565589905
0.3583645224571228
0.3818555772304535
0.20403549075126648
0.42055076360702515
0.07707370072603226
0.5118968486785889
0.2769668698310852
0.22193896770477295
0.2971556484699249
0.42149025201797485
0.3209478557109833
0.6129339933395386
0.10175906121730804
0.34919455647468567
0.21037037670612335
0.45490914583206177
0.5323496460914612
0.334861695766449
0.39684993028640747
0.0913701057434082
0.4543358385562897
0.3753754496574402
0.28393226861953735
0.8700491786003113
0.23573394119739532
0.48672810196876526
0.19125179946422577
0.31986531615257263
0.12264062464237213
0.5289767980575562
0.4495854377746582
0.39134681224823
0.3589615225791931
0.14190137386322021
0.36435335874557495
0.40491360425949097
0.4734167158603668
0.525032103061676
0.3053201735019684
0.215895414352417
0.8051896095275879
0.5789029598236084
0.39227503538131714
0.2806617319583893
0.23542559146881104
1.1147964000701904
0.4195765554904938
0.39455386996269226
0.3279854953289032
0.3010792136192322
0.2667776048183441
0.4795352816581726
0.691489577293396
0.6464404463768005
0.34563255310058594
0.2611500322818756
0.8227823376655579
0.458087295293808
0.8049319982528687
0.39251306653022766
0.4998297095298767
0.16477930545806885
0.39475470781326294
0.33042338490486145
0.3229779303073883
0.5151298642158508
0.4754505753517151
0.21118393540382385
0.4932047724723816
0.37028664350509644
0.3394503593444824
0.4111658036708832
0.1910918951034546
0.7708876729011536
0.7447038292884827
0.20369839668273926
0.3015890419483185
0.2749910056591034
0.3291579484939575
0.30826205015182495
0.5464445352554321
0.27373039722442627
0.38797634840011597
0.16721734404563904
0.4555416703224182
0.2251109629869461
0.4062909483909607
0.3689974844455719
0.33649641275405884
0.1787085235118866
0.35514068603515625
0.2582598030567169
0.15909352898597717
0.43754464387893677
0.4306502938270569
0.6694731712341309
0.2744303345680237
0.14338502287864685
0.4687005877494812
0.2879856526851654
1.168526530265808
0.46286463737487793
0.569507896900177
0.23502150177955627
0.32569119334220886
0.4473411440849304
0.19151005148887634
0.2716704308986664
0.41473937034606934
0.4951764941215515
0.43091851472854614
0.304416686296463
0.40136927366256714
0.5055638551712036
0.8008371591567993
0.16849827766418457
0.16087466478347778
0.6413935422897339
0.40613722801208496
0.9130347967147827
0.4942946434020996
0.5416127443313599
0.12923496961593628
0.8166977167129517
0.2764950394630432
0.2323567122220993
0.311718612909317
0.060050059109926224
0.30091094970703125
0.17231279611587524
0.39365407824516296
0.40660181641578674
0.19903695583343506
0.38917630910873413
0.4905611574649811
0.40941381454467773
0.3432992100715637
0.282988965511322
0.23517635464668274
0.34637659788131714
0.15786747634410858
0.25288504362106323
0.2575792670249939
0.161085844039917
0.8310461044311523
0.49842149019241333
0.8464964628219604
0.3950534760951996
0.24562588334083557
0.5128596425056458
0.6753333806991577
0.743162214756012
0.34722453355789185
0.7699432373046875
0.18243202567100525
0.23237676918506622
0.35423189401626587
0.4030642509460449
0.099615179002285
0.3356764316558838
0.4012886583805084
0.548234224319458
0.40385523438453674
0.8737810254096985
0.351690411567688
0.3987744450569153
0.4977347254753113
0.6367634534835815
0.49819642305374146
0.21672168374061584
0.601182758808136
0.3972419202327728
0.11445961892604828
0.23917920887470245
0.34578120708465576
0.39461973309516907
0.45967379212379456
0.2650021016597748
0.2610612213611603
0.8501855134963989
0.26094335317611694
0.4168119430541992
0.5045244693756104
0.3238358199596405
0.40767019987106323
0.8962265253067017
0.27845391631126404
0.39823272824287415
0.24043194949626923
0.7006164789199829
0.5055312514305115
0.8585546612739563
0.4406992793083191
0.6478234529495239
0.2347777634859085
0.34608566761016846
0.7982177734375
0.239816352725029
0.28848502039909363
0.7255204916000366
0.3171258866786957
0.47591298818588257
0.3287515938282013
0.4760197103023529
0.7280970215797424
0.3910634219646454
0.37131866812705994
0.1994011402130127
0.5726456046104431
0.35140353441238403
0.6875096559524536
0.11024174839258194
0.4252890646457672
0.2955141067504883
0.14838376641273499
0.3596460223197937
0.37300243973731995
0.3223581612110138
0.5304465889930725
0.27654823660850525
0.3094666004180908
0.3426128029823303
0.23769600689411163
0.16578315198421478
0.5020796060562134
0.6910988092422485
0.2338908165693283
0.5956016778945923
0.522220253944397
0.6077708601951599
0.22007222473621368
0.41608667373657227
0.5162738561630249
0.2045866996049881
0.5536192059516907
0.1235593929886818
0.4995799660682678
0.21668505668640137
0.39457160234451294
0.4607089161872864
0.41466981172561646
0.3661952614784241
0.4555460810661316
0.2827494740486145
0.5690599679946899
0.6018340587615967
0.4586467742919922
0.507361888885498
0.520851731300354
0.5527516603469849
0.19326584041118622
0.4710245132446289
0.44673261046409607
0.10184142738580704
1.0687346458435059
0.4160427451133728
0.8429458737373352
0.24454963207244873
0.3328092694282532
0.4448079466819763
0.2704668641090393
0.4242263734340668
0.10370013862848282
0.42944473028182983
0.569909930229187
0.3112300634384155
0.6185336709022522
0.4094063639640808
0.38099759817123413
0.4053393304347992
0.2978613078594208
0.5167306065559387
0.25125306844711304
0.4237704277038574
0.5117047429084778
0.6679299473762512
0.6075871586799622
0.17583869397640228
0.40054765343666077
0.40414828062057495
0.4344998896121979
0.4921853542327881
0.33380064368247986
0.7484270334243774
0.419586718082428
0.3853660821914673
0.3602944016456604
0.3061470687389374
0.17327702045440674
0.4922162592411041
0.42793774604797363
0.3917044997215271
0.4042665362358093
0.17948853969573975
0.4779741168022156
0.34714025259017944
0.541716456413269
0.5957427620887756
0.5292219519615173
0.4238792359828949
0.326355516910553
0.3384310007095337
0.4560917317867279
0.3513003885746002
0.5756699442863464
0.6614500284194946
0.35988539457321167
0.3064490258693695
0.2498112916946411
0.12976834177970886
0.40529918670654297
0.6060938239097595
0.6593550443649292
0.4952419400215149
0.5742310881614685
0.7018551230430603
0.685796320438385
0.3284814655780792
0.34285327792167664
0.40065258741378784
0.30053481459617615
0.15480650961399078
0.3272492289543152
0.29430341720581055
0.25752073526382446
0.31121188402175903
0.2866385579109192
0.38871824741363525
0.5692462921142578
0.3418680727481842
0.9959276914596558
0.7165178060531616
0.9639741778373718
0.4475771486759186
0.32073378562927246
0.324340283870697
0.20935025811195374
0.7080187201499939
0.2280062735080719
0.500323474407196
0.7367487549781799
0.03637559339404106
0.2763114273548126
0.4916292726993561
0.5417543649673462
0.198347270488739
0.4446166157722473
0.4506990909576416
0.31937092542648315
0.3379029631614685
0.2125086784362793
0.46744030714035034
0.24619951844215393
0.32300254702568054
0.3293289840221405
0.30142632126808167
0.46804922819137573
0.35131096839904785
0.37331727147102356
0.2609507441520691
0.24643537402153015
0.5445671677589417
0.10941757261753082
0.23648586869239807
0.1781425029039383
0.2645106315612793
0.22689902782440186
0.4771901071071625
0.12010447680950165
0.16931094229221344
0.23706817626953125
0.5117440223693848
0.12504614889621735
0.4367917478084564
0.3201373219490051
0.29792219400405884
0.3837098479270935
0.30270278453826904
0.1854790449142456
0.17282186448574066
0.5310999155044556
0.5952020883560181
0.34751278162002563
0.33062392473220825
0.4994271695613861
0.10999925434589386
0.3245154023170471
0.41671520471572876
0.6465684175491333
0.6136070489883423
0.3629114329814911
0.5399201512336731
0.7229885458946228
0.43896979093551636
0.4170757234096527
0.4081076681613922
0.41391944885253906
0.5808296799659729
0.7457841634750366
0.43955621123313904
0.5777926445007324
0.24535374343395233
0.6831322312355042
0.6156538128852844
0.5994494557380676
0.3184090554714203
0.9084606170654297
0.5933868885040283
0.6826327443122864
0.16750197112560272
0.45994487404823303
0.648470938205719
0.17378833889961243
0.4527803361415863
0.4041820466518402
0.6734293103218079
0.2474530190229416
0.3793790936470032
0.38286375999450684
0.39765748381614685
0.6387196183204651
0.40962353348731995
0.23416092991828918
0.44902944564819336
0.736723005771637
0.2960013747215271
0.1622995287179947
0.4918365478515625
0.33201247453689575
0.41817307472229004
0.22830379009246826
0.4329884648323059
0.42884692549705505
0.4213893413543701
0.27361980080604553
0.41824179887771606
0.3991384208202362
0.11637537181377411
0.5738115906715393
0.4648132920265198
0.626501739025116
0.3447875380516052
0.41729918122291565
0.31415194272994995
0.47480326890945435
0.2968692183494568
0.41299644112586975
0.4610494077205658
0.41609257459640503
0.8161211013793945
0.3909544348716736
0.285194993019104
0.22541049122810364
0.5519423484802246
0.28664660453796387
0.3806833326816559
0.22357039153575897
0.45519542694091797
0.5628172159194946
0.4717458188533783
0.6636214852333069
0.20368847250938416
0.3709951341152191
0.12329605966806412
0.24077729880809784
0.39970311522483826
0.39044883847236633
0.7131514549255371
0.32471126317977905
0.5320737361907959
0.1525416076183319
0.41456326842308044
0.4348617494106293
0.2970901429653168
0.23493090271949768
0.22490015625953674
0.5320879220962524
0.3268502354621887
0.3730393052101135
0.416771799325943
0.5497138500213623
0.10621879249811172
0.29469946026802063
0.48785966634750366
0.46695956587791443
0.5373271107673645
0.51624596118927
0.4672884941101074
0.2519865930080414
0.16683468222618103
0.4629000723361969
0.38222557306289673
0.20076651871204376
0.40672963857650757
0.3513775169849396
0.45555251836776733
0.5970507264137268
0.43939995765686035
0.3382388651371002
0.24449388682842255
0.3991469144821167
0.8016766309738159
0.2256133258342743
0.4191795885562897
0.4319443702697754
0.24428386986255646
0.3869812488555908
0.5070911645889282
0.35473617911338806
0.4010144770145416
0.3050406575202942
0.4399351477622986
0.48178061842918396
0.19387555122375488
0.3226366937160492
0.2105274200439453
0.8238312602043152
0.37408533692359924
0.33927273750305176
0.7659775018692017
0.8211281895637512
0.24297693371772766
0.31011950969696045
0.5361136198043823
0.5781704187393188
0.35170990228652954
0.37776559591293335
0.14380669593811035
0.25857073068618774
0.45726388692855835
0.6049292683601379
0.42142677307128906
0.6989785432815552
0.26247745752334595
0.4625247120857239
0.43789902329444885
0.40959542989730835
0.3712269067764282
0.3769093453884125
0.3465004563331604
0.3037962019443512
0.19406360387802124
0.646562397480011
0.4762992858886719
0.30777862668037415
0.39349573850631714
0.3421761393547058
0.503950297832489
0.5652509927749634
0.4114428460597992
0.41173332929611206
0.4023923873901367
0.6330164670944214
0.39828115701675415
0.18884849548339844
0.3747006058692932
0.48434391617774963
0.24398724734783173
0.44720596075057983
0.10916142165660858
0.6103717088699341
0.48806342482566833
0.6417055726051331
0.35205787420272827
0.5591743588447571
0.48976200819015503
0.3918832242488861
0.33756113052368164
0.5680887699127197
0.19843485951423645
0.4333576560020447
0.4773729741573334
0.3300088346004486
0.4102979302406311
0.4553675651550293
0.48635417222976685
0.3690473735332489
0.2777426540851593
0.2592534124851227
0.8750249743461609
0.6957404017448425
1.1742100715637207
0.5029724836349487
0.2485831081867218
0.737017035484314
0.25312843918800354
0.4619658589363098
0.4931628704071045
0.17692211270332336
0.5453044176101685
0.3124798834323883
0.3883970379829407
0.31623369455337524
0.2669704556465149
0.3264448940753937
0.2067008912563324
0.46563926339149475
0.4931587278842926
0.1354774534702301
0.6465333700180054
0.09106899797916412
0.35155943036079407
0.1241229921579361
0.24995334446430206
0.6988281011581421
0.35609495639801025
0.3501147925853729
0.47423917055130005
0.7274171113967896
0.2674490511417389
0.5628702640533447
0.35342830419540405
0.5200586318969727
0.577953040599823
0.3944685459136963
0.32774797081947327
0.4476132392883301
0.4601565897464752
0.5387545824050903
0.2863972783088684
0.2269068956375122
0.25784680247306824
0.5808911919593811
0.31295686960220337
1.1390926837921143
0.4836111068725586
0.5609114766120911
0.42314547300338745
0.773197591304779
0.4474605619907379
0.1556648313999176
0.47937217354774475
0.1737990379333496
0.3225841522216797
0.20820192992687225
0.5132468938827515
0.27489835023880005
0.30594587326049805
0.3267609477043152
0.14600469172000885
0.41082197427749634
0.4104514718055725
0.13811665773391724
0.28158867359161377
0.12305706739425659
0.4336746633052826
0.7564828395843506
0.3547251224517822
0.6717144250869751
0.4748322367668152
0.4425734579563141
0.39639273285865784
0.28948774933815
0.28743886947631836
0.47097641229629517
0.2886577248573303
0.41249650716781616
0.48961177468299866
0.44678226113319397
0.5619422197341919
0.2054949253797531
0.15216636657714844
0.37596195936203003
0.8401558995246887
0.25429946184158325
0.17860817909240723
0.49474820494651794
0.2542199194431305
0.6368634700775146
0.37814095616340637
0.33333098888397217
0.6376422047615051
0.28472626209259033
0.3506242036819458
0.794629693031311
0.18064196407794952
0.5432716012001038
0.30035364627838135
0.2163950502872467
0.6215137839317322
0.30041763186454773
0.3079243302345276
0.7578449845314026
0.12855157256126404
0.1719539910554886
0.15271224081516266
0.2504183053970337
0.8454991579055786
0.5810273885726929
0.21265196800231934
0.20055869221687317
0.3101774752140045
0.385843962430954
0.7871838808059692
0.3800358176231384
0.31409770250320435
0.1581280380487442
0.2500348687171936
0.6377463936805725
0.3013809323310852
0.383865088224411
0.4521394670009613
0.16778850555419922
0.2497064769268036
0.6221171617507935
0.4675186574459076
0.518474817276001
0.6274564862251282
0.5958378314971924
0.4312196373939514
0.08612717688083649
0.1833493411540985
0.9094093441963196
0.4770348072052002
0.34079134464263916
0.635581374168396
0.3956105411052704
0.16408966481685638
0.3538968563079834
0.567031741142273
0.4393245279788971
0.36342477798461914
0.2453937530517578
0.7043999433517456
0.2541029155254364
0.40852513909339905
0.18422889709472656
0.6808954477310181
0.7555235028266907
0.8057621121406555
0.6880791783332825
0.19447514414787292
0.2764904201030731
0.26319795846939087
0.2869676947593689
0.3673173785209656
0.4723198413848877
0.24516412615776062
0.4249885678291321
0.3988209664821625
0.3695228099822998
0.19121524691581726
0.7262054681777954
0.7232555150985718
0.2715732157230377
0.7430841326713562
0.3966904282569885
0.44538217782974243
0.34553593397140503
0.32704484462738037
1.022029161453247
0.25480109453201294
0.3428536057472229
0.44442734122276306
0.3923686146736145
0.5993677973747253
0.5588695406913757
0.4756850302219391
0.33445215225219727
0.5841754674911499
0.425151526927948
0.37049245834350586
0.2642851173877716
0.12388531118631363
0.5437182188034058
0.38801997900009155
0.36595356464385986
0.25503939390182495
0.6445001363754272
0.21508046984672546
0.30091407895088196
0.34059473872184753
0.6900489926338196
0.6699271202087402
0.1988535374403
0.41135939955711365
0.40038928389549255
0.18723835051059723
0.20894749462604523
0.46681147813796997
0.47478586435317993
0.18330885469913483
0.3730317950248718
0.2928616404533386
0.33299168944358826
0.22367814183235168
0.25640934705734253
0.24106533825397491
0.25453004240989685
0.28003615140914917
0.27095168828964233
0.8317691683769226
0.6970193982124329
0.21577656269073486
0.2618308961391449
0.4257098138332367
0.34780946373939514
0.5219930410385132
0.32921138405799866
0.44874924421310425
0.21649809181690216
0.21021349728107452
0.14537566900253296
0.7655978202819824
0.5992227792739868
0.6670204401016235
0.5544502139091492
0.4357784390449524
0.45983830094337463
0.4438621997833252
0.378234326839447
0.25255483388900757
0.6481878757476807
0.4244454503059387
0.5593681931495667
0.6419104337692261
0.6404925584793091
0.614453136920929
0.3227132260799408
0.40650469064712524
0.34957048296928406
0.22934477031230927
0.3375731408596039
0.40084391832351685
0.35313349962234497
0.3943045735359192
0.2683413326740265
0.3975411355495453
0.19694575667381287
0.2444155216217041
0.5818363428115845
0.37333017587661743
0.5845447778701782
0.4755117893218994
0.3984615206718445
0.39386749267578125
0.3091732859611511
0.4684061110019684
0.5196608901023865
0.5282886028289795
0.2742381989955902
0.7752748727798462
0.4293723702430725
0.41783323884010315
0.6345916986465454
0.3900851607322693
0.499225378036499
0.2600420117378235
0.1920497715473175
0.570935845375061
0.3445787727832794
0.5675961375236511
0.5665987133979797
0.4232962727546692
0.22788004577159882
0.23655188083648682
0.18245050311088562
0.6502567529678345
0.4037798345088959
0.579663097858429
0.36940404772758484
0.22085683047771454
0.5314780473709106
0.18550409376621246
0.26780176162719727
0.3486957848072052
0.512344479560852
0.2999621033668518
0.15958715975284576
0.2890368700027466
0.682255744934082
0.2830568552017212
0.5448335409164429
0.5687881112098694
0.24307361245155334
0.3763803243637085
0.5759615302085876
0.367814302444458
0.9938369989395142
0.4440585672855377
0.381937175989151
0.24569647014141083
0.4109610915184021
0.4483568072319031
0.903293788433075
0.4611441493034363
0.3095007538795471
0.34386157989501953
0.257103830575943
0.6069919466972351
0.3173443377017975
0.3483906090259552
0.664760947227478
0.3376312851905823
0.0634247288107872
0.4221097528934479
0.16442734003067017
0.6220110654830933
0.19088385999202728
0.6328197717666626
0.4500509798526764
0.3731505274772644
0.1692028045654297
0.9033159017562866
0.2472596913576126
0.3149334788322449
0.3192014992237091
0.6086441278457642
0.3650030493736267
0.6961284279823303
0.320081502199173
0.22898951172828674
0.5698980689048767
0.2525385916233063
0.5856947302818298
0.37048420310020447
0.28649020195007324
0.42329439520835876
0.2781200408935547
0.443464457988739
0.37098458409309387
0.5440754294395447
0.5948478579521179
0.3835607171058655
0.38772818446159363
0.23757986724376678
0.337446928024292
0.3170261085033417
0.10436038672924042
0.23460868000984192
0.3456474840641022
0.45503249764442444
0.4909190535545349
0.5185046792030334
0.4333896040916443
0.19565057754516602
0.49005061388015747
1.0037651062011719
0.3128964602947235
0.185564786195755
0.2622222304344177
0.37719443440437317
0.2969764471054077
0.3730837404727936
0.25515681505203247
0.4293033480644226
0.3607645034790039
0.28146079182624817
0.45447492599487305
0.43893593549728394
0.5108135938644409
0.41331368684768677
0.20265695452690125
0.05416307598352432
0.952928364276886
0.39995989203453064
0.2610630691051483
0.3949231505393982
0.27719947695732117
0.278837651014328
0.5936686992645264
0.5172728300094604
0.7218632698059082
0.31123170256614685
0.5610433220863342
0.8321952819824219
0.8682850003242493
0.201059490442276
0.35074135661125183
0.10144464671611786
0.7500790953636169
0.23709261417388916
0.7601126432418823
0.8853194117546082
0.4270099103450775
0.616675853729248
0.8413664102554321
0.4804636836051941
0.5475434064865112
0.4501987099647522
0.29093068838119507
0.39618879556655884
0.1821790188550949
0.6596752405166626
0.41248345375061035
0.17256684601306915
0.1687072366476059
0.296367347240448
0.5215247869491577
0.27880966663360596
0.4124235212802887
0.3209989368915558
0.7256174683570862
0.523845374584198
0.14534232020378113
0.4095192849636078
0.5966058969497681
0.41219672560691833
0.7367680668830872
0.23285365104675293
0.47806262969970703
0.698184609413147
0.4798993170261383
0.35288703441619873
0.630704402923584
0.6748126149177551
0.5450726747512817
0.38371798396110535
0.5519279837608337
0.46268564462661743
0.20546403527259827
0.40741825103759766
0.948733925819397
0.16376468539237976
0.5006381273269653
0.25806087255477905
0.4323733448982239
0.35158050060272217
0.8819926977157593
0.7750828862190247
0.4989507794380188
0.21250268816947937
0.30704545974731445
0.4051002860069275
0.4026430547237396
0.30151620507240295
0.6562575101852417
0.40691810846328735
0.23593847453594208
0.43946537375450134
0.4572021961212158
0.39874446392059326
0.5666049718856812
0.2876656949520111
0.26718074083328247
0.5779792666435242
1.051665186882019
0.11796333640813828
0.5425549149513245
0.49973297119140625
0.3397263288497925
0.41787344217300415
0.3664826452732086
0.35140109062194824
0.34586015343666077
0.600219190120697
0.5103785395622253
0.12132799625396729
1.1104741096496582
0.5099401473999023
0.6297626495361328
0.15619546175003052
0.17168554663658142
0.37048742175102234
0.4685444235801697
0.7891127467155457
0.47293201088905334
0.49480295181274414
0.38687750697135925
0.8325579762458801
0.28551286458969116
0.8676115870475769
0.31982991099357605
0.40698370337486267
0.4701099991798401
0.28252437710762024
0.33715614676475525
0.4088301658630371
0.0720173642039299
0.181128591299057
0.6800497174263
0.21434155106544495
0.2865976095199585
0.4009245038032532
0.43978986144065857
0.41536226868629456
0.23390671610832214
0.14709337055683136
0.6056649684906006
0.5445669293403625
0.37112826108932495
0.4403633177280426
0.21443095803260803
0.5101138353347778
0.20526961982250214
0.44111934304237366
0.972719669342041
0.3846976161003113
0.42158740758895874
0.7299824953079224
0.6745890378952026
0.36880990862846375
0.625531792640686
0.277127742767334
0.5290285348892212
0.2668778598308563
0.2606252431869507
0.37495625019073486
0.6131457090377808
0.8707553148269653
0.453918993473053
0.2502278685569763
0.7277714014053345
0.25515997409820557
0.32672756910324097
0.3087577223777771
0.21943669021129608
0.6899051666259766
0.6212025880813599
0.39233893156051636
0.5596264004707336
0.18792724609375
0.49872103333473206
0.3010006844997406
0.7622050046920776
0.3178558349609375
0.1965394914150238
0.284645140171051
0.18015822768211365
0.08682779967784882
0.31844884157180786
0.6720364093780518
0.1283722221851349
0.21013805270195007
0.3970004916191101
0.46381473541259766
0.7209810018539429
0.38113316893577576
0.7328613996505737
0.40701255202293396
0.29442399740219116
0.5177580118179321
0.4037415385246277
0.43136319518089294
0.5651562213897705
0.5814676284790039
0.154629647731781
0.5861271023750305
0.2999773621559143
0.4885687232017517
0.28756266832351685
0.6146665811538696
0.3645614981651306
0.5549952387809753
0.6424797773361206
0.4535679817199707
0.3296547830104828
0.348712682723999
0.501235842704773
0.2551218569278717
0.36905792355537415
0.5391072630882263
0.461736261844635
0.4085916578769684
0.22528104484081268
0.2615838944911957
0.46820321679115295
0.7082650661468506
0.29617565870285034
0.18599377572536469
0.7246752381324768
0.16056758165359497
0.3984094262123108
0.8379124402999878
0.3531512916088104
0.34611573815345764
0.3532852530479431
0.2840033173561096
0.47273579239845276
0.39087048172950745
0.6129355430603027
0.4190802574157715
0.3320518136024475
0.3363828957080841
0.5069008469581604
0.3254399001598358
0.5462919473648071
0.6066700220108032
0.43657684326171875
0.20103950798511505
0.2612071931362152
0.5939568281173706
0.14264848828315735
0.2913326621055603
0.5099257826805115
0.273701548576355
0.3671949505805969
0.6692206859588623
0.3373942971229553
0.412783145904541
0.21913595497608185
0.462563693523407
0.26846009492874146
0.3051869571208954
0.4488941729068756
0.27760064601898193
0.43663984537124634
0.15532100200653076
0.5238228440284729
0.3586694300174713
0.6111629009246826
0.15595149993896484
0.5494105815887451
0.676374077796936
0.31598442792892456
0.6028116941452026
0.3448806703090668
0.5175226330757141
0.7544287443161011
0.39202365279197693
0.27715545892715454
0.3991160988807678
0.15414860844612122
0.22982284426689148
0.3562573492527008
0.36381736397743225
0.4822283685207367
0.42859435081481934
0.20327448844909668
0.3078329563140869
0.24074716866016388
0.351420521736145
0.21417394280433655
0.5358344912528992
0.5665199160575867
0.4942041337490082
0.4241056442260742
0.30640536546707153
0.7376853227615356
0.4044085144996643
0.31884607672691345
0.45849934220314026
0.05805839225649834
0.5544910430908203
0.22983121871948242
0.3065926432609558
0.7900261878967285
0.2689172625541687
0.25157901644706726
0.4350826144218445
0.5271183848381042
0.6227971315383911
0.5847810506820679
0.4018056392669678
0.686023473739624
0.7200936079025269
0.23864063620567322
0.42338189482688904
0.3466585576534271
0.6788585782051086
0.8046571016311646
0.2880430221557617
0.2679140567779541
0.3564526438713074
0.7894389629364014
0.46825656294822693
0.23452384769916534
0.06678575277328491
0.41399651765823364
0.23747706413269043
0.2976379990577698
0.875079333782196
0.5300509333610535
0.4387730062007904
1.2414767742156982
0.6959149241447449
0.11176037788391113
0.3866651654243469
0.1762632131576538
0.3240979015827179
0.4431300163269043
0.6208437085151672
0.1100909560918808
0.1997392624616623
0.6446148157119751
0.3998377025127411
0.39803844690322876
0.27497056126594543
0.48837241530418396
0.47661906480789185
0.3216484785079956
0.2860167324542999
0.26100197434425354
0.9330495595932007
0.45680326223373413
0.495227575302124
0.40419840812683105
0.2601967453956604
0.7493118047714233
0.36721304059028625
0.21111078560352325
0.33432596921920776
0.3308297395706177
0.22979196906089783
0.6593760251998901
0.515375554561615
0.48351067304611206
0.5377079248428345
0.48223376274108887
0.33294934034347534
0.4845139980316162
0.41098552942276
0.2952011525630951
0.5760079622268677
0.6248472929000854
0.30510759353637695
0.2914033830165863
0.36682143807411194
0.5618470311164856
0.20425648987293243
0.5161005258560181
0.2548520863056183
0.5458117723464966
0.415229856967926
0.31982606649398804
0.6081951260566711
0.45880651473999023
0.34796538949012756
0.4074317514896393
0.2928469777107239
0.5722607374191284
0.7619640231132507
0.11842800676822662
0.576931893825531
0.18684685230255127
0.3893291652202606
0.27100032567977905
0.16805967688560486
0.3989805579185486
0.24292144179344177
0.3760216534137726
0.3460201323032379
0.22561219334602356
0.13971923291683197
0.6023870706558228
0.17173929512500763
0.48650723695755005
0.5177907347679138
1.0365759134292603
0.49699312448501587
0.4504238963127136
0.2282324731349945
0.45470768213272095
0.4774746298789978
0.4285067617893219
0.6189779043197632
0.20571479201316833
0.3911516070365906
0.2331083118915558
0.4515450894832611
0.47977977991104126
0.7129275798797607
0.5004074573516846
0.3908020853996277
0.35308995842933655
0.24304413795471191
0.43332719802856445
0.6062949895858765
0.4883631765842438
0.24543991684913635
0.24573290348052979
0.4325036406517029
0.3482348322868347
0.6015434861183167
0.5921955108642578
0.851764976978302
0.22528724372386932
0.6458252668380737
0.41028374433517456
0.3387438654899597
0.20571854710578918
0.09452532231807709
0.5675446391105652
0.2849021553993225
0.36268919706344604
0.3955746591091156
0.561558187007904
0.475130170583725
0.8286231160163879
0.0630011260509491
0.33399975299835205
0.4148041605949402
0.17563597857952118
0.34093937277793884
0.6557551622390747
0.4432085454463959
0.42161303758621216
0.1642145812511444
0.12013857066631317
0.19072690606117249
0.3029191493988037
0.22379568219184875
0.4444698691368103
0.2684799134731293
0.2554379105567932
0.26978516578674316
0.3502492606639862
0.46638649702072144
0.29096439480781555
0.3075662851333618
0.26015013456344604
0.3043307363986969
0.29839685559272766
0.4385649561882019
0.47880497574806213
0.2634684443473816
0.5121644139289856
0.7394285798072815
0.490710973739624
0.2591662108898163
0.20233944058418274
0.9421976804733276
0.3434845805168152
0.7148133516311646
0.503424346446991
0.36987215280532837
0.37450164556503296
0.3634617328643799
0.3530727028846741
0.44129452109336853
0.3000888228416443
0.26625484228134155
0.24038271605968475
0.3294469118118286
0.5719157457351685
0.763247013092041
0.425954669713974
0.35012736916542053
0.3256373405456543
0.31392794847488403
0.6628082394599915
0.2252691090106964
0.26947200298309326
0.24266235530376434
0.40767377614974976
0.2918996810913086
0.3251551389694214
0.4337339997291565
0.9327064752578735
0.32563871145248413
0.3127845823764801
0.4436710774898529
0.5011419057846069
0.24272942543029785
0.17323213815689087
0.6711017489433289
0.3484494984149933
1.2814643383026123
0.5188814401626587
0.534241259098053
0.37829411029815674
0.5790917873382568
0.15905320644378662
0.2415599375963211
0.35337120294570923
0.4937877655029297
0.20244267582893372
0.6446970701217651
0.6103317737579346
0.20910274982452393
0.2837429642677307
0.3515462279319763
0.26167649030685425
0.2639644742012024
0.33158770203590393
0.27126216888427734
0.18006044626235962
0.524249255657196
0.17486408352851868
0.20059232413768768
0.4943937659263611
0.5007184743881226
0.41180673241615295
0.4121571481227875
0.2880289554595947
0.3686446249485016
0.25913169980049133
0.3908293545246124
0.13611313700675964
0.30796247720718384
0.6211166977882385
0.8061332702636719
0.513087809085846
0.3497556447982788
0.329285204410553
0.2975650727748871
0.2754250466823578
0.32043442130088806
0.19894647598266602
0.17012691497802734
0.20709660649299622
0.8495308756828308
0.25972339510917664
0.3243415653705597
0.432040274143219
0.631960928440094
0.5701385140419006
0.20417778193950653
0.5670335292816162
0.33488795161247253
0.38141322135925293
0.0345039963722229
0.5032105445861816
0.6029359698295593
0.2485051155090332
0.26359841227531433
0.36483442783355713
0.48602399230003357
0.2907026410102844
0.49304765462875366
0.1603657752275467
0.3761984407901764
0.1859070062637329
0.5458903908729553
0.6300163865089417
0.3859918713569641
0.7552951574325562
0.31127041578292847
0.5989968776702881
0.745895504951477
0.4972971975803375
0.2789492607116699
0.1919451206922531
0.45970097184181213
0.1702631711959839
0.577397882938385
0.37826985120773315
0.18162685632705688
0.22785265743732452
0.7180060148239136
0.17484618723392487
0.31170523166656494
0.4930776059627533
0.4804380536079407
0.21559259295463562
0.5928606390953064
0.650323748588562
0.47211283445358276
0.19479042291641235
0.3368016481399536
0.1833547055721283
0.12870708107948303
0.32910841703414917
0.5277450680732727
0.6322939991950989
0.2879297435283661
0.48051539063453674
0.48757752776145935
0.19777657091617584
0.7778949737548828
0.6825054287910461
0.2930665612220764
0.25463634729385376
0.7481549978256226
0.3814797103404999
0.4629327356815338
0.4375331997871399
0.23427577316761017
0.17578741908073425
0.32254740595817566
0.8975445628166199
0.5943174362182617
0.374325692653656
0.3679520785808563
0.4310109615325928
0.18056033551692963
0.15236245095729828
0.85393226146698
0.2368864119052887
0.26892924308776855
0.5393633842468262
0.1922873556613922
0.2583863437175751
0.22358842194080353
0.6538910865783691
0.5332497358322144
0.4022989273071289
0.43585723638534546
0.29241374135017395
0.5578266382217407
0.36808425188064575
0.3646083474159241
0.34596842527389526
0.32615363597869873
0.424561083316803
0.18721634149551392
1.1126939058303833
0.502612829208374
0.37339767813682556
0.15028533339500427
1.0602176189422607
0.09574960172176361
0.342716783285141
0.6151431202888489
0.22098679840564728
0.5614973902702332
0.4326680302619934
0.2208222895860672
0.6004223227500916
0.5165456533432007
0.3231211304664612
0.1823471486568451
0.34944549202919006
0.6101317405700684
0.33029383420944214
0.4210079312324524
0.358316034078598
0.8034864664077759
0.4592720568180084
0.4899829030036926
0.5419110059738159
0.9968608617782593
0.558720588684082
0.3585969805717468
0.46261152625083923
0.7808607220649719
0.6613330245018005
0.49938708543777466
0.3652656376361847
0.345747172832489
0.24632355570793152
0.45383748412132263
0.5635093450546265
0.20826455950737
0.4005536139011383
0.8989917635917664
0.3022802770137787
0.5718520283699036
0.3183833956718445
0.3034277558326721
0.195653036236763
0.43173590302467346
0.5315275192260742
0.29532259702682495
0.1824011504650116
0.35811948776245117
0.3192095160484314
0.3569759726524353
0.6190394759178162
0.4777115285396576
0.6163447499275208
0.4681026041507721
1.0305336713790894
0.39704954624176025
0.2367359846830368
0.545734167098999
0.5275753736495972
0.3002960681915283
0.4566658139228821
0.24961423873901367
0.5658239722251892
0.18869848549365997
0.30617624521255493
0.4357248842716217
0.12973342835903168
0.0792330726981163
0.44012027978897095
0.31247931718826294
0.2952626943588257
0.18316295742988586
0.33004051446914673
0.5377384424209595
0.1556081473827362
0.2372227907180786
0.2015869915485382
0.31022629141807556
0.6981129050254822
0.501691460609436
0.2245664894580841
0.4416850507259369
0.6286974549293518
0.20279765129089355
0.15354152023792267
0.7362601161003113
0.6209200024604797
0.8857051134109497
0.17288416624069214
0.5036744475364685
0.3868573307991028
0.22734732925891876
0.4932301938533783
0.6229413747787476
0.36607781052589417
0.44445881247520447
0.28016236424446106
0.7721214294433594
0.3619444668292999
0.19116181135177612
0.44654616713523865
0.1023806780576706
0.23477311432361603
0.2680404484272003
0.91084223985672
0.3297310173511505
0.2704257071018219
0.15779562294483185
0.9936212301254272
0.3276851177215576
0.6186709403991699
0.5431690216064453
0.2777021527290344
0.5623258352279663
0.3073645532131195
0.3007561266422272
0.29296207427978516
0.16959747672080994
0.3798324465751648
0.48735398054122925
0.2727498412132263
0.6158779859542847
0.2690559923648834
0.44924646615982056
0.5091027617454529
0.40233200788497925
0.17293192446231842
0.3397495746612549
0.26031917333602905
0.2918240427970886
0.5363307595252991
0.4979718327522278
0.5617703199386597
0.48730963468551636
0.3069276809692383
0.4144441485404968
0.6551434993743896
0.24573996663093567
0.24264872074127197
0.2797158360481262
0.18135026097297668
0.38910362124443054
0.23674075305461884
0.24296610057353973
0.10305267572402954
0.26894089579582214
0.06986285746097565
0.2956494688987732
0.49735531210899353
0.4927639067173004
0.2831586003303528
0.4939731955528259
0.47001463174819946
0.652741551399231
0.18660889565944672
0.31968218088150024
0.4998834729194641
0.22669391334056854
0.3766636550426483
0.3753420114517212
0.8035415410995483
0.5010308027267456
0.15542830526828766
0.5054439306259155
0.3197435736656189
0.14975236356258392
0.3006782531738281
0.3792339265346527
0.6375265121459961
0.44925636053085327
0.6743729114532471
0.21361055970191956
0.2774924337863922
0.45599666237831116
0.05931658670306206
0.18587864935398102
0.3290491998195648
0.2763557434082031
0.35478514432907104
0.09863902628421783
0.16476388275623322
0.5303397178649902
0.3576568365097046
0.11846885830163956
0.6166530847549438
0.37357744574546814
0.6329398155212402
0.7317318916320801
0.4907407760620117
0.21400821208953857
0.25763803720474243
0.4221629202365875
0.28073057532310486
0.31184038519859314
0.3710871636867523
0.3836407959461212
0.19446298480033875
0.3659302890300751
0.7244585156440735
0.24879148602485657
0.4367958903312683
0.18459615111351013
0.3085595965385437
0.2558366358280182
0.2881702482700348
0.31720250844955444
0.1595253050327301
0.3674776256084442
0.4891761839389801
0.49629583954811096
0.509231686592102
0.7562608122825623
0.2761666178703308
0.3173954486846924
0.05576791614294052
0.19006989896297455
0.6779778599739075
0.325990229845047
0.45369210839271545
0.4597926735877991
0.15890011191368103
0.44858795404434204
0.26240459084510803
0.9757159948348999
0.9275112152099609
0.5366353392601013
0.4242587089538574
0.7543355226516724
0.2020655870437622
0.4766036868095398
0.5180196166038513
0.4934658408164978
0.1789347231388092
0.824988067150116
0.30602821707725525
0.22526216506958008
1.6684849262237549
0.3063558042049408
0.5143318176269531
0.4974749982357025
0.5788170695304871
0.38038888573646545
0.24256515502929688
0.36227017641067505
0.3148302435874939
0.18696610629558563
0.7244384288787842
0.6521807909011841
0.5155371427536011
0.39765962958335876
0.623296856880188
0.7008283138275146
0.8669357299804688
0.30607151985168457
0.636553168296814
0.23542478680610657
0.3776082694530487
0.5470718741416931
0.47008776664733887
0.21835140883922577
0.1394619345664978
0.3897290527820587
0.36993634700775146
0.3817020058631897
0.1731863021850586
0.2756361961364746
0.47331923246383667
0.9477219581604004
0.4791819453239441
0.4242887496948242
0.3789955973625183
0.11004414409399033
0.2768248915672302
0.2655542492866516
0.3010985553264618
0.3493838906288147
0.2124883383512497
0.4787549376487732
0.35494759678840637
0.3244987428188324
0.24801459908485413
0.6682131290435791
0.14787235856056213
0.17944543063640594
0.6396123170852661
0.37127333879470825
0.3436083197593689
0.4817845821380615
0.3901224434375763
0.8235001564025879
0.5004511475563049
0.3440641462802887
0.6296303868293762
0.34399259090423584
0.455446720123291
0.2786192297935486
0.7189611792564392
0.24449583888053894
0.273224800825119
0.3544546961784363
0.9212571978569031
0.17876656353473663
0.4967094957828522
0.448452889919281
0.4075833857059479
0.2563219368457794
0.5097714066505432
0.28935208916664124
0.2750091850757599
0.39994555711746216
0.21338388323783875
0.7250443696975708
0.17465826869010925
0.390444815158844
1.0356898307800293
0.19452999532222748
0.6736918687820435
0.22181729972362518
0.2300712764263153
0.26301974058151245
0.48752912878990173
0.473273903131485
0.3039759695529938
0.49037376046180725
0.24308863282203674
0.24389705061912537
0.9487061500549316
0.1970699280500412
0.2717215418815613
0.6829426288604736
1.0628963708877563
0.4999319612979889
1.067103385925293
0.4514825940132141
0.3304685354232788
0.4666871428489685
0.5782383680343628
0.398139625787735
0.4261136054992676
0.2792642116546631
0.4551260471343994
0.2579272985458374
0.2715701460838318
0.45587629079818726
0.14689961075782776
0.1891440451145172
0.1288398802280426
0.5788740515708923
0.3548294007778168
0.4530426859855652
1.0407742261886597
0.42817941308021545
0.8575030565261841
0.21900531649589539
0.2290113866329193
0.25218719244003296
0.6454724073410034
0.24158112704753876
0.7802749872207642
0.12905283272266388
0.5524774789810181
0.2923857569694519
0.824749767780304
0.40102386474609375
1.3815431594848633
0.3727115988731384
0.33065420389175415
0.4288967251777649
0.5552107095718384
0.4175527095794678
0.4186008870601654
0.643627941608429
0.507696270942688
0.43437400460243225
0.4966958165168762
0.1581786572933197
1.0595684051513672
0.36285120248794556
0.5530420541763306
0.3943011164665222
0.968431830406189
0.18691854178905487
0.5174838304519653
0.5857545137405396
0.29030197858810425
0.3745482861995697
0.4699409008026123
0.7923170924186707
0.2905443608760834
0.582603931427002
0.3052208423614502
0.39517325162887573
0.33605608344078064
0.3344942331314087
0.321421355009079
0.1259728968143463
0.8271738886833191
0.3360901474952698
0.49208006262779236
0.5846919417381287
0.30898937582969666
0.4695309102535248
0.6349822878837585
0.49731239676475525
0.19012507796287537
0.6360207796096802
0.19556625187397003
0.18617598712444305
0.4013589322566986
0.3443668484687805
0.5629433989524841
0.435435950756073
0.2378750592470169
0.6510420441627502
0.2324167788028717
0.31081271171569824
0.76429682970047
0.42744264006614685
0.09642622619867325
0.3000272512435913
0.4700641632080078
0.3299202024936676
0.2730221450328827
0.31464123725891113
0.19051441550254822
0.32581090927124023
0.3425319790840149
0.5957083702087402
0.44464874267578125
0.36825671792030334
0.30645090341567993
0.3669358491897583
0.6305660009384155
0.3079352080821991
0.5615494847297668
0.375169962644577
0.4135153889656067
0.28160274028778076
0.4040305018424988
0.33433690667152405
0.1262415051460266
0.34435364603996277
0.3345490097999573
0.6176751255989075
0.6774592399597168
0.40307456254959106
0.45661935210227966
0.3356185853481293
0.4024421274662018
0.455862432718277
0.5347846746444702
0.5381550788879395
0.12861420214176178
0.9113691449165344
0.45054396986961365
0.9229211807250977
0.2901398837566376
0.3513118624687195
0.2387814074754715
0.3614392578601837
0.4692613184452057
0.4824996888637543
0.16219335794448853
0.32281604409217834
0.3645729422569275
0.3367369771003723
0.1932818442583084
0.22361111640930176
0.2423686981201172
0.6919714212417603
0.29260963201522827
0.20924314856529236
0.5966764688491821
0.18626996874809265
0.33668193221092224
0.468308687210083
0.4863970875740051
0.3224685788154602
0.7417867183685303
0.43041449785232544
0.34205928444862366
0.3850727379322052
0.43242397904396057
0.3737238049507141
0.39966636896133423
0.3117731809616089
0.23115447163581848
0.4255084991455078
0.6851152181625366
0.4428112506866455
0.7362685203552246
0.18358848989009857
0.21383509039878845
0.4809842109680176
0.11930887401103973
0.2603563368320465
0.5364953875541687
0.21499235928058624
0.742911159992218
0.2592485845088959
0.2976098358631134
0.4408420920372009
0.20437566936016083
0.14080289006233215
0.6700442433357239
0.28547602891921997
0.29596570134162903
0.5402301549911499
0.606062650680542
0.24656903743743896
0.3609893321990967
0.3128729462623596
0.845233142375946
0.20657286047935486
0.7074469327926636
0.35938698053359985
0.37782081961631775
0.2559816837310791
0.20409062504768372
0.5729544758796692
0.4540342390537262
0.3241210877895355
0.38392165303230286
0.26237478852272034
0.4487934708595276
0.562804639339447
0.47708845138549805
0.2917509973049164
0.49474459886550903
0.40993958711624146
0.18445399403572083
0.986901581287384
0.1352757066488266
0.4514526426792145
0.510779082775116
0.707911491394043
0.14853791892528534
0.2391071319580078
0.6493610739707947
0.4066162109375
0.1821112483739853
0.45284897089004517
0.21258988976478577
0.3404077887535095
0.617567241191864
0.3525528311729431
0.2985782027244568
0.6904189586639404
0.5894818902015686
0.36613449454307556
0.6207864284515381
0.28008484840393066
0.6045784950256348
0.17994509637355804
0.9882520437240601
0.4947054386138916
0.323050320148468
0.5038127899169922
0.1542758047580719
0.20740342140197754
0.36532360315322876
0.4145149290561676
0.2391500473022461
0.43546968698501587
0.33001017570495605
0.4304389953613281
0.5610607862472534
0.9543110132217407
0.2914407253265381
0.24775250256061554
0.23504623770713806
0.32426634430885315
0.5039505362510681
0.5748468041419983
0.243992418050766
0.5524507761001587
0.4324699342250824
0.4327705502510071
0.13405409455299377
0.6781883239746094
0.28572481870651245
0.1602562963962555
0.32006415724754333
0.33645468950271606
0.2389768362045288
0.4743790626525879
0.37426266074180603
0.7455156445503235
0.2831551730632782
1.0184638500213623
0.37456774711608887
0.23133094608783722
0.12809030711650848
0.5430091619491577
0.24166199564933777
0.4350105822086334
0.2329970896244049
0.4182821214199066
0.46096983551979065
0.42920297384262085
0.17936822772026062
0.45378923416137695
0.5758714079856873
0.21746793389320374
0.22298595309257507
0.6847127079963684
0.2671319842338562
0.5587912797927856
0.5138078927993774
0.39619478583335876
0.21233968436717987
0.6077810525894165
0.3270661234855652
0.7528759837150574
0.22493338584899902
0.3986210227012634
0.4323578476905823
0.4283450245857239
0.16539454460144043
0.3723892569541931
0.3023003935813904
0.7474613189697266
0.3817196488380432
0.572084903717041
0.27725040912628174
0.4659263491630554
0.10379117727279663
0.19507881999015808
0.8150541186332703
0.4961952567100525
0.4249362349510193
0.47766751050949097
0.26011356711387634
0.8068794012069702
0.2642698585987091
0.20137938857078552
0.2069997787475586
0.28761202096939087
0.45858684182167053
0.5886149406433105
0.1487339287996292
0.08488400280475616
0.8608707189559937
0.5476868152618408
0.47959885001182556
0.6158226728439331
0.310735285282135
0.4115791320800781
0.7480725049972534
0.5807313323020935
0.2754851281642914
0.3079211413860321
0.2446986734867096
0.7859253883361816
0.6019123792648315
0.2737095355987549
0.3436656594276428
0.3893120586872101
0.15448778867721558
0.4384954571723938
0.3809613585472107
0.6478962898254395
0.31744974851608276
0.6560884714126587
0.37177759408950806
0.5364547967910767
0.3039422333240509
0.6067842245101929
0.35026174783706665
0.263431191444397
0.15008217096328735
0.3035659193992615
0.4560883641242981
0.38847583532333374
0.7613057494163513
0.2618931531906128
0.14339761435985565
0.4538418650627136
0.3979097902774811
0.142910897731781
0.30790644884109497
0.25658008456230164
0.9192365407943726
0.3191153407096863
0.8249632716178894
0.2547791004180908
0.45328450202941895
0.4454777240753174
0.3097233176231384
0.44001126289367676
0.1368495225906372
0.6113726496696472
0.5315790772438049
0.5422331690788269
0.2384013682603836
0.42996153235435486
0.3036443889141083
0.8111783266067505
0.4823240339756012
0.3870944380760193
0.2636088728904724
0.282230019569397
0.5429317951202393
0.35950803756713867
0.1468229740858078
0.14355993270874023
0.31268009543418884
0.7400903105735779
0.3836405873298645
0.3023529350757599
0.1629294753074646
0.5078438520431519
0.792986273765564
0.4627409875392914
0.5314966440200806
0.14868345856666565
0.4104744493961334
0.5865955352783203
0.6992056369781494
0.387712299823761
0.1794406771659851
0.5168276429176331
0.3802327513694763
0.13457675278186798
0.31482216715812683
0.17566511034965515
0.5684341192245483
0.31929901242256165
0.19888216257095337
0.3734988570213318
0.3702334761619568
0.32358306646347046
0.3372021019458771
0.4893221855163574
0.2815229892730713
0.17482078075408936
0.38719436526298523
0.7314486503601074
0.4922447204589844
0.43719854950904846
0.5330060124397278
0.09662862122058868
0.2449454963207245
0.4193059802055359
0.20681770145893097
0.7721048593521118
0.23956425487995148
0.5340696573257446
0.1801445186138153
0.3505849838256836
0.31189727783203125
0.28172096610069275
0.2718161940574646
0.8175234794616699
0.43800392746925354
0.6768785119056702
0.18907518684864044
0.34909558296203613
0.34332844614982605
0.5772939920425415
0.5978822112083435
0.6705911159515381
0.42328357696533203
0.15267439186573029
0.45238953828811646
0.726913332939148
0.24007520079612732
0.4432106614112854
0.405458927154541
0.3873104155063629
0.5439857244491577
0.22440722584724426
0.28298574686050415
0.4464651644229889
0.18347151577472687
0.5299329161643982
0.5901628732681274
0.2361435890197754
0.4346429407596588
0.32235705852508545
0.19930216670036316
0.4108715057373047
0.23009009659290314
0.25115758180618286
0.3374388515949249
0.5759593844413757
0.7543103098869324
0.6243993043899536
0.2788974940776825
1.2328271865844727
0.25366339087486267
0.20996229350566864
0.23340609669685364
0.9055100679397583
0.9299198985099792
0.6599492430686951
0.40759000182151794
0.16802704334259033
0.6264054775238037
0.5715148448944092
0.22448571026325226
0.46107879281044006
0.6038357615470886
0.4213351607322693
0.42518582940101624
0.3479149639606476
0.5815542340278625
0.40211382508277893
0.26562637090682983
0.558131217956543
0.4461916387081146
0.765783965587616
0.21825358271598816
0.540905773639679
0.8016659021377563
0.6433858275413513
0.4174744188785553
0.15362267196178436
0.4071304202079773
0.2256687581539154
0.23051151633262634
0.5767224431037903
0.22244277596473694
0.5791939496994019
0.4086066782474518
0.36235934495925903
0.35519978404045105
0.6203118562698364
0.32999947667121887
0.3956398069858551
0.29993531107902527
0.9099487066268921
0.22813919186592102
0.5197213888168335
0.3968539834022522
0.556311309337616
0.29682642221450806
0.7443734407424927
0.5513463020324707
0.5539291501045227
0.2779344916343689
0.6017447113990784
0.3788643479347229
0.21519029140472412
0.6482093930244446
0.3091851770877838
0.38054361939430237
0.25510910153388977
0.6529954671859741
0.11513800919055939
0.37921571731567383
0.30884572863578796
0.38433220982551575
0.5503820180892944
0.7055927515029907
0.2645255923271179
0.3205393850803375
0.38573741912841797
0.3657684922218323
0.3331380784511566
0.3070303797721863
0.5512450337409973
0.3966805338859558
0.5586789846420288
0.45517605543136597
0.34068918228149414
0.589462399482727
0.2578752338886261
0.4208137094974518
0.5504051446914673
0.19911904633045197
0.2634974420070648
0.2923761010169983
0.19028306007385254
0.23023247718811035
0.28299036622047424
0.5840073227882385
0.3398760259151459
0.6796131730079651
0.46858295798301697
0.5371045470237732
0.6662671566009521
0.23142831027507782
0.3051684498786926
0.211945578455925
0.6121788024902344
0.27373701333999634
0.26590463519096375
0.21889114379882812
0.796938955783844
0.3354586064815521
0.4767994284629822
0.27479681372642517
0.7232237458229065
0.707926332950592
0.5602387189865112
0.1410122811794281
0.2652870714664459
0.14287827908992767
0.3964729905128479
0.3639009892940521
0.3458367884159088
0.39881962537765503
0.2644546926021576
0.44483599066734314
0.4540855288505554
0.5785916447639465
0.8036581873893738
0.3458293676376343
0.5755624771118164
0.3950202465057373
1.0831302404403687
0.17209291458129883
0.2503446340560913
0.9131749868392944
0.17056983709335327
0.20452424883842468
0.5973199009895325
0.33528023958206177
0.2015974521636963
0.28125184774398804
0.47127842903137207
0.2853010892868042
1.0116814374923706
0.41129595041275024
0.5550829768180847
0.8358778953552246
0.7867580652236938
0.25572869181632996
0.2045554667711258
0.5498522520065308
0.6065829992294312
0.18859639763832092
0.30684083700180054
0.2893258035182953
0.3356996476650238
0.483223021030426
0.275922566652298
0.19355782866477966
0.32629257440567017
0.22531358897686005
0.1666351854801178
0.5090879201889038
0.38981544971466064
0.2480711042881012
0.31684550642967224
0.20639188587665558
0.4041629731655121
0.4531440734863281
0.3008519113063812
0.5173166394233704
0.09768056869506836
0.15237313508987427
0.47088727355003357
0.22190609574317932
0.4983828067779541
0.41358837485313416
0.19858326017856598
0.30476710200309753
0.22895804047584534
0.7537789344787598
0.35102367401123047
0.4403223991394043
0.4401171803474426
0.6199371218681335
0.08147696405649185
0.46988019347190857
0.19141437113285065
0.06921078264713287
0.3758247494697571
0.30788707733154297
0.24337272346019745
0.4973239302635193
0.24935059249401093
0.500694215297699
0.24690930545330048
0.5016135573387146
0.27954021096229553
0.30966445803642273
0.640151858329773
0.5602320432662964
0.3741585314273834
0.2683233320713043
0.28074902296066284
0.5286701321601868
0.7878313064575195
0.420945405960083
0.6123107671737671
0.3845384418964386
0.2283579409122467
0.4108232855796814
0.1442805826663971
0.13488146662712097
0.37566569447517395
0.43285220861434937
0.49265986680984497
0.36007454991340637
0.25630325078964233
0.3049720525741577
0.5014535188674927
0.21043150126934052
0.5797700881958008
0.12300898879766464
0.23745234310626984
0.4046505391597748
0.45454925298690796
0.20949578285217285
0.23156332969665527
0.2092001736164093
0.1909881830215454
0.6061832904815674
0.1593136489391327
0.2810594439506531
0.4138711392879486
0.7704479694366455
0.4099723696708679
0.28888192772865295
0.3119005560874939
0.5765359997749329
0.5003229379653931
0.23408031463623047
0.3293057084083557
0.2769399583339691
0.24514642357826233
0.1716281920671463
0.6072728037834167
0.5748159885406494
0.09463129937648773
0.34063732624053955
0.40934062004089355
0.27448391914367676
0.9607313275337219
0.3940104842185974
0.9677810668945312
0.5516760349273682
0.1931976079940796
0.3090743124485016
0.17957231402397156
0.31600165367126465
0.30946871638298035
0.3567442297935486
0.6561387777328491
0.4705275893211365
0.2960469126701355
0.27713388204574585
0.4335833489894867
1.0320318937301636
0.7947371006011963
0.5606776475906372
0.7465839385986328
0.6844214797019958
0.3702327013015747
0.27739834785461426
0.3934246301651001
0.3994179368019104
0.4434046745300293
0.5113711357116699
0.3531298041343689
0.27177298069000244
0.48223280906677246
0.46860209107398987
0.6368156671524048
0.3716363310813904
0.5356851816177368
0.3994126319885254
0.5823934674263
0.43326783180236816
0.3619111180305481
0.28957006335258484
0.26004916429519653
0.16670802235603333
0.3560902774333954
0.34230828285217285
0.23137888312339783
0.6484972238540649
0.3368251919746399
0.3024965524673462
0.25347042083740234
0.45961084961891174
0.1378192901611328
0.4287463128566742
1.103750467300415
0.46919146180152893
0.7859638333320618
0.30328667163848877
0.14286507666110992
0.5499696135520935
0.47478166222572327
0.22901523113250732
0.2434459924697876
0.616254448890686
0.5401352643966675
0.31353408098220825
0.5043981671333313
0.10623885691165924
0.3915160298347473
0.4596438407897949
0.260898232460022
0.6518341898918152
0.3837635815143585
0.24246160686016083
0.2532026767730713
0.14061614871025085
0.6430201530456543
0.48713070154190063
0.5219562649726868
0.4159034192562103
0.3197469413280487
0.34001606702804565
0.8215155601501465
0.22336161136627197
0.6584883332252502
0.4104994833469391
0.2888889014720917
0.31824570894241333
0.35690781474113464
0.2953265309333801
0.11402995884418488
0.5978285074234009
0.5378731489181519
0.27430182695388794
0.4092988073825836
0.5188849568367004
0.4129631519317627
0.23224017024040222
0.3529156744480133
0.24268896877765656
0.4813152253627777
0.64743971824646
0.4261001944541931
0.4309931695461273
0.4347136914730072
0.141788050532341
0.9959053993225098
0.4838499426841736
0.3494105935096741
0.4561789929866791
0.4937833249568939
0.21017150580883026
0.2685152292251587
0.40378427505493164
0.5543102025985718
0.3766182065010071
0.587499737739563
0.10915157943964005
0.4550899863243103
0.8069097399711609
0.24138574302196503
0.19765865802764893
0.3367229402065277
0.4466121196746826
0.26815810799598694
0.27880653738975525
0.31827905774116516
0.386300653219223
0.8332222700119019
0.2572874426841736
0.07789216190576553
0.19326865673065186
0.8460480570793152
0.379273921251297
0.30507004261016846
0.2909485995769501
0.6833105087280273
0.9237890243530273
0.8462511897087097
0.2601046562194824
0.30956944823265076
0.25342682003974915
0.42882832884788513
0.39419394731521606
0.26728740334510803
0.6071028709411621
1.0537869930267334
0.4223514199256897
0.4887615144252777
0.4335135519504547
0.9544370770454407
0.701716959476471
0.3352974057197571
0.6829618811607361
0.27050358057022095
0.4370151162147522
0.5318871736526489
0.3192766606807709
0.904596209526062
0.26555687189102173
0.4112304747104645
0.3034396171569824
0.22472047805786133
0.3122261166572571
0.4639022946357727
0.22909465432167053
0.3203909993171692
0.2653907835483551
0.3172314763069153
0.9457994699478149
0.2873620092868805
0.5727559328079224
0.3172416090965271
0.16423681378364563
0.3120504915714264
0.2798745036125183
0.5501261353492737
0.4685686528682709
0.3833666443824768
0.531621515750885
0.332240492105484
0.4708739221096039
0.3552526831626892
0.795528769493103
0.39069101214408875
0.6724192500114441
0.7192211747169495
0.3666068911552429
0.16644862294197083
0.39677971601486206
0.6235177516937256
0.44112125039100647
0.28123927116394043
0.5895179510116577
0.3910905420780182
0.30989354848861694
0.5344191193580627
0.2503964304924011
0.5719794034957886
0.6478911638259888
0.38128072023391724
0.3378942906856537
0.3346063494682312
0.18696922063827515
0.6372088193893433
0.6574564576148987
0.29136091470718384
0.5238844752311707
0.42578616738319397
0.5647042393684387
0.18547528982162476
0.21585169434547424
0.440055787563324
0.33141106367111206
1.3179644346237183
0.5424181222915649
0.4504493176937103
0.3964208960533142
0.3351215720176697
0.7863272428512573
0.44989514350891113
0.4299074709415436
0.5142949819564819
0.21063025295734406
0.30754292011260986
0.7068019509315491
0.6743901371955872
0.3118261694908142
0.24125811457633972
0.3897712230682373
0.7673024535179138
0.6138734221458435
0.4945135712623596
0.33014392852783203
0.3743197023868561
0.4061180055141449
0.46343883872032166
0.3677751421928406
0.49463146924972534
0.3513337969779968
0.2500514090061188
0.6483772397041321
0.4267907738685608
0.5622608661651611
0.10667586326599121
0.6399023532867432
0.7119899988174438
0.5427287817001343
0.9344689249992371
0.4983132481575012
0.3067561686038971
0.47133001685142517
0.4773874878883362
0.278415322303772
0.17568637430667877
0.5537493824958801
0.3793116509914398
0.22257176041603088
0.4975927770137787
0.2296207845211029
0.40303969383239746
0.4266963601112366
0.6231595277786255
0.7634389996528625
0.3499008119106293
0.43645358085632324
0.3761456608772278
0.36265990138053894
0.1782294064760208
0.6818991899490356
0.4501870572566986
0.7221111059188843
0.3195951581001282
0.2044028788805008
0.3038381338119507
0.19999097287654877
0.13104088604450226
0.3078598380088806
0.2624715268611908
0.20128121972084045
0.297288715839386
0.18397340178489685
0.49410730600357056
0.293523907661438
0.49496036767959595
0.39087241888046265
0.35067012906074524
0.7356492877006531
0.4619981348514557
0.3613896667957306
0.5534610748291016
0.16194352507591248
0.43934208154678345
0.36034470796585083
0.5320466160774231
0.43559637665748596
0.20352618396282196
0.3598095774650574
0.548943817615509
0.2992248833179474
0.48290497064590454
0.10603024810552597
0.4078810214996338
0.7662003040313721
0.2605542540550232
0.5163370370864868
0.6480067372322083
0.21698053181171417
0.5082579851150513
0.4416567385196686
0.23119843006134033
0.23906183242797852
0.42385387420654297
0.3569502532482147
0.34445568919181824
0.304686039686203
0.7201865911483765
0.45138517022132874
0.34216147661209106
0.2841542363166809
0.33782824873924255
0.2881084978580475
0.42062145471572876
0.592654824256897
0.22457782924175262
0.426788866519928
0.09371458739042282
0.5475016832351685
0.8428417444229126
0.3273436725139618
0.26928117871284485
0.26180317997932434
0.3109746277332306
0.19420447945594788
0.3847354054450989
0.2932952344417572
0.4706767201423645
0.3637775778770447
0.3633018732070923
0.3703266978263855
0.4515932500362396
0.13630811870098114
0.46941667795181274
0.4954637885093689
0.35883715748786926
0.37634819746017456
0.590019166469574
0.28801244497299194
0.7068967819213867
0.33351975679397583
0.5755605101585388
0.34142643213272095
0.4807971119880676
0.1435864120721817
0.37630537152290344
0.6115471720695496
0.6213790774345398
0.3890831470489502
0.0835377424955368
0.2564011514186859
0.3045979142189026
0.24755840003490448
0.4680294394493103
0.8590742349624634
0.38369515538215637
0.11537665128707886
0.46012240648269653
0.26622167229652405
0.34021466970443726
0.7041449546813965
0.34110936522483826
0.3283817172050476
0.41899818181991577
0.3045867085456848
0.807706356048584
0.5250211954116821
0.3625379800796509
0.472433865070343
0.8929649591445923
0.7098027467727661
0.28036582469940186
0.9604966044425964
0.13907267153263092
0.16622845828533173
0.46126222610473633
0.35590142011642456
0.37962606549263
0.20242789387702942
0.416997492313385
0.0724838599562645
0.5024808645248413
0.2669089436531067
0.2154066264629364
0.2945258617401123
0.41413918137550354
0.32294681668281555
0.6153684854507446
0.1028592437505722
0.3468443751335144
0.20929965376853943
0.45303425192832947
0.5383021831512451
0.33491748571395874
0.39669981598854065
0.08329207450151443
0.4350440502166748
0.37206676602363586
0.28618842363357544
0.8466473817825317
0.23340380191802979
0.47787514328956604
0.19072678685188293
0.30104511976242065
0.11432139575481415
0.5227717757225037
0.4456504285335541
0.383806973695755
0.35272759199142456
0.13862496614456177
0.35874611139297485
0.40193039178848267
0.47508636116981506
0.5232099294662476
0.300942599773407
0.20875737071037292
0.7957189083099365
0.562940776348114
0.38363856077194214
0.27824273705482483
0.23166552186012268
1.1083561182022095
0.41607213020324707
0.39006316661834717
0.32334229350090027
0.29838401079177856
0.26321887969970703
0.4712209105491638
0.6997398138046265
0.6408657431602478
0.3340119421482086
0.2629545032978058
0.820918083190918
0.45818203687667847
0.8075103759765625
0.3976214826107025
0.5038136839866638
0.16960331797599792
0.39547818899154663
0.32383793592453003
0.30938833951950073
0.5100054740905762
0.46316853165626526
0.2067641317844391
0.4791394770145416
0.3697451651096344
0.3320522904396057
0.40793752670288086
0.19140681624412537
0.7624852657318115
0.7399649024009705
0.20294137299060822
0.301166296005249
0.27392399311065674
0.3286076486110687
0.30776482820510864
0.5485778450965881
0.2663378119468689
0.3825928270816803
0.16590261459350586
0.4713960289955139
0.2154550999403
0.3973471522331238
0.357002317905426
0.33412304520606995
0.17520594596862793
0.35108909010887146
0.2555282711982727
0.1588563323020935
0.43320998549461365
0.42484086751937866
0.66350919008255
0.27530956268310547
0.14422568678855896
0.46649670600891113
0.2818436622619629
1.1614704132080078
0.4594041407108307
0.5664418935775757
0.23319344222545624
0.325080007314682
0.4368303418159485
0.18802876770496368
0.2714422345161438
0.4166787266731262
0.48765453696250916
0.43121403455734253
0.29636716842651367
0.39785581827163696
0.504470944404602
0.8004016876220703
0.1664985716342926
0.15961182117462158
0.6338890194892883
0.39835283160209656
0.8978437185287476
0.49126577377319336
0.5321085453033447
0.12222205102443695
0.7923793196678162
0.26627224683761597
0.22692327201366425
0.30592530965805054
0.057636797428131104
0.3074359893798828
0.17021039128303528
0.3910064101219177
0.40694379806518555
0.1954338252544403
0.35874542593955994
0.4859190583229065
0.39972034096717834
0.342564195394516
0.2609434723854065
0.23091094195842743
0.344829261302948
0.15927369892597198
0.25041431188583374
0.24765606224536896
0.15034444630146027
0.8426550626754761
0.49477559328079224
0.8420190811157227
0.3862234652042389
0.2416771948337555
0.5073517560958862
0.6787344217300415
0.7361038327217102
0.3486920893192291
0.7600446939468384
0.17824283242225647
0.22585788369178772
0.35506993532180786
0.39885860681533813
0.10068456828594208
0.329671174287796
0.39747554063796997
0.5486093759536743
0.3972887694835663
0.8696532249450684
0.3462212383747101
0.39686623215675354
0.490181028842926
0.6337963342666626
0.49083930253982544
0.21297697722911835
0.5965483784675598
0.3954786956310272
0.11376847326755524
0.23617717623710632
0.353281170129776
0.39161497354507446
0.4618754982948303
0.25478845834732056
0.2593286633491516
0.8381537199020386
0.2588732838630676
0.42083945870399475
0.50574791431427
0.31952062249183655
0.4067765772342682
0.8595536351203918
0.27857646346092224
0.4016433656215668
0.2357809990644455
0.6863386034965515
0.505386471748352
0.8562725782394409
0.43120670318603516
0.6506652235984802
0.2335902452468872
0.34452447295188904
0.7821526527404785
0.24050836265087128
0.2869306206703186
0.7343653440475464
0.317619651556015
0.46945157647132874
0.3221580386161804
0.46853190660476685
0.7327108383178711
0.38008326292037964
0.3631519079208374
0.19703683257102966
0.5660263299942017
0.3467177152633667
0.676024317741394
0.10856808722019196
0.4193825125694275
0.29616063833236694
0.14162978529930115
0.3570130467414856
0.36486369371414185
0.31886544823646545
0.5282517671585083
0.26511913537979126
0.3044150769710541
0.34157606959342957
0.23941342532634735
0.1617625504732132
0.48760122060775757
0.6887041926383972
0.22957444190979004
0.5884180665016174
0.5305510759353638
0.5874164700508118
0.2228408306837082
0.4014051556587219
0.5117279887199402
0.18381403386592865
0.5411201119422913
0.11237454414367676
0.47864651679992676
0.21132564544677734
0.39290937781333923
0.45835256576538086
0.41022998094558716
0.36677122116088867
0.4471467137336731
0.27661973237991333
0.5657280683517456
0.5928232073783875
0.4609874188899994
0.5075963139533997
0.518789529800415
0.5512456893920898
0.18774357438087463
0.462421715259552
0.4397278428077698
0.09623624384403229
1.032738208770752
0.40103331208229065
0.8376699686050415
0.2363547831773758
0.3256613612174988
0.4537469744682312
0.26694947481155396
0.3881191313266754
0.10050471872091293
0.42954564094543457
0.5616786479949951
0.31062570214271545
0.5983172655105591
0.4034575819969177
0.3825269341468811
0.40092533826828003
0.28179794549942017
0.5149202346801758
0.24103721976280212
0.41836977005004883
0.5064538717269897
0.6650930643081665
0.5961012244224548
0.17924591898918152
0.40067607164382935
0.3884972929954529
0.4389932155609131
0.48827916383743286
0.33043545484542847
0.7353329658508301
0.41319870948791504
0.3858996331691742
0.3603507876396179
0.31616249680519104
0.17158128321170807
0.4495221972465515
0.43189534544944763
0.3935219943523407
0.4027888774871826
0.1820465475320816
0.47809678316116333
0.36469337344169617
0.5346909761428833
0.5835915803909302
0.5352254509925842
0.4224162995815277
0.31757766008377075
0.3270191550254822
0.4520520567893982
0.3401224613189697
0.5727924704551697
0.6612460613250732
0.35288742184638977
0.3033127784729004
0.24446114897727966
0.12905535101890564
0.40414661169052124
0.6006730198860168
0.6502874493598938
0.4981972277164459
0.568175196647644
0.7030660510063171
0.676220715045929
0.32125192880630493
0.3418179750442505
0.40415677428245544
0.29970860481262207
0.1523195207118988
0.3236038088798523
0.2955341935157776
0.2421112060546875
0.30891409516334534
0.28334230184555054
0.3869447112083435
0.5694230198860168
0.3422044515609741
0.975186824798584
0.7117748856544495
0.961013674736023
0.44389504194259644
0.3178253769874573
0.32011574506759644
0.2098599672317505
0.7099946141242981
0.22717174887657166
0.4857257306575775
0.7304800748825073
0.035523392260074615
0.2767615020275116
0.46847906708717346
0.5289994478225708
0.19996055960655212
0.44095247983932495
0.4439236521720886
0.30625197291374207
0.33770751953125
0.2112468034029007
0.46568259596824646
0.2431269884109497
0.3249008059501648
0.32790929079055786
0.3035452365875244
0.463547945022583
0.3473105728626251
0.37186330556869507
0.2615059018135071
0.24751532077789307
0.5344010591506958
0.09975840151309967
0.23335687816143036
0.17393335700035095
0.26821431517601013
0.23209774494171143
0.46817120909690857
0.11655496060848236
0.16258357465267181
0.23007690906524658
0.49527573585510254
0.1253581941127777
0.4323294162750244
0.32338640093803406
0.29736459255218506
0.3812621831893921
0.3009810745716095
0.18217132985591888
0.16683560609817505
0.5219020843505859
0.5910172462463379
0.34122782945632935
0.3326054513454437
0.4959847033023834
0.10581686347723007
0.3133160173892975
0.4149002134799957
0.6520268321037292
0.6139929890632629
0.3534313142299652
0.5313016176223755
0.7237637639045715
0.434160053730011
0.41664743423461914
0.3988572061061859
0.41237887740135193
0.5683164000511169
0.7241623997688293
0.42791372537612915
0.5709749460220337
0.24984166026115417
0.6887981295585632
0.6233842968940735
0.5917047262191772
0.32161179184913635
0.9109482765197754
0.5888909101486206
0.6872893571853638
0.16526548564434052
0.45377057790756226
0.5963144898414612
0.1694234311580658
0.44961681962013245
0.3952035903930664
0.6595724821090698
0.24777157604694366
0.3804822862148285
0.3755532205104828
0.3727681338787079
0.641769289970398
0.3973418176174164
0.2287284880876541
0.43273454904556274
0.7275276780128479
0.29763272404670715
0.15594786405563354
0.4822472035884857
0.33546918630599976
0.41011565923690796
0.22631366550922394
0.4219186305999756
0.4232182502746582
0.40853652358055115
0.26618772745132446
0.41752609610557556
0.3991430103778839
0.11320255696773529
0.5738810300827026
0.4899047315120697
0.6293336749076843
0.34919023513793945
0.418086439371109
0.3066865801811218
0.4806172251701355
0.30112600326538086
0.39670199155807495
0.45272478461265564
0.40069660544395447
0.8000289797782898
0.3795866370201111
0.2839912176132202
0.21846476197242737
0.5459528565406799
0.2826704978942871
0.3695831894874573
0.21648791432380676
0.44687119126319885
0.5682162046432495
0.4697791039943695
0.6517126560211182
0.19532954692840576
0.3718468248844147
0.12557347118854523
0.23840506374835968
0.3972953259944916
0.3966544270515442
0.6940768361091614
0.31737595796585083
0.5272215008735657
0.15517225861549377
0.40512004494667053
0.43044787645339966
0.2930060625076294
0.23351597785949707
0.22492393851280212
0.5277408361434937
0.3224031329154968
0.3622896373271942
0.4119648039340973
0.5538731217384338
0.10380536317825317
0.2902835011482239
0.48218831419944763
0.4695902466773987
0.5247665643692017
0.5123670697212219
0.4599202275276184
0.2532039284706116
0.16710934042930603
0.4676102101802826
0.3724437952041626
0.20030799508094788
0.39838409423828125
0.34561699628829956
0.4505806863307953
0.5994488596916199
0.4376680254936218
0.3313809931278229
0.2348819524049759
0.3979029059410095
0.7974399328231812
0.22278079390525818
0.41553765535354614
0.43688756227493286
0.24546411633491516
0.37597543001174927
0.5093719363212585
0.35098233819007874
0.4058135449886322
0.299360454082489
0.4367179870605469
0.47355255484580994
0.1913081705570221
0.32164081931114197
0.2063484638929367
0.8055558204650879
0.38094043731689453
0.33267924189567566
0.747118353843689
0.8358206748962402
0.2371762990951538
0.30791476368904114
0.5360547304153442
0.5763562321662903
0.3513704240322113
0.3770393431186676
0.14224588871002197
0.2556370794773102
0.4519307017326355
0.5962877869606018
0.41883835196495056
0.6597645282745361
0.2576797306537628
0.4542268216609955
0.42957037687301636
0.4082958698272705
0.3694736361503601
0.38094666600227356
0.34574365615844727
0.303417831659317
0.1868867725133896
0.6461178064346313
0.46950989961624146
0.2972068786621094
0.3948446810245514
0.3380469083786011
0.4950396418571472
0.5533143877983093
0.40727609395980835
0.41115322709083557
0.4093053340911865
0.6257850527763367
0.39779484272003174
0.18895162642002106
0.3782951235771179
0.477914422750473
0.23518677055835724
0.4626743793487549
0.11149132251739502
0.6033753156661987
0.48529261350631714
0.6399041414260864
0.3471495509147644
0.5687577128410339
0.48579835891723633
0.3857722282409668
0.33544105291366577
0.5317137241363525
0.19440659880638123
0.4191856384277344
0.48158496618270874
0.3242848515510559
0.40325212478637695
0.44445571303367615
0.4958798885345459
0.3545542061328888
0.2756485342979431
0.25548088550567627
0.8662886619567871
0.701553225517273
1.1535905599594116
0.4984189569950104
0.2473573237657547
0.7372387647628784
0.24876181781291962
0.44465675950050354
0.5020166039466858
0.17927893996238708
0.5506100058555603
0.3288915753364563
0.3922683596611023
0.32117536664009094
0.2572699785232544
0.31851401925086975
0.20500776171684265
0.4503408372402191
0.4937663972377777
0.1333785504102707
0.6417014598846436
0.0906473696231842
0.3366629183292389
0.12913930416107178
0.246926948428154
0.6933049559593201
0.3563334047794342
0.3357539772987366
0.4697633385658264
0.7215782403945923
0.26328617334365845
0.5534756779670715
0.3489251136779785
0.5343919992446899
0.571661651134491
0.3887162208557129
0.3275023102760315
0.44412094354629517
0.45939674973487854
0.5323407649993896
0.28440845012664795
0.2179083526134491
0.2552270293235779
0.579344630241394
0.30124834179878235
1.140991449356079
0.480330228805542
0.5484229922294617
0.4144487977027893
0.7639156579971313
0.4452509880065918
0.1505855768918991
0.4704880118370056
0.17472484707832336
0.3205666244029999
0.20491424202919006
0.5165723562240601
0.269570916891098
0.2976163625717163
0.31779998540878296
0.1450445055961609
0.4026678502559662
0.4053322672843933
0.13327476382255554
0.2742387652397156
0.11833865940570831
0.42459625005722046
0.725787341594696
0.35191845893859863
0.6574193835258484
0.46132153272628784
0.44036346673965454
0.4044772684574127
0.28309768438339233
0.2868095338344574
0.4749435782432556
0.284837543964386
0.4085293412208557
0.48822370171546936
0.4479402005672455
0.564745306968689
0.19574983417987823
0.1517745405435562
0.3732987642288208
0.8273688554763794
0.2540002763271332
0.177832692861557
0.5011271238327026
0.25117212533950806
0.6243488788604736
0.3740672767162323
0.3287997841835022
0.6290891766548157
0.2852039039134979
0.3476021885871887
0.7861742377281189
0.17073801159858704
0.5440689325332642
0.2978004217147827
0.21561571955680847
0.6095994114875793
0.29177987575531006
0.30432766675949097
0.7539058923721313
0.12647706270217896
0.16742649674415588
0.15176072716712952
0.2537422180175781
0.8392341732978821
0.5823943018913269
0.21038301289081573
0.19544737040996552
0.3111099600791931
0.3730604350566864
0.7810268402099609
0.37291762232780457
0.31414729356765747
0.15819686651229858
0.2434794008731842
0.629282534122467
0.29725223779678345
0.3774109184741974
0.4461584985256195
0.15746855735778809
0.24478435516357422
0.6179679036140442
0.4625701904296875
0.5110234618186951
0.641989529132843
0.5908788442611694
0.4241268038749695
0.0847262367606163
0.1790570467710495
0.9107744097709656
0.48212480545043945
0.34515494108200073
0.6345804929733276
0.39413565397262573
0.15855616331100464
0.3454996347427368
0.567943811416626
0.42115992307662964
0.36031171679496765
0.2400856465101242
0.7019239664077759
0.24826569855213165
0.3971690535545349
0.18010200560092926
0.6725420951843262
0.746033787727356
0.8151310682296753
0.6885895729064941
0.1936378926038742
0.2733601927757263
0.2574695944786072
0.28044450283050537
0.3575419485569
0.46230822801589966
0.23638543486595154
0.4197084307670593
0.4006442427635193
0.3656565845012665
0.189764603972435
0.7135106325149536
0.7167661786079407
0.25838106870651245
0.7464355230331421
0.3970150053501129
0.44465646147727966
0.3435743451118469
0.3212905526161194
1.0693309307098389
0.2557222247123718
0.3403209149837494
0.4499807357788086
0.39063021540641785
0.596076250076294
0.5574453473091125
0.4740177094936371
0.3338657021522522
0.5770997405052185
0.41251784563064575
0.3343852758407593
0.2607150971889496
0.12412293255329132
0.5434364080429077
0.3859664797782898
0.3614893853664398
0.24949130415916443
0.6307581663131714
0.2184758484363556
0.29722413420677185
0.3394702970981598
0.6869379878044128
0.6724215745925903
0.19711199402809143
0.4035813808441162
0.3966512084007263
0.1849602311849594
0.2087029665708542
0.45894771814346313
0.4710310995578766
0.1813414841890335
0.3714584708213806
0.28866371512413025
0.3334670662879944
0.22270891070365906
0.25025174021720886
0.2391221523284912
0.25560885667800903
0.27788910269737244
0.27058637142181396
0.82280033826828
0.6928595900535583
0.21488797664642334
0.2573287785053253
0.402072012424469
0.3450571894645691
0.5250221490859985
0.3292296528816223
0.44652658700942993
0.21584483981132507
0.20155665278434753
0.14237502217292786
0.7633888125419617
0.583659291267395
0.6685245633125305
0.5382055640220642
0.4348258376121521
0.45694050192832947
0.4411546587944031
0.37903743982315063
0.2508758008480072
0.6491174101829529
0.42282000184059143
0.5636993050575256
0.6347309947013855
0.6403421759605408
0.6038996577262878
0.32054609060287476
0.39869624376296997
0.33996328711509705
0.22200170159339905
0.330477237701416
0.4009592533111572
0.3477669060230255
0.39230385422706604
0.2722594141960144
0.3990768790245056
0.19443517923355103
0.24335896968841553
0.578409731388092
0.36605674028396606
0.5818264484405518
0.4740748405456543
0.3940851390361786
0.39451828598976135
0.3098096549510956
0.4586977958679199
0.5183593034744263
0.5239460468292236
0.27396687865257263
0.7740873098373413
0.42029625177383423
0.4159243106842041
0.6331039667129517
0.3735582232475281
0.5076079964637756
0.264387845993042
0.19227305054664612
0.5593022108078003
0.34151822328567505
0.5626431703567505
0.5553146004676819
0.416710764169693
0.22518117725849152
0.2332804650068283
0.1871919482946396
0.6493973135948181
0.3997300863265991
0.5723909139633179
0.37057262659072876
0.21764340996742249
0.5341572761535645
0.1849934607744217
0.26700466871261597
0.35229551792144775
0.5177698135375977
0.30148735642433167
0.1547383964061737
0.2862192988395691
0.6745423078536987
0.28783339262008667
0.5412597060203552
0.575107991695404
0.2527920603752136
0.37386009097099304
0.5826698541641235
0.3667265474796295
0.9853900074958801
0.4467948377132416
0.37369677424430847
0.23694880306720734
0.38608354330062866
0.4466293752193451
0.8935126066207886
0.470828115940094
0.31139838695526123
0.34483784437179565
0.263401597738266
0.5967686176300049
0.31114935874938965
0.3422078788280487
0.6523798704147339
0.33137309551239014
0.061030156910419464
0.4142199158668518
0.1545378416776657
0.614793062210083
0.18847118318080902
0.6191881895065308
0.4421781599521637
0.3631003499031067
0.16254621744155884
0.9047368764877319
0.24731557071208954
0.30721884965896606
0.313223272562027
0.5978603363037109
0.3557487428188324
0.6839534044265747
0.31259167194366455
0.22592072188854218
0.566611647605896
0.24607069790363312
0.586772084236145
0.3666277229785919
0.28016871213912964
0.41709208488464355
0.26831284165382385
0.4417057931423187
0.3719352185726166
0.5381618738174438
0.5919495224952698
0.3685058057308197
0.38223153352737427
0.23430180549621582
0.33587947487831116
0.31539374589920044
0.10371625423431396
0.238203763961792
0.34324491024017334
0.4510149359703064
0.4878867566585541
0.5020949840545654
0.4321414530277252
0.18562395870685577
0.499530553817749
0.9926100969314575
0.30816590785980225
0.1826045960187912
0.2579917311668396
0.3655281364917755
0.29642948508262634
0.3732201159000397
0.25558462738990784
0.4166799485683441
0.3611104488372803
0.28124427795410156
0.44980305433273315
0.44105976819992065
0.5117872953414917
0.41487354040145874
0.20608392357826233
0.05295176059007645
0.9532896280288696
0.39495423436164856
0.25886911153793335
0.39487630128860474
0.27073466777801514
0.2762005627155304
0.5783896446228027
0.5147235989570618
0.7236500978469849
0.305990070104599
0.5555539727210999
0.8377006649971008
0.8508080244064331
0.193825364112854
0.34627243876457214
0.09564302861690521
0.7551915645599365
0.23929086327552795
0.7572000622749329
0.8976311683654785
0.4233335554599762
0.6190745234489441
0.8497122526168823
0.4786103367805481
0.5424986481666565
0.4458860754966736
0.2904030382633209
0.39490842819213867
0.177602156996727
0.6597855687141418
0.4073212146759033
0.174258753657341
0.16624687612056732
0.29058077931404114
0.5163673162460327
0.2747538089752197
0.41025105118751526
0.31923067569732666
0.7273472547531128
0.5264413952827454
0.1467227190732956
0.40242910385131836
0.5955570936203003
0.39589613676071167
0.7297065258026123
0.23486082255840302
0.47807765007019043
0.6785966157913208
0.4843938946723938
0.3526509404182434
0.6278467774391174
0.6651113629341125
0.5294976234436035
0.37929314374923706
0.5483487248420715
0.4646897315979004
0.20197872817516327
0.4001695215702057
0.9336736798286438
0.15307439863681793
0.49168944358825684
0.244868665933609
0.4282771050930023
0.34388837218284607
0.8764522671699524
0.7743121385574341
0.5017293691635132
0.21265247464179993
0.30092138051986694
0.3985368609428406
0.39548057317733765
0.30036312341690063
0.6403082013130188
0.4033573269844055
0.23651394248008728
0.4305332601070404
0.4561629891395569
0.3913005292415619
0.5629183053970337
0.27968746423721313
0.26866990327835083
0.5809065103530884
1.0542234182357788
0.120661161839962
0.537802517414093
0.49251309037208557
0.3339542746543884
0.41700416803359985
0.3620879352092743
0.3516150712966919
0.33692222833633423
0.5953680276870728
0.4995986819267273
0.11919218301773071
1.0964139699935913
0.5100545287132263
0.6247736215591431
0.15211014449596405
0.17212501168251038
0.3730698823928833
0.46540242433547974
0.7877849340438843
0.4623493254184723
0.48182764649391174
0.38439109921455383
0.8387343287467957
0.2833566665649414
0.8761127591133118
0.27528294920921326
0.40940776467323303
0.4537402093410492
0.28121429681777954
0.33896955847740173
0.4052840769290924
0.07043377310037613
0.17787861824035645
0.6875756978988647
0.20617417991161346
0.283601313829422
0.3938412070274353
0.44920629262924194
0.4091143012046814
0.22641463577747345
0.14506572484970093
0.6081138849258423
0.5279737710952759
0.36635828018188477
0.4337301254272461
0.21208302676677704
0.49298596382141113
0.20086613297462463
0.42211398482322693
0.956103503704071
0.37974774837493896
0.4160327911376953
0.7321282625198364
0.6806831955909729
0.37060168385505676
0.6131740808486938
0.2802126407623291
0.523008406162262
0.2640530467033386
0.25917738676071167
0.36465588212013245
0.6080039739608765
0.8634027242660522
0.4371735453605652
0.2497156411409378
0.7011175155639648
0.2543342709541321
0.32183581590652466
0.305195152759552
0.2181636095046997
0.6907174587249756
0.611291766166687
0.3811265230178833
0.5550910830497742
0.18578191101551056
0.5078060030937195
0.2953154742717743
0.7392110824584961
0.3159201145172119
0.19320860505104065
0.2815760672092438
0.1741715669631958
0.08645934611558914
0.3129728436470032
0.6709877252578735
0.12466587126255035
0.2113303691148758
0.3888118267059326
0.45926690101623535
0.7178990244865417
0.366688072681427
0.7289575338363647
0.4015023112297058
0.2868388295173645
0.5182411074638367
0.41339486837387085
0.4289759695529938
0.562735915184021
0.5748844742774963
0.14776158332824707
0.5818935632705688
0.3015555739402771
0.48316845297813416
0.2806721329689026
0.6211167573928833
0.36472028493881226
0.5496069192886353
0.6385494470596313
0.4505580961704254
0.3325703740119934
0.3459829092025757
0.5061310529708862
0.2667963206768036
0.3663123846054077
0.535098671913147
0.4491015374660492
0.40359243750572205
0.2241625040769577
0.2577630877494812
0.464179664850235
0.7123865485191345
0.2949567139148712
0.18475405871868134
0.7163648009300232
0.15979865193367004
0.4003826677799225
0.8395857810974121
0.3423765301704407
0.34409099817276
0.35331010818481445
0.27576690912246704
0.4439217150211334
0.3724644184112549
0.5986750721931458
0.4192361831665039
0.3283767104148865
0.34005945920944214
0.49988627433776855
0.32855743169784546
0.5461606383323669
0.6099256277084351
0.43855637311935425
0.19385680556297302
0.2557283937931061
0.5959218740463257
0.14019857347011566
0.2834624946117401
0.5070124864578247
0.26826655864715576
0.3613585829734802
0.6744289398193359
0.33979088068008423
0.4114057123661041
0.21575117111206055
0.45587387681007385
0.2682821750640869
0.3003804087638855
0.4400207996368408
0.2754139304161072
0.4296683371067047
0.1537124514579773
0.520086407661438
0.3576410412788391
0.6039170026779175
0.15516254305839539
0.5418808460235596
0.6841766238212585
0.3174331486225128
0.6106904745101929
0.34652796387672424
0.5081509351730347
0.7564709782600403
0.39133140444755554
0.2814652621746063
0.41027504205703735
0.15117695927619934
0.22006411850452423
0.3420052230358124
0.36404597759246826
0.47782379388809204
0.41996660828590393
0.19749942421913147
0.304786741733551
0.22912195324897766
0.35209473967552185
0.2133425921201706
0.5340548753738403
0.5568438172340393
0.47424712777137756
0.40947088599205017
0.3015727400779724
0.7351493835449219
0.40317779779434204
0.30993834137916565
0.45162519812583923
0.057109285145998
0.5473089218139648
0.22654613852500916
0.30226272344589233
0.7902456521987915
0.2671606242656708
0.25164657831192017
0.42371830344200134
0.5155049562454224
0.612357497215271
0.5842201113700867
0.40425020456314087
0.6849178075790405
0.7157188653945923
0.23363307118415833
0.41186317801475525
0.34348371624946594
0.6824259161949158
0.775528073310852
0.2783467769622803
0.2578743100166321
0.34240132570266724
0.7907356023788452
0.4719555974006653
0.2293785810470581
0.06619574874639511
0.413505494594574
0.23057909309864044
0.3017646074295044
0.8650549650192261
0.534131646156311
0.43396225571632385
1.2448841333389282
0.6750842332839966
0.11221370846033096
0.38857385516166687
0.1712840497493744
0.3202736973762512
0.43721896409988403
0.6216994524002075
0.10779396444559097
0.19963158667087555
0.6456683278083801
0.4009363055229187
0.39670631289482117
0.26675063371658325
0.48943424224853516
0.4783400595188141
0.3185833990573883
0.27721673250198364
0.2595908045768738
0.9325572848320007
0.4388647675514221
0.4792359471321106
0.39563027024269104
0.25941842794418335
0.735704243183136
0.37764284014701843
0.20660319924354553
0.31953349709510803
0.329987496137619
0.21658897399902344
0.6431547999382019
0.4979323744773865
0.47518396377563477
0.533534586429596
0.4766092300415039
0.33171626925468445
0.48328548669815063
0.4012448787689209
0.2970907390117645
0.5864402651786804
0.6228564381599426
0.2979886829853058
0.28883329033851624
0.36926233768463135
0.5540493130683899
0.1990969479084015
0.5184218287467957
0.2438506782054901
0.5503115653991699
0.4099215865135193
0.33138978481292725
0.5979071259498596
0.4562637209892273
0.3324729800224304
0.40401020646095276
0.2890687584877014
0.5654572248458862
0.7478502988815308
0.1124706119298935
0.5714421272277832
0.17889180779457092
0.38852185010910034
0.27739661931991577
0.16898612678050995
0.39893513917922974
0.24092869460582733
0.37823599576950073
0.3352431654930115
0.22422797977924347
0.14157170057296753
0.5772374868392944
0.16931213438510895
0.47480320930480957
0.5168836712837219
1.0196655988693237
0.486593097448349
0.4424095153808594
0.22052308917045593
0.4611288011074066
0.4879026412963867
0.424077570438385
0.6065306663513184
0.2048417031764984
0.3789622485637665
0.2320573627948761
0.44126683473587036
0.483635812997818
0.7090203166007996
0.5105382204055786
0.380634605884552
0.3489476442337036
0.23857490718364716
0.4252302050590515
0.5997484922409058
0.4833577573299408
0.24289663136005402
0.23676390945911407
0.42335838079452515
0.3440970480442047
0.5953726768493652
0.5821260213851929
0.8335286378860474
0.23371091485023499
0.6394928693771362
0.4075593054294586
0.34434017539024353
0.20393900573253632
0.09376703202724457
0.5505398511886597
0.2903781831264496
0.3588765263557434
0.40112996101379395
0.5558418035507202
0.46057063341140747
0.7941330075263977
0.06372202932834625
0.3326658010482788
0.40386471152305603
0.17193293571472168
0.33636531233787537
0.6401670575141907
0.4389938712120056
0.4186767041683197
0.1638876050710678
0.1182582825422287
0.1938101351261139
0.3055580258369446
0.22491689026355743
0.44364118576049805
0.26446056365966797
0.2507067322731018
0.2719220817089081
0.3455962836742401
0.46531838178634644
0.2870941162109375
0.30041104555130005
0.2594519853591919
0.3020681142807007
0.29485172033309937
0.4327036440372467
0.4781343936920166
0.2583273947238922
0.5076300501823425
0.7333579659461975
0.4813768267631531
0.2579793930053711
0.2001313418149948
0.9426687359809875
0.3423621952533722
0.7148758172988892
0.4961588978767395
0.35907620191574097
0.369748055934906
0.367690771818161
0.354000985622406
0.445258766412735
0.2955077290534973
0.26551929116249084
0.23313820362091064
0.31446903944015503
0.5645627975463867
0.7666950821876526
0.44458088278770447
0.3472058176994324
0.32150402665138245
0.28815704584121704
0.6187755465507507
0.21653595566749573
0.2693224549293518
0.23587198555469513
0.4112875461578369
0.29047343134880066
0.31914764642715454
0.433088481426239
0.9345393180847168
0.32836273312568665
0.3068133294582367
0.41118675470352173
0.4942452907562256
0.23225419223308563
0.16884563863277435
0.6636661291122437
0.3345452845096588
1.2609933614730835
0.5091856718063354
0.5251742601394653
0.37873396277427673
0.5746161341667175
0.15466170012950897
0.23798689246177673
0.35593631863594055
0.48828211426734924
0.1962115317583084
0.6371429562568665
0.6165400743484497
0.19878670573234558
0.27766892313957214
0.3539964258670807
0.25896260142326355
0.2589219808578491
0.33511263132095337
0.2705419659614563
0.18335673213005066
0.5242082476615906
0.1728004664182663
0.19631871581077576
0.49210911989212036
0.5010795593261719
0.40807318687438965
0.4125121235847473
0.28086143732070923
0.3692389130592346
0.26310592889785767
0.3936028778553009
0.130305677652359
0.3070046007633209
0.6381791234016418
0.8014707565307617
0.513289213180542
0.34232479333877563
0.32424721121788025
0.29679569602012634
0.2680431008338928
0.3165028989315033
0.20323090255260468
0.16468240320682526
0.2044990360736847
0.8432134389877319
0.2612289786338806
0.3256535232067108
0.4142140746116638
0.6221679449081421
0.5668627023696899
0.20334355533123016
0.5620525479316711
0.32945486903190613
0.3685276508331299
0.03366765379905701
0.5051538944244385
0.6060606241226196
0.24783781170845032
0.25860595703125
0.38330721855163574
0.4810084402561188
0.2814123034477234
0.49177709221839905
0.163004070520401
0.3739951550960541
0.18286488950252533
0.5433310270309448
0.6329922080039978
0.379913866519928
0.7420049905776978
0.31073254346847534
0.5948914289474487
0.7496582269668579
0.49555104970932007
0.2764149010181427
0.18472923338413239
0.45290297269821167
0.16980835795402527
0.5727946162223816
0.3685927987098694
0.1779305636882782
0.2237313687801361
0.7031531929969788
0.17680396139621735
0.31097400188446045
0.49300089478492737
0.46865564584732056
0.2181340754032135
0.5827058553695679
0.645107626914978
0.4564669132232666
0.19914527237415314
0.33355337381362915
0.17798200249671936
0.1264895796775818
0.3247177302837372
0.5265015959739685
0.610194206237793
0.2851455807685852
0.47458338737487793
0.48349276185035706
0.19808468222618103
0.7820347547531128
0.6787152290344238
0.2920038104057312
0.25011682510375977
0.6959956884384155
0.3870541751384735
0.4576703608036041
0.44205957651138306
0.2349281758069992
0.17397409677505493
0.3216000199317932
0.9010958671569824
0.5840271711349487
0.36954182386398315
0.35454314947128296
0.43023404479026794
0.18091420829296112
0.15415248274803162
0.8405326008796692
0.23946256935596466
0.2804710268974304
0.5521730780601501
0.18818911910057068
0.26003095507621765
0.21761557459831238
0.6336309909820557
0.5340912938117981
0.3975386321544647
0.4255255162715912
0.28349199891090393
0.5498058199882507
0.3665481507778168
0.36295968294143677
0.34514933824539185
0.3158632814884186
0.4244641363620758
0.19183200597763062
1.1072490215301514
0.4986210763454437
0.36508700251579285
0.15178731083869934
1.0533864498138428
0.09346830099821091
0.3361716568470001
0.6121107935905457
0.2190495729446411
0.552247166633606
0.4246908724308014
0.21826204657554626
0.5891953110694885
0.5126258134841919
0.32342246174812317
0.18955625593662262
0.35446566343307495
0.6002485752105713
0.3260752260684967
0.4225587844848633
0.34435316920280457
0.7880129814147949
0.4659745693206787
0.49891892075538635
0.531758189201355
0.9954164624214172
0.5433666110038757
0.36116400361061096
0.45795828104019165
0.7802685499191284
0.6609872579574585
0.4961719512939453
0.35662907361984253
0.33445578813552856
0.2407248467206955
0.44875568151474
0.5690947771072388
0.19484612345695496
0.40227824449539185
0.8724895715713501
0.29616302251815796
0.564855694770813
0.32676541805267334
0.30654802918434143
0.193100243806839
0.41870155930519104
0.5302401781082153
0.2916557192802429
0.17946353554725647
0.35295069217681885
0.31631940603256226
0.3502371609210968
0.6054826974868774
0.46970611810684204
0.6173846125602722
0.47217240929603577
1.0282025337219238
0.39528411626815796
0.2359168827533722
0.5392168760299683
0.5278959274291992
0.2990162968635559
0.4458111822605133
0.24302855134010315
0.5686182379722595
0.18462710082530975
0.3033183813095093
0.43799835443496704
0.1278248280286789
0.07769942283630371
0.44125157594680786
0.30577322840690613
0.2898370623588562
0.1797839105129242
0.32797127962112427
0.5326911807060242
0.15361875295639038
0.23879361152648926
0.1903066635131836
0.30975213646888733
0.6928049921989441
0.503803551197052
0.22680547833442688
0.44032344222068787
0.6168675422668457
0.19975809752941132
0.15276524424552917
0.7245219945907593
0.6228479146957397
0.8994362950325012
0.1712658405303955
0.5014514327049255
0.39183706045150757
0.22257837653160095
0.49682608246803284
0.6272778511047363
0.362550288438797
0.44355225563049316
0.2701399326324463
0.7542070746421814
0.36127105355262756
0.18623657524585724
0.4397331178188324
0.09862959384918213
0.2302883118391037
0.2693004906177521
0.9155817031860352
0.32331961393356323
0.2707180082798004
0.15392109751701355
0.9797999262809753
0.3275707960128784
0.631334125995636
0.5393882989883423
0.27690351009368896
0.5515225529670715
0.3034309446811676
0.2943553328514099
0.29033976793289185
0.16464537382125854
0.37490516901016235
0.4768133759498596
0.27207377552986145
0.6134030222892761
0.2682781517505646
0.44551268219947815
0.5095659494400024
0.4020459055900574
0.16838641464710236
0.32900479435920715
0.2615293860435486
0.27593037486076355
0.5406872034072876
0.4910217821598053
0.5537952184677124
0.47705522179603577
0.3071153461933136
0.4161856174468994
0.6480073928833008
0.24882259964942932
0.23085765540599823
0.2714402675628662
0.1818312704563141
0.37617218494415283
0.22863905131816864
0.23754115402698517
0.10357411205768585
0.2693776488304138
0.06913913786411285
0.29719680547714233
0.4923573136329651
0.4897997975349426
0.27817055583000183
0.49111324548721313
0.47307077050209045
0.6560004353523254
0.18768537044525146
0.3081797659397125
0.49321499466896057
0.22316257655620575
0.37357479333877563
0.37035155296325684
0.8052722811698914
0.4918877184391022
0.15150004625320435
0.5051990151405334
0.31735751032829285
0.15049327909946442
0.3038579225540161
0.38059496879577637
0.6386822462081909
0.43828338384628296
0.6574395298957825
0.2087923288345337
0.26936963200569153
0.45151692628860474
0.057557571679353714
0.18658699095249176
0.3312113881111145
0.26475390791893005
0.3565891683101654
0.09841124713420868
0.16454800963401794
0.5211012959480286
0.35440611839294434
0.11541230976581573
0.6043030023574829
0.3692285418510437
0.6311477422714233
0.7398877143859863
0.48594069480895996
0.20966961979866028
0.25324589014053345
0.42016592621803284
0.2775484621524811
0.3085346817970276
0.3649464249610901
0.3715159296989441
0.19132819771766663
0.37334543466567993
0.7296613454818726
0.24133190512657166
0.4240732192993164
0.17927001416683197
0.3078400194644928
0.25371623039245605
0.28512221574783325
0.3213437497615814
0.15714749693870544
0.37046104669570923
0.49114710092544556
0.48902416229248047
0.5084357261657715
0.737136721611023
0.2646806240081787
0.31773754954338074
0.05358092859387398
0.18816755712032318
0.6648889183998108
0.3281565010547638
0.4431672692298889
0.4632340371608734
0.16034282743930817
0.437950998544693
0.25908470153808594
0.9744755029678345
0.9404714703559875
0.5341203212738037
0.4195748269557953
0.7506495714187622
0.19033284485340118
0.4758763909339905
0.5185499787330627
0.4967500567436218
0.18214109539985657
0.8272184133529663
0.30485886335372925
0.21551771461963654
1.6739921569824219
0.29492640495300293
0.5032520294189453
0.4917488098144531
0.5782124400138855
0.37450647354125977
0.235369011759758
0.36161965131759644
0.32014983892440796
0.18999382853507996
0.6993347406387329
0.6498847603797913
0.5143463015556335
0.3899557292461395
0.6168361902236938
0.6843094229698181
0.8733959197998047
0.29969942569732666
0.6143225431442261
0.2266007959842682
0.372627317905426
0.5478489398956299
0.4649435579776764
0.19950607419013977
0.1357588917016983
0.3880492150783539
0.3661516606807709
0.3703950047492981
0.17383168637752533
0.27050989866256714
0.4712558686733246
0.940126895904541
0.4750617444515228
0.412587970495224
0.37871766090393066
0.10917727649211884
0.26977506279945374
0.2494661808013916
0.3013482689857483
0.3375813364982605
0.20598134398460388
0.4819364547729492
0.35422152280807495
0.32197120785713196
0.24693003296852112
0.671314001083374
0.1464228332042694
0.1892354041337967
0.6276949644088745
0.36203834414482117
0.3427441418170929
0.4802362024784088
0.3893581032752991
0.8372629284858704
0.4937508702278137
0.33664360642433167
0.6296610236167908
0.3322319984436035
0.4654518663883209
0.2836463749408722
0.7282944917678833
0.24135729670524597
0.27168887853622437
0.34338822960853577
0.9154995679855347
0.16526678204536438
0.4843692183494568
0.451530784368515
0.4040074944496155
0.2574535012245178
0.5098435878753662
0.2876112461090088
0.2688330411911011
0.38734880089759827
0.20715078711509705
0.7143626809120178
0.1672833412885666
0.3801766037940979
1.0140191316604614
0.18531933426856995
0.6713112592697144
0.20879371464252472
0.232630655169487
0.25849616527557373
0.4822534918785095
0.47726431488990784
0.28439992666244507
0.486748605966568
0.23592805862426758
0.24807146191596985
0.9396807551383972
0.20034360885620117
0.27185961604118347
0.6884259581565857
1.0582019090652466
0.4924868941307068
1.061807632446289
0.45113974809646606
0.328278511762619
0.465087354183197
0.5768622159957886
0.395860880613327
0.43194547295570374
0.2815476059913635
0.45236244797706604
0.25724926590919495
0.27043384313583374
0.46102195978164673
0.14653806388378143
0.18501991033554077
0.1290995478630066
0.5714413523674011
0.3550877571105957
0.44714635610580444
1.0500717163085938
0.4321225583553314
0.873578667640686
0.21703621745109558
0.22944891452789307
0.25035589933395386
0.6417118310928345
0.23870761692523956
0.7843389511108398
0.13036613166332245
0.5490680932998657
0.2902146875858307
0.8123340606689453
0.3999843895435333
1.381537914276123
0.37376952171325684
0.32485607266426086
0.42593055963516235
0.5332791209220886
0.4120088517665863
0.4066539704799652
0.6397017240524292
0.5016509294509888
0.40979424118995667
0.498420387506485
0.15428215265274048
1.0583207607269287
0.3605237305164337
0.5495189428329468
0.39312463998794556
0.9367192983627319
0.18444183468818665
0.5079113245010376
0.5885428190231323
0.2863830327987671
0.3694840967655182
0.45915302634239197
0.7852916717529297
0.29313772916793823
0.5829793214797974
0.2932620048522949
0.388323575258255
0.3236249089241028
0.32199543714523315
0.320246160030365
0.1239614486694336
0.8190361261367798
0.3374935984611511
0.4877409338951111
0.5842062830924988
0.29883643984794617
0.46514883637428284
0.6347876191139221
0.49583402276039124
0.1893930733203888
0.6301506757736206
0.19141027331352234
0.180049866437912
0.3994292616844177
0.34330612421035767
0.5607630014419556
0.42920881509780884
0.23968270421028137
0.6503921747207642
0.2278609573841095
0.30534645915031433
0.7596878409385681
0.4209910035133362
0.0925542488694191
0.29855507612228394
0.4635383188724518
0.32290273904800415
0.2656532824039459
0.30561915040016174
0.18667399883270264
0.32517942786216736
0.34655606746673584
0.5824323296546936
0.43803757429122925
0.36213117837905884
0.2998111844062805
0.36400726437568665
0.6134710907936096
0.3046630322933197
0.5619973540306091
0.3772698938846588
0.42346182465553284
0.2819584906101227
0.39260977506637573
0.32295313477516174
0.12777042388916016
0.3462395668029785
0.3313656747341156
0.6145354509353638
0.6797816753387451
0.4006037712097168
0.45247286558151245
0.3361857235431671
0.395293653011322
0.44591599702835083
0.5086935758590698
0.5312161445617676
0.12612873315811157
0.9166408777236938
0.4467788636684418
0.9285667538642883
0.2857953906059265
0.3580564558506012
0.2369118183851242
0.32226669788360596
0.4650723338127136
0.48350828886032104
0.16363947093486786
0.3156445026397705
0.35624223947525024
0.32768434286117554
0.18879033625125885
0.21982116997241974
0.23696880042552948
0.6956074833869934
0.2864355742931366
0.20464904606342316
0.598940908908844
0.18310405313968658
0.3302081227302551
0.4652685523033142
0.47626009583473206
0.31186047196388245
0.7317471504211426
0.42570605874061584
0.3405311703681946
0.3826296627521515
0.43400317430496216
0.36883988976478577
0.3990338444709778
0.3065892457962036
0.22235679626464844
0.42083287239074707
0.683127760887146
0.4369894862174988
0.7194631695747375
0.17816562950611115
0.21346397697925568
0.47657614946365356
0.11938264220952988
0.25822916626930237
0.5297573208808899
0.20563633739948273
0.7338180541992188
0.255659282207489
0.29751056432724
0.4343324303627014
0.20305578410625458
0.13812945783138275
0.6699115633964539
0.2752664089202881
0.28269603848457336
0.5408909916877747
0.6153663396835327
0.24129422008991241
0.35867422819137573
0.3007500469684601
0.8262534141540527
0.205069899559021
0.6948075890541077
0.356170654296875
0.37152695655822754
0.2560381591320038
0.20093552768230438
0.575228214263916
0.44866833090782166
0.3228641748428345
0.3830800950527191
0.25660228729248047
0.44622302055358887
0.564454197883606
0.4765114188194275
0.2865907549858093
0.4926486611366272
0.4074598252773285
0.17764978110790253
0.9789608120918274
0.13554471731185913
0.4449350833892822
0.5015413761138916
0.6746375560760498
0.14774183928966522
0.23483821749687195
0.6472702026367188
0.3976570665836334
0.1789216697216034
0.4608939588069916
0.20087885856628418
0.34176182746887207
0.608322024345398
0.3222659230232239
0.2997210621833801
0.6886782646179199
0.5917824506759644
0.36538267135620117
0.6230751872062683
0.28341564536094666
0.6038411855697632
0.1781911551952362
0.977522075176239
0.4870625138282776
0.325522243976593
0.4952816069126129
0.15075379610061646
0.20704424381256104
0.3648492693901062
0.4132104516029358
0.23411424458026886
0.4323815703392029
0.3257109522819519
0.41993945837020874
0.556564450263977
0.9453018307685852
0.27872222661972046
0.24059133231639862
0.23214146494865417
0.31779077649116516
0.49449485540390015
0.5789744853973389
0.2371109277009964
0.5517834424972534
0.4346446394920349
0.42834025621414185
0.1316451132297516
0.6796796917915344
0.27797409892082214
0.15600818395614624
0.3104848265647888
0.3340926766395569
0.22746524214744568
0.4830532670021057
0.3703075051307678
0.7474322319030762
0.2785432040691376
0.9950224161148071
0.37387949228286743
0.22954842448234558
0.12389906495809555
0.5380193591117859
0.23490317165851593
0.4296794831752777
0.2276608645915985
0.4227677881717682
0.4564759135246277
0.4286937713623047
0.17517109215259552
0.44744157791137695
0.568491518497467
0.21695983409881592
0.2195611298084259
0.6785792112350464
0.25918346643447876
0.5497807264328003
0.5016821026802063
0.3957691192626953
0.2084973305463791
0.602599561214447
0.3253548741340637
0.7444748878479004
0.22434799373149872
0.3906148374080658
0.42644014954566956
0.41644859313964844
0.16647545993328094
0.35741910338401794
0.30022984743118286
0.7356331944465637
0.3796002268791199
0.5662846565246582
0.27979546785354614
0.4575629234313965
0.10094115883111954
0.19142812490463257
0.8128826022148132
0.4892614781856537
0.42317643761634827
0.47029799222946167
0.25679463148117065
0.8010083436965942
0.2638104557991028
0.19873955845832825
0.20087489485740662
0.28488898277282715
0.4489850103855133
0.5850597620010376
0.1493987739086151
0.08502297848463058
0.842485785484314
0.5468736886978149
0.4836501181125641
0.6155311465263367
0.31178194284439087
0.40272536873817444
0.7493922710418701
0.568886935710907
0.270845502614975
0.3075297474861145
0.24264177680015564
0.776225209236145
0.5945812463760376
0.2696684002876282
0.3392685353755951
0.3857625126838684
0.1531129777431488
0.4342263340950012
0.3761249780654907
0.6389008164405823
0.31991538405418396
0.641366183757782
0.330549418926239
0.5333636999130249
0.30330362915992737
0.6013308763504028
0.3501790165901184
0.2601896822452545
0.15125933289527893
0.3066248297691345
0.45526084303855896
0.38649293780326843
0.7515851855278015
0.26078367233276367
0.1421632021665573
0.44570237398147583
0.396100789308548
0.140603706240654
0.31100720167160034
0.2530566155910492
0.9144061803817749
0.3157210350036621
0.8201330304145813
0.25227591395378113
0.4505747854709625
0.43812960386276245
0.3049383759498596
0.430147260427475
0.13207626342773438
0.5952205061912537
0.5278292298316956
0.548178493976593
0.23820987343788147
0.3837447464466095
0.2981736361980438
0.8062596321105957
0.47719287872314453
0.38299864530563354
0.26052325963974
0.2867037355899811
0.5330134034156799
0.3475964665412903
0.1443416327238083
0.1424042284488678
0.3077404797077179
0.7313460111618042
0.37709012627601624
0.30097734928131104
0.1614210605621338
0.5070181488990784
0.7773611545562744
0.44267112016677856
0.5211503505706787
0.14872358739376068
0.4105965197086334
0.5892918109893799
0.7023996114730835
0.3934853672981262
0.18031081557273865
0.5137137770652771
0.3769085705280304
0.13396093249320984
0.314358651638031
0.16897481679916382
0.5635872483253479
0.3161538243293762
0.1997866928577423
0.36256134510040283
0.36760199069976807
0.31846731901168823
0.33500662446022034
0.48172426223754883
0.28178876638412476
0.17739863693714142
0.3815085291862488
0.7359907031059265
0.47679057717323303
0.43343520164489746
0.5247492790222168
0.10405019670724869
0.24053248763084412
0.41801348328590393
0.20436875522136688
0.7689899206161499
0.23926496505737305
0.5323077440261841
0.17540042102336884
0.34148547053337097
0.303087055683136
0.2779375910758972
0.27067315578460693
0.8184930086135864
0.4382261335849762
0.6743608713150024
0.18849436938762665
0.3477661609649658
0.3151438236236572
0.5826829671859741
0.5953935384750366
0.6559458374977112
0.4205707609653473
0.14551471173763275
0.4524499475955963
0.7225891947746277
0.2359505146741867
0.4371268153190613
0.4062454104423523
0.3883633017539978
0.5371336340904236
0.2217833548784256
0.2819526791572571
0.4472968578338623
0.17972442507743835
0.5340638160705566
0.5813926458358765
0.22393552958965302
0.4313298761844635
0.318838894367218
0.20345933735370636
0.4064660668373108
0.23522749543190002
0.2455233633518219
0.3343552350997925
0.5759069323539734
0.7480118870735168
0.6194589138031006
0.28224295377731323
1.2320148944854736
0.2524016499519348
0.2106379270553589
0.23082347214221954
0.9125016331672668
0.9275573492050171
0.6598007082939148
0.39446550607681274
0.16659855842590332
0.6216410994529724
0.5699052810668945
0.21787583827972412
0.4337853491306305
0.6023949384689331
0.4120544493198395
0.4225587844848633
0.336590051651001
0.5703860521316528
0.3962829113006592
0.2630549669265747
0.5568308234214783
0.44476598501205444
0.7355366945266724
0.2133246213197708
0.5320051908493042
0.7984893918037415
0.6489745378494263
0.4107510447502136
0.1548866480588913
0.4005109667778015
0.2268943339586258
0.22180013358592987
0.5733798146247864
0.2215966433286667
0.5812937617301941
0.40535587072372437
0.3594343364238739
0.3566189110279083
0.6108397245407104
0.32390519976615906
0.39040714502334595
0.2939568758010864
0.9089148640632629
0.22354832291603088
0.5150371193885803
0.39329788088798523
0.5518755912780762
0.2990668714046478
0.7371208071708679
0.548973560333252
0.550269603729248
0.2762630581855774
0.5977451801300049
0.37930142879486084
0.21534571051597595
0.6516933441162109
0.3092872202396393
0.38804736733436584
0.2523319125175476
0.6458825469017029
0.11118750274181366
0.364531546831131
0.2978071868419647
0.3866249918937683
0.5492989420890808
0.6930132508277893
0.2574467062950134
0.31814539432525635
0.3857080340385437
0.3705277442932129
0.33359941840171814
0.29986053705215454
0.5458839535713196
0.3962608277797699
0.5578749775886536
0.4525359272956848
0.3366871476173401
0.5902515649795532
0.26752138137817383
0.4143432080745697
0.5447556376457214
0.1980491429567337
0.26102811098098755
0.29142770171165466
0.19010449945926666
0.22961711883544922
0.27889564633369446
0.5863553285598755
0.34149429202079773
0.6754336953163147
0.46182745695114136
0.5320471525192261
0.6570546627044678
0.22767630219459534
0.2988627552986145
0.21336182951927185
0.6087247133255005
0.27643510699272156
0.2658641040325165
0.21910929679870605
0.7955530881881714
0.3341912031173706
0.473825067281723
0.27355721592903137
0.7251073718070984
0.7002469897270203
0.5627594590187073
0.13770098984241486
0.2554960548877716
0.1389191448688507
0.38455265760421753
0.3656771779060364
0.35354822874069214
0.3930973708629608
0.26222869753837585
0.43661046028137207
0.4495023190975189
0.5841856002807617
0.8022273778915405
0.3432036340236664
0.568682849407196
0.38538748025894165
1.0645133256912231
0.16910341382026672
0.25057658553123474
0.9053810238838196
0.1698404997587204
0.1982364058494568
0.5963406562805176
0.3343163728713989
0.1999024897813797
0.27927079796791077
0.46386367082595825
0.28903961181640625
1.0004481077194214
0.409797728061676
0.5411360859870911
0.8515259027481079
0.7769221067428589
0.24761466681957245
0.19906377792358398
0.5443167090415955
0.6017733812332153
0.18852438032627106
0.30281129479408264
0.28909412026405334
0.33065861463546753
0.4814435541629791
0.2683267295360565
0.19136494398117065
0.32402336597442627
0.22187268733978271
0.16230204701423645
0.5093398690223694
0.3871055543422699
0.24722106754779816
0.311170756816864
0.20451192557811737
0.40131983160972595
0.4508034288883209
0.3016723394393921
0.5171459317207336
0.09851879626512527
0.152263805270195
0.46932274103164673
0.22036775946617126
0.49160128831863403
0.4076016843318939
0.19488033652305603
0.3083733916282654
0.23302797973155975
0.7477006316184998
0.34300702810287476
0.43147802352905273
0.4392530024051666
0.611350417137146
0.07976248115301132
0.4720284342765808
0.18815818428993225
0.06832757592201233
0.3707776367664337
0.29435884952545166
0.2411007434129715
0.49280643463134766
0.2461358606815338
0.4985620379447937
0.24262090027332306
0.5040347576141357
0.27535226941108704
0.3100716769695282
0.631472110748291
0.5610402822494507
0.3673408329486847
0.2627316117286682
0.27958643436431885
0.5225315093994141
0.7794047594070435
0.42560967803001404
0.6159803867340088
0.37597817182540894
0.22617001831531525
0.4096357822418213
0.14280417561531067
0.1329069286584854
0.37422674894332886
0.433748722076416
0.49135032296180725
0.3563827574253082
0.25126713514328003
0.29799365997314453
0.4954628348350525
0.20642121136188507
0.5720043778419495
0.11955580860376358
0.2337033748626709
0.39178475737571716
0.45964962244033813
0.20528431236743927
0.23367945849895477
0.20188042521476746
0.18829482793807983
0.6031058430671692
0.15438905358314514
0.27812522649765015
0.40434589982032776
0.7580884099006653
0.3967481553554535
0.27846378087997437
0.3098045289516449
0.5751156210899353
0.4934017062187195
0.23338451981544495
0.32934361696243286
0.2748299241065979
0.2445388287305832
0.17191240191459656
0.6039366126060486
0.5717978477478027
0.09422934800386429
0.33701199293136597
0.41167035698890686
0.2724420130252838
0.9516342282295227
0.3943679630756378
0.9523995518684387
0.5452997088432312
0.19066289067268372
0.28694766759872437
0.17620033025741577
0.3087923526763916
0.30454379320144653
0.3489428162574768
0.6572214365005493
0.46275514364242554
0.29331153631210327
0.2784952223300934
0.41360586881637573
1.026412844657898
0.7786020040512085
0.5603078603744507
0.7373418807983398
0.6768283247947693
0.36335286498069763
0.27391117811203003
0.38519176840782166
0.3940184712409973
0.43388229608535767
0.5090079307556152
0.34559229016304016
0.26555201411247253
0.46219658851623535
0.4622674584388733
0.6014449596405029
0.36561667919158936
0.5278054475784302
0.3986652195453644
0.5805965662002563
0.4302669167518616
0.35697418451309204
0.28811001777648926
0.26202183961868286
0.16653944551944733
0.35408470034599304
0.3377123475074768
0.21917779743671417
0.6468581557273865
0.3392629027366638
0.29486608505249023
0.24979381263256073
0.45686498284339905
0.13557545840740204
0.4282921254634857
1.092093586921692
0.47446709871292114
0.7826076745986938
0.3022158741950989
0.139711394906044
0.5477526783943176
0.47367459535598755
0.23109333217144012
0.2351730614900589
0.624157726764679
0.5330994725227356
0.31039610505104065
0.5028055906295776
0.10383491218090057
0.39191994071006775
0.45093220472335815
0.25378334522247314
0.6451368927955627
0.3819492757320404
0.2504650056362152
0.2457677572965622
0.1397959589958191
0.6456887722015381
0.4853343069553375
0.5132198333740234
0.4117659032344818
0.3152589201927185
0.334905743598938
0.809924304485321
0.22219178080558777
0.6406464576721191
0.40358075499534607
0.28528308868408203
0.31429100036621094
0.3603731095790863
0.29575562477111816
0.11134251207113266
0.5852870345115662
0.5382133722305298
0.2652493715286255
0.4138330817222595
0.5179282426834106
0.4105708599090576
0.22349946200847626
0.35084736347198486
0.2372656613588333
0.49192166328430176
0.6583676338195801
0.4172119200229645
0.41660362482070923
0.4249650835990906
0.14031171798706055
0.9979249238967896
0.4861116409301758
0.3442433476448059
0.44180774688720703
0.5016037225723267
0.20366433262825012
0.2727472186088562
0.4002252519130707
0.5534166097640991
0.3788031339645386
0.5811362266540527
0.10582201182842255
0.4494074285030365
0.8037616610527039
0.24201008677482605
0.20155242085456848
0.3330581784248352
0.43757209181785583
0.2634325921535492
0.277407169342041
0.3205695152282715
0.3824023902416229
0.8117455244064331
0.2499503791332245
0.07779230922460556
0.18792323768138885
0.8430219888687134
0.3772117495536804
0.29593533277511597
0.2841821610927582
0.676486074924469
0.9246066212654114
0.8448764085769653
0.2632012963294983
0.30419203639030457
0.25474342703819275
0.41486257314682007
0.3904910087585449
0.2647729516029358
0.5987893342971802
1.0448395013809204
0.4178074300289154
0.4752587378025055
0.4258655905723572
0.9406203031539917
0.7088087797164917
0.33250266313552856
0.6807416677474976
0.2670888304710388
0.4357747435569763
0.542352557182312
0.31282293796539307
0.9000507593154907
0.26193076372146606
0.4059080481529236
0.2998279333114624
0.22468242049217224
0.31047123670578003
0.45532146096229553
0.23279249668121338
0.3182738721370697
0.2623804211616516
0.3126978278160095
0.9333578944206238
0.2907481789588928
0.5718282461166382
0.3107372224330902
0.16443344950675964
0.30453455448150635
0.2807919383049011
0.5414963960647583
0.45560336112976074
0.3809967041015625
0.5279213786125183
0.33328554034233093
0.4714394509792328
0.35988834500312805
0.7888610363006592
0.3823252320289612
0.6592682600021362
0.7176063656806946
0.3599475026130676
0.15833540260791779
0.38959893584251404
0.6195470094680786
0.4378693997859955
0.282755583524704
0.5736638307571411
0.3808354139328003
0.3166460394859314
0.5210883617401123
0.24841222167015076
0.5662693381309509
0.6269354224205017
0.37977156043052673
0.3324355483055115
0.33115673065185547
0.187869593501091
0.6325722932815552
0.6627750992774963
0.288497656583786
0.5137781500816345
0.4197119176387787
0.5615501999855042
0.18320779502391815
0.21130438148975372
0.43144387006759644
0.32094523310661316
1.308080792427063
0.5335641503334045
0.4483981728553772
0.3979947566986084
0.32944387197494507
0.7767794132232666
0.44355708360671997
0.4285542964935303
0.511644721031189
0.21061554551124573
0.30656400322914124
0.7056388854980469
0.6675938963890076
0.30659985542297363
0.24299433827400208
0.3867260813713074
0.7612454295158386
0.611686110496521
0.4943515360355377
0.33063629269599915
0.3704630136489868
0.4073958396911621
0.45870548486709595
0.3678782880306244
0.49355632066726685
0.3529447019100189
0.24716457724571228
0.6429881453514099
0.42295247316360474
0.56336909532547
0.10356303304433823
0.6431798934936523
0.7033265829086304
0.5437844395637512
0.9332829713821411
0.495633989572525
0.3005788028240204
0.4729922413825989
0.47635000944137573
0.2782633900642395
0.1692928522825241
0.5474298596382141
0.3667674660682678
0.21716594696044922
0.4990617632865906
0.22640082240104675
0.40205255150794983
0.41801995038986206
0.6098254919052124
0.7589565515518188
0.3469884991645813
0.43080049753189087
0.3717552125453949
0.362615168094635
0.1716209501028061
0.6707940697669983
0.4467851221561432
0.7272602915763855
0.32836729288101196
0.19914443790912628
0.3008336126804352
0.19966140389442444
0.12748366594314575
0.3042769134044647
0.2561998963356018
0.2012186348438263
0.2945559620857239
0.18207989633083344
0.4886067509651184
0.2884385287761688
0.49847450852394104
0.39283713698387146
0.3423011302947998
0.7278580069541931
0.4508953094482422
0.3511222004890442
0.5482191443443298
0.16105841100215912
0.438211590051651
0.36050012707710266
0.5300691723823547
0.43246278166770935
0.19416579604148865
0.3561467230319977
0.540951132774353
0.29792460799217224
0.4817146360874176
0.10319916903972626
0.4090663492679596
0.7610339522361755
0.2563881278038025
0.5174514055252075
0.644641637802124
0.2135048359632492
0.5124597549438477
0.4371678829193115
0.2348625659942627
0.23265457153320312
0.42477577924728394
0.35300925374031067
0.3337763249874115
0.30165597796440125
0.7055171728134155
0.44181743264198303
0.3468819260597229
0.2854343354701996
0.3276200294494629
0.2848474979400635
0.4171799123287201
0.5850109457969666
0.21694377064704895
0.4278773367404938
0.0917922630906105
0.5402446985244751
0.8380725979804993
0.3242826759815216
0.2682351768016815
0.26590457558631897
0.3004717230796814
0.18864509463310242
0.38779592514038086
0.2924581468105316
0.46860378980636597
0.35851436853408813
0.35631895065307617
0.3629269003868103
0.4483817219734192
0.13339941203594208
0.4703848361968994
0.4905782639980316
0.36227601766586304
0.38301607966423035
0.5801888704299927
0.28329408168792725
0.6981300115585327
0.32960838079452515
0.5776003003120422
0.33629554510116577
0.47963136434555054
0.13670219480991364
0.3732365369796753
0.5995643138885498
0.6264863610267639
0.3797025978565216
0.08150666207075119
0.25183016061782837
0.30035197734832764
0.23935607075691223
0.46514764428138733
0.8196026682853699
0.3871893286705017
0.1152312159538269
0.45996060967445374
0.26572519540786743
0.34567102789878845
0.6985835433006287
0.33633890748023987
0.32514721155166626
0.40756750106811523
0.3010893166065216
0.8010454177856445
0.5102761387825012
0.35375940799713135
0.4695804715156555
0.9062802195549011
0.7109276056289673
0.2785107493400574
0.9626844525337219
0.1416422724723816
0.16456809639930725
0.4571506381034851
0.3562045693397522
0.3823375105857849
0.20355963706970215
0.4144725799560547
0.06988619267940521
0.4909393787384033
0.259663462638855
0.20851926505565643
0.2892380356788635
0.4082205891609192
0.32387861609458923
0.6104881763458252
0.10316723585128784
0.34301820397377014
0.20781545341014862
0.44958680868148804
0.5454035401344299
0.3371438980102539
0.39512044191360474
0.08112872391939163
0.4306904673576355
0.3698605000972748
0.28759458661079407
0.8238909840583801
0.23281362652778625
0.4681996703147888
0.19125403463840485
0.28811120986938477
0.11013875156641006
0.5168974995613098
0.4392337203025818
0.3814161717891693
0.3429703414440155
0.1348039209842682
0.35917535424232483
0.40123239159584045
0.476383775472641
0.5245461463928223
0.29629114270210266
0.20566678047180176
0.785091757774353
0.5451868772506714
0.3754592537879944
0.2764846980571747
0.2298215627670288
1.1054904460906982
0.41448792815208435
0.38410013914108276
0.3154979646205902
0.29922813177108765
0.2582325339317322
0.45936131477355957
0.6968994140625
0.6391329169273376
0.32600730657577515
0.25743550062179565
0.8147634267807007
0.4578145444393158
0.8113689422607422
0.39459124207496643
0.5032846331596375
0.17093272507190704
0.3993833661079407
0.3204578757286072
0.3024017810821533
0.5033997297286987
0.45304861664772034
0.20467230677604675
0.47069039940834045
0.37013182044029236
0.3256719708442688
0.40415462851524353
0.1903538703918457
0.7533466219902039
0.7368006110191345
0.20204004645347595
0.30119210481643677
0.2718949317932129
0.3287276327610016
0.308248907327652
0.5490049719810486
0.26439961791038513
0.37790706753730774
0.16435319185256958
0.4857052266597748
0.20565450191497803
0.3926123082637787
0.34750863909721375
0.3338250517845154
0.17069374024868011
0.3455905020236969
0.25342217087745667
0.16053399443626404
0.42954373359680176
0.4233187735080719
0.6574205160140991
0.2751637399196625
0.14384041726589203
0.46520280838012695
0.27940094470977783
1.15411376953125
0.45438843965530396
0.5664747953414917
0.23444131016731262
0.3240504860877991
0.42603111267089844
0.1844499558210373
0.27206602692604065
0.41528695821762085
0.4815343916416168
0.43171340227127075
0.29001763463020325
0.39417511224746704
0.498892605304718
0.8031546473503113
0.16563335061073303
0.15823206305503845
0.6290698647499084
0.3939691483974457
0.8873656988143921
0.49144798517227173
0.525471568107605
0.11709393560886383
0.777993381023407
0.25667378306388855
0.22338834404945374
0.3010947108268738
0.0553102008998394
0.3030180335044861
0.17123354971408844
0.38798317313194275
0.40839093923568726
0.19504226744174957
0.3323281407356262
0.48040491342544556
0.39473235607147217
0.33938953280448914
0.2521996796131134
0.2300957888364792
0.3415908217430115
0.16032133996486664
0.24793832004070282
0.23665621876716614
0.1395867019891739
0.8416390419006348
0.4898748993873596
0.831636905670166
0.3827557861804962
0.23594693839550018
0.5107650756835938
0.6804718971252441
0.7225543260574341
0.35357674956321716
0.752029538154602
0.17347463965415955
0.22235369682312012
0.35560572147369385
0.39100882411003113
0.10159283876419067
0.32841140031814575
0.3938257098197937
0.5494850873947144
0.3905172646045685
0.8638625144958496
0.3416164517402649
0.3990156650543213
0.483590304851532
0.6306006908416748
0.48455610871315
0.2101227045059204
0.5918906331062317
0.39348793029785156
0.11290954053401947
0.23581692576408386
0.35303014516830444
0.3884647786617279
0.4630652070045471
0.24945004284381866
0.25823402404785156
0.8336947560310364
0.25897908210754395
0.4215618968009949
0.5050429105758667
0.3175419569015503
0.41493478417396545
0.8310912847518921
0.2791151702404022
0.40452513098716736
0.22803544998168945
0.6743025779724121
0.5039933919906616
0.8558025360107422
0.4269828796386719
0.6499601602554321
0.2313971072435379
0.34689584374427795
0.7662510871887207
0.2413977086544037
0.2859509587287903
0.7424278855323792
0.3162599503993988
0.46726083755493164
0.322226345539093
0.4647520184516907
0.7370771765708923
0.3800294101238251
0.3557632565498352
0.19310668110847473
0.5617087483406067
0.3416287302970886
0.6661995053291321
0.10624554008245468
0.41613784432411194
0.29440930485725403
0.13254781067371368
0.35632702708244324
0.3608306348323822
0.3159250319004059
0.5256639719009399
0.2577100396156311
0.30144625902175903
0.3214283585548401
0.24144282937049866
0.15776364505290985
0.47519391775131226
0.6794394254684448
0.22698959708213806
0.5838608145713806
0.5291373133659363
0.5792795419692993
0.2304953783750534
0.3508703112602234
0.5087820887565613
0.17860594391822815
0.5349398851394653
0.10577680915594101
0.4599941670894623
0.20620425045490265
0.39086803793907166
0.4530735909938812
0.4092562794685364
0.36434027552604675
0.4344480633735657
0.27380552887916565
0.5638299584388733
0.5829189419746399
0.4612642228603363
0.5090909600257874
0.5152243375778198
0.5540093183517456
0.18724247813224792
0.4632270336151123
0.44782739877700806
0.092169851064682
1.0016134977340698
0.389919638633728
0.8295235633850098
0.22959212958812714
0.32251274585723877
0.46088355779647827
0.2641558051109314
0.3699495196342468
0.09806366264820099
0.43046051263809204
0.5518914461135864
0.3058948516845703
0.5879711508750916
0.3956190049648285
0.38577327132225037
0.39685359597206116
0.27172860503196716
0.518940806388855
0.23233802616596222
0.41473388671875
0.5048105716705322
0.6637617349624634
0.5769535303115845
0.1820271909236908
0.4023943841457367
0.37910985946655273
0.44201499223709106
0.48964399099349976
0.32304805517196655
0.7260768413543701
0.41123294830322266
0.3859550356864929
0.3640170097351074
0.32288017868995667
0.17082640528678894
0.4003385603427887
0.43170446157455444
0.3952801823616028
0.4019559323787689
0.18310168385505676
0.4822360873222351
0.37989598512649536
0.5310033559799194
0.5712993741035461
0.5372086763381958
0.42104530334472656
0.30891528725624084
0.31612443923950195
0.45071935653686523
0.3314365744590759
0.5693833827972412
0.6617749929428101
0.346873939037323
0.3040929436683655
0.2400788515806198
0.13141919672489166
0.4025738835334778
0.5975942015647888
0.6438076496124268
0.49788039922714233
0.5651758909225464
0.7032300233840942
0.6661661863327026
0.3173038959503174
0.343583345413208
0.4020218253135681
0.2955798804759979
0.1490713655948639
0.3226930499076843
0.30074062943458557
0.23576414585113525
0.30754759907722473
0.2714955806732178
0.3812994360923767
0.5579572916030884
0.3408966660499573
0.9602386355400085
0.7023137807846069
0.9539798498153687
0.43644094467163086
0.31294921040534973
0.3187918961048126
0.20653614401817322
0.70212322473526
0.22881218791007996
0.4803834855556488
0.7244666218757629
0.03555978462100029
0.2764942944049835
0.439126580953598
0.5235766172409058
0.20319430530071259
0.4387024939060211
0.43818360567092896
0.29825955629348755
0.3402349352836609
0.21098825335502625
0.46552592515945435
0.24138319492340088
0.32345980405807495
0.32770371437072754
0.3049212098121643
0.4623952805995941
0.3497869372367859
0.37264496088027954
0.2601998746395111
0.24478010833263397
0.530867874622345
0.0937027558684349
0.23063933849334717
0.17323556542396545
0.2715708613395691
0.23845870792865753
0.4620078504085541
0.11437562853097916
0.1578705757856369
0.22455577552318573
0.4724389612674713
0.12721943855285645
0.4304177165031433
0.32068759202957153
0.2923218607902527
0.37615257501602173
0.3061482012271881
0.17840297520160675
0.16433358192443848
0.5078126192092896
0.5873984098434448
0.33550164103507996
0.33239975571632385
0.4951377809047699
0.10173089802265167
0.302345335483551
0.4151112139225006
0.6578503847122192
0.610109269618988
0.3453962206840515
0.523102879524231
0.7255204319953918
0.43831881880760193
0.4194337725639343
0.38600313663482666
0.4085000455379486
0.5583350658416748
0.7092470526695251
0.4171909689903259
0.5574436783790588
0.2529565989971161
0.6934786438941956
0.6271460056304932
0.5858075022697449
0.32042890787124634
0.9097579717636108
0.5820523500442505
0.6926482915878296
0.162688210606575
0.44852977991104126
0.5512422323226929
0.16540929675102234
0.44756922125816345
0.3886324167251587
0.6486076712608337
0.24694335460662842
0.3796777129173279
0.3641263246536255
0.370061457157135
0.6355029940605164
0.3853653073310852
0.2265896499156952
0.4212717115879059
0.7254611849784851
0.292465478181839
0.149091437458992
0.4764157831668854
0.3370813727378845
0.40405312180519104
0.2224418669939041
0.4100736975669861
0.41714566946029663
0.3994840085506439
0.26575198769569397
0.41710638999938965
0.4003368020057678
0.11209231615066528
0.5756509900093079
0.5070544481277466
0.633184552192688
0.3519607186317444
0.41710036993026733
0.30110758543014526
0.48414093255996704
0.30235081911087036
0.3784761428833008
0.44593897461891174
0.39611393213272095
0.7931252717971802
0.37342363595962524
0.28523892164230347
0.21306510269641876
0.5391972064971924
0.27638745307922363
0.3573814034461975
0.20891602337360382
0.4397119879722595
0.5683913826942444
0.469094842672348
0.6375958919525146
0.18350470066070557
0.37353000044822693
0.12758588790893555
0.23731574416160583
0.39093202352523804
0.40623021125793457
0.6869231462478638
0.3160317540168762
0.5250651836395264
0.15737077593803406
0.39830899238586426
0.42758217453956604
0.28910019993782043
0.23565033078193665
0.22131328284740448
0.5223549604415894
0.3189935088157654
0.35376524925231934
0.4070974886417389
0.5519724488258362
0.10179221630096436
0.28775233030319214
0.4804539680480957
0.47468310594558716
0.5116214156150818
0.5096615552902222
0.45328468084335327
0.25473108887672424
0.16884592175483704
0.4720144271850586
0.363517165184021
0.19889989495277405
0.3924768567085266
0.3439815640449524
0.44212231040000916
0.5991917848587036
0.4388180673122406
0.32650792598724365
0.22681975364685059
0.39516445994377136
0.7959285974502563
0.22156092524528503
0.413815438747406
0.43439406156539917
0.24611404538154602
0.3632052540779114
0.5114812254905701
0.34749045968055725
0.40945082902908325
0.29594019055366516
0.43311816453933716
0.4698267877101898
0.18935397267341614
0.3193352222442627
0.2051420509815216
0.7926791906356812
0.3845703601837158
0.32847267389297485
0.7334370613098145
0.842008113861084
0.23339657485485077
0.302408903837204
0.5376971364021301
0.5726481080055237
0.3507501482963562
0.37601369619369507
0.14061978459358215
0.25335463881492615
0.45034608244895935
0.5873591303825378
0.4142587184906006
0.6240544319152832
0.25380435585975647
0.44843024015426636
0.4256969094276428
0.4065973162651062
0.3655087351799011
0.38358601927757263
0.34492582082748413
0.30082204937934875
0.17975381016731262
0.6464279294013977
0.4609449505805969
0.2873310446739197
0.3946775794029236
0.33903318643569946
0.4899257719516754
0.5493232011795044
0.40735340118408203
0.40681129693984985
0.4095289707183838
0.6188506484031677
0.3942142724990845
0.18920458853244781
0.3773804008960724
0.47037848830223083
0.23094871640205383
0.45560145378112793
0.11079992353916168
0.5963064432144165
0.4823751449584961
0.6354696154594421
0.34389686584472656
0.5721810460090637
0.4775271415710449
0.38255757093429565
0.3381979167461395
0.5159929394721985
0.19133539497852325
0.40426701307296753
0.4910692572593689
0.31963399052619934
0.3949652910232544
0.4335828721523285
0.5007525682449341
0.3419889807701111
0.2678793966770172
0.25362429022789
0.8492836952209473
0.7007718682289124
1.1372960805892944
0.4974142014980316
0.24757631123065948
0.7354028224945068
0.24459484219551086
0.4248766303062439
0.5139253735542297
0.1814986765384674
0.5534099340438843
0.34593528509140015
0.39650458097457886
0.3229615390300751
0.24702639877796173
0.3084545135498047
0.19976764917373657
0.4332677721977234
0.5097109079360962
0.13293711841106415
0.6463375687599182
0.09037864953279495
0.32384756207466125
0.13205236196517944
0.24294468760490417
0.6850399971008301
0.35547152161598206
0.3287563920021057
0.4621589183807373
0.7200857400894165
0.2557639181613922
0.5522904992103577
0.3467963635921478
0.5427507162094116
0.569372296333313
0.3846823573112488
0.32783448696136475
0.43787288665771484
0.45535415410995483
0.5304191708564758
0.28228235244750977
0.2132587432861328
0.2542249858379364
0.5777686238288879
0.29378339648246765
1.1395576000213623
0.4718533456325531
0.5339878797531128
0.40852388739585876
0.7530387043952942
0.4420228898525238
0.14751821756362915
0.45949921011924744
0.174082949757576
0.320620596408844
0.20365425944328308
0.5109712481498718
0.26561275124549866
0.29079389572143555
0.30818256735801697
0.1424604207277298
0.39517250657081604
0.4013102948665619
0.12543249130249023
0.2737848162651062
0.11587007343769073
0.41562995314598083
0.691178560256958
0.35002174973487854
0.6407220959663391
0.44971632957458496
0.437915563583374
0.41073647141456604
0.27967286109924316
0.2866339087486267
0.47741350531578064
0.28338509798049927
0.4098644256591797
0.4843173027038574
0.4480891227722168
0.5673116445541382
0.18725892901420593
0.15135344862937927
0.3718928098678589
0.8021726608276367
0.25460222363471985
0.17651447653770447
0.48985180258750916
0.2480088770389557
0.6174041032791138
0.3722109794616699
0.32640165090560913
0.6223107576370239
0.28385424613952637
0.3443065881729126
0.7788428068161011
0.16215892136096954
0.5510795712471008
0.2971404194831848
0.21192562580108643
0.5999893546104431
0.28446003794670105
0.30426615476608276
0.7520530223846436
0.12836255133152008
0.16449527442455292
0.14987589418888092
0.25179433822631836
0.8303483724594116
0.5837580561637878
0.20716722309589386
0.19168977439403534
0.3042859435081482
0.3713015913963318
0.777100682258606
0.36934715509414673
0.31263837218284607
0.15877462923526764
0.23435337841510773
0.6332882046699524
0.29466545581817627
0.3739391267299652
0.44392237067222595
0.15362751483917236
0.2417393922805786
0.615935206413269
0.45402464270591736
0.5088744759559631
0.6301371455192566
0.5630890727043152
0.41889041662216187
0.08412310481071472
0.17527809739112854
0.9040372967720032
0.48087605834007263
0.34170934557914734
0.6300742030143738
0.3943406045436859
0.1535947173833847
0.33858340978622437
0.5698615312576294
0.4133334159851074
0.36105796694755554
0.23380200564861298
0.6943346261978149
0.24119827151298523
0.38458308577537537
0.17470000684261322
0.666720986366272
0.7310827970504761
0.8163027763366699
0.6896156072616577
0.1909283846616745
0.2701108157634735
0.25233930349349976
0.27456119656562805
0.3504812717437744
0.4553798735141754
0.23073601722717285
0.4112968444824219
0.40465983748435974
0.3607766032218933
0.18641693890094757
0.7033006548881531
0.7079709768295288
0.25364407896995544
0.7385085225105286
0.39089590311050415
0.4417477548122406
0.34099680185317993
0.3152046203613281
1.0600306987762451
0.2529565691947937
0.33221176266670227
0.4485686421394348
0.38442569971084595
0.5914746522903442
0.5495846271514893
0.4754023551940918
0.33001819252967834
0.5699149370193481
0.4042591154575348
0.32781022787094116
0.25656187534332275
0.12297134101390839
0.5469549894332886
0.38491135835647583
0.36059895157814026
0.2461012899875641
0.6208476424217224
0.21972712874412537
0.2928836941719055
0.3404698967933655
0.6900497674942017
0.6752369403839111
0.19479702413082123
0.39988166093826294
0.39502137899398804
0.18331021070480347
0.20965227484703064
0.4513813853263855
0.46250590682029724
0.17816972732543945
0.3716147840023041
0.28970637917518616
0.33369073271751404
0.2251792848110199
0.24731476604938507
0.24054181575775146
0.2561221718788147
0.277250736951828
0.26926174759864807
0.8132065534591675
0.6906991004943848
0.21330420672893524
0.25339391827583313
0.3923371732234955
0.3421873450279236
0.5292244553565979
0.32861632108688354
0.4442935585975647
0.21526384353637695
0.1928587257862091
0.14060577750205994
0.7702722549438477
0.577607274055481
0.6634953022003174
0.5257362723350525
0.43246570229530334
0.4537443220615387
0.4382480978965759
0.3793405592441559
0.24746017158031464
0.6487146019935608
0.4203573167324066
0.5663037300109863
0.6370822191238403
0.6406866312026978
0.5977073907852173
0.3187395930290222
0.388950377702713
0.3317468464374542
0.21759898960590363
0.3247576951980591
0.3993256688117981
0.3461618721485138
0.38998112082481384
0.2775349020957947
0.40137308835983276
0.19375759363174438
0.2436763495206833
0.5705248117446899
0.359994113445282
0.5794092416763306
0.4739569127559662
0.39012226462364197
0.39273208379745483
0.3107183873653412
0.4516542851924896
0.5186353921890259
0.5251376628875732
0.2719084322452545
0.77217036485672
0.41388997435569763
0.41402608156204224
0.6281230449676514
0.36447957158088684
0.5111808180809021
0.2684307396411896
0.19240905344486237
0.5498630404472351
0.33877187967300415
0.5578069686889648
0.5444902181625366
0.4144483208656311
0.22450068593025208
0.23161587119102478
0.18558767437934875
0.649100124835968
0.39758557081222534
0.5678508877754211
0.37143442034721375
0.21377265453338623
0.5352299809455872
0.18225984275341034
0.2667993903160095
0.3545934557914734
0.5152702331542969
0.30125436186790466
0.15022334456443787
0.2855285406112671
0.6673918962478638
0.2909044027328491
0.5391749143600464
0.5791860818862915
0.24492058157920837
0.37125521898269653
0.5846397280693054
0.364998996257782
0.9851700663566589
0.448941171169281
0.36507096886634827
0.233119934797287
0.3735942244529724
0.44603481888771057
0.8851950764656067
0.4788431227207184
0.31274279952049255
0.34172162413597107
0.27012595534324646
0.5925898551940918
0.30809733271598816
0.33627742528915405
0.6392632126808167
0.3253993093967438
0.0589861199259758
0.4102497100830078
0.14836663007736206
0.6083210110664368
0.1873374879360199
0.5973765254020691
0.43930983543395996
0.3541807532310486
0.16347374022006989
0.9070738554000854
0.24117283523082733
0.2999368906021118
0.3087154030799866
0.5966162085533142
0.34701138734817505
0.6702250242233276
0.30640798807144165
0.22411580383777618
0.5615817308425903
0.24065852165222168
0.5891849398612976
0.3651847243309021
0.27364835143089294
0.40952715277671814
0.25730234384536743
0.43786096572875977
0.3712989091873169
0.5325855016708374
0.588762104511261
0.3566852807998657
0.3775096535682678
0.2331569939851761
0.33887237310409546
0.31338727474212646
0.10300111770629883
0.23796090483665466
0.3416557312011719
0.449650377035141
0.4850158095359802
0.48773854970932007
0.42658233642578125
0.17893736064434052
0.4987470209598541
0.9815114140510559
0.30469852685928345
0.17977172136306763
0.256248414516449
0.36286887526512146
0.2967459559440613
0.37270811200141907
0.25328463315963745
0.4070962071418762
0.3585989475250244
0.2815993130207062
0.44699162244796753
0.4377775192260742
0.5088871717453003
0.4119800925254822
0.20725567638874054
0.05202707648277283
0.9469045400619507
0.3937082886695862
0.259240984916687
0.39310261607170105
0.26858577132225037
0.27609872817993164
0.5717004537582397
0.5132802128791809
0.727988600730896
0.3008202910423279
0.5569221377372742
0.8426235318183899
0.8409744501113892
0.19348867237567902
0.34390538930892944
0.08997660130262375
0.7618796229362488
0.24146895110607147
0.7459641695022583
0.9112055897712708
0.4218671917915344
0.6183983683586121
0.8513903617858887
0.4776199758052826
0.5330168008804321
0.4436880648136139
0.2916526794433594
0.39854320883750916
0.17384374141693115
0.657346785068512
0.40462103486061096
0.17672918736934662
0.16496828198432922
0.2839208245277405
0.512696385383606
0.26558417081832886
0.4083089828491211
0.31368985772132874
0.726656973361969
0.529477059841156
0.14427652955055237
0.39902493357658386
0.5880690813064575
0.389456182718277
0.7249444127082825
0.23627901077270508
0.47764816880226135
0.6648556590080261
0.4884073734283447
0.35043156147003174
0.6261851191520691
0.6559489965438843
0.506392776966095
0.3782447874546051
0.5464454293251038
0.46603184938430786
0.1997266709804535
0.3962987959384918
0.9273627996444702
0.1469954550266266
0.4835696816444397
0.23796646296977997
0.42465758323669434
0.3417375087738037
0.8770509958267212
0.7707914113998413
0.49515169858932495
0.21221375465393066
0.29276639223098755
0.3915524482727051
0.38929134607315063
0.3007832169532776
0.6260164976119995
0.3980042040348053
0.22989456355571747
0.4216119647026062
0.45573538541793823
0.3805469572544098
0.5567016005516052
0.27204981446266174
0.2685650885105133
0.5884088277816772
1.0543946027755737
0.12134071439504623
0.5325225591659546
0.4834960103034973
0.3275826573371887
0.41626137495040894
0.36144059896469116
0.3500155210494995
0.3313129246234894
0.5906518697738647
0.4888952374458313
0.11771446466445923
1.0945565700531006
0.5092478394508362
0.6289505362510681
0.14819777011871338
0.1717696487903595
0.375901997089386
0.4589715898036957
0.783356785774231
0.4570109248161316
0.47454532980918884
0.38026922941207886
0.8404232859611511
0.28277018666267395
0.875435471534729
0.247219517827034
0.41365838050842285
0.4366374611854553
0.2834213972091675
0.3400600850582123
0.40138354897499084
0.0678117647767067
0.1754290759563446
0.6939956545829773
0.1977415829896927
0.28256696462631226
0.3911091387271881
0.45513731241226196
0.3987378478050232
0.22351038455963135
0.14141282439231873
0.6128526926040649
0.5162845253944397
0.36434584856033325
0.4326659142971039
0.21072158217430115
0.48150405287742615
0.19330886006355286
0.395912230014801
0.9397332072257996
0.3726561367511749
0.41292625665664673
0.7312486171722412
0.6794630885124207
0.3681916892528534
0.5988172292709351
0.2833256423473358
0.5220683813095093
0.2617802619934082
0.25679969787597656
0.36074763536453247
0.6061031818389893
0.8559999465942383
0.406174898147583
0.2514215111732483
0.6770330667495728
0.2540740370750427
0.31556469202041626
0.300201416015625
0.2148292064666748
0.6888346076011658
0.6068927049636841
0.3676304817199707
0.5562050342559814
0.18643367290496826
0.5031153559684753
0.28786206245422363
0.7112815380096436
0.31660717725753784
0.18750005960464478
0.27679476141929626
0.1689380556344986
0.0848354771733284
0.31417831778526306
0.6761269569396973
0.12167616933584213
0.20723092555999756
0.38572388887405396
0.46260005235671997
0.7231869101524353
0.36519575119018555
0.7269296050071716
0.3967047333717346
0.2824031412601471
0.5148090720176697
0.4047660231590271
0.4270285665988922
0.5558933019638062
0.5680213570594788
0.14088305830955505
0.5780951380729675
0.30220937728881836
0.4787279963493347
0.2761442959308624
0.6241392493247986
0.3615836501121521
0.5438451766967773
0.6344003677368164
0.4511626362800598
0.3345184028148651
0.34517693519592285
0.5125740170478821
0.26791709661483765
0.36393067240715027
0.5371009707450867
0.43972834944725037
0.3943665623664856
0.22093915939331055
0.25407692790031433
0.46097034215927124
0.7103416323661804
0.28244954347610474
0.18236640095710754
0.7039340734481812
0.15532533824443817
0.40467849373817444
0.845199465751648
0.3360019326210022
0.3407171368598938
0.3612636923789978
0.2649102807044983
0.4208540916442871
0.35213062167167664
0.5906152129173279
0.41837406158447266
0.3262467384338379
0.3441597819328308
0.4940264821052551
0.3285830020904541
0.5466102957725525
0.6153570413589478
0.44431376457214355
0.185787171125412
0.25065308809280396
0.6012870073318481
0.13828757405281067
0.2757123112678528
0.5108422040939331
0.2634795606136322
0.3589068651199341
0.671381413936615
0.34435999393463135
0.4177776873111725
0.21524783968925476
0.45251622796058655
0.2674950063228607
0.2928430438041687
0.43498778343200684
0.2723380923271179
0.42635756731033325
0.1526658833026886
0.5143522024154663
0.36118558049201965
0.5986377000808716
0.1533532589673996
0.5351296663284302
0.6887243986129761
0.32609808444976807
0.6167407035827637
0.34738603234291077
0.505036473274231
0.7557256817817688
0.3879055380821228
0.285458505153656
0.4218335747718811
0.14932279288768768
0.20922422409057617
0.3356472849845886
0.3675733804702759
0.4713002145290375
0.4137670397758484
0.19383922219276428
0.30294689536094666
0.22213467955589294
0.3547707796096802
0.2142009288072586
0.5288341641426086
0.5468908548355103
0.46992936730384827
0.3989419937133789
0.2980513274669647
0.7318043112754822
0.40222272276878357
0.3024042248725891
0.4428248405456543
0.055590152740478516
0.5391996502876282
0.22182241082191467
0.2979579269886017
0.7847414612770081
0.26694175601005554
0.2509440779685974
0.4162122309207916
0.5032410621643066
0.6021400690078735
0.5853738188743591
0.4066259264945984
0.6808724403381348
0.717857837677002
0.22830060124397278
0.3979138731956482
0.340641051530838
0.681800365447998
0.7684000730514526
0.2700123190879822
0.24943538010120392
0.33248162269592285
0.7970180511474609
0.4741598963737488
0.2264392077922821
0.06448226422071457
0.4128416180610657
0.22677472233772278
0.301472008228302
0.8704158663749695
0.5375931262969971
0.4298625588417053
1.2546887397766113
0.6642600297927856
0.11211629956960678
0.39004266262054443
0.1660248041152954
0.31764131784439087
0.42732366919517517
0.6197079420089722
0.10569344460964203
0.19688135385513306
0.6403788328170776
0.4000323414802551
0.3964553475379944
0.2563025951385498
0.4901426434516907
0.47684669494628906
0.31685250997543335
0.2698546051979065
0.26102039217948914
0.9314863085746765
0.422018826007843
0.46551719307899475
0.38836151361465454
0.2574317455291748
0.730600118637085
0.3800954520702362
0.20276060700416565
0.31663861870765686
0.32938528060913086
0.20701006054878235
0.6301218271255493
0.48659706115722656
0.46876850724220276
0.53020179271698
0.46913594007492065
0.3288080096244812
0.4820173680782318
0.39572131633758545
0.2937820553779602
0.5874307751655579
0.621601939201355
0.29087480902671814
0.2876632809638977
0.37606266140937805
0.543702244758606
0.19381986558437347
0.5218673944473267
0.23318585753440857
0.5560774207115173
0.4017617106437683
0.33660730719566345
0.5886072516441345
0.455369234085083
0.32551315426826477
0.39961621165275574
0.2842849791049957
0.5591014623641968
0.7396167516708374
0.10881029069423676
0.5645638704299927
0.17469802498817444
0.3892197608947754
0.28164976835250854
0.16792336106300354
0.4009867310523987
0.23912537097930908
0.37802013754844666
0.3283899128437042
0.22167782485485077
0.1427176147699356
0.5569482445716858
0.16594751179218292
0.46574872732162476
0.5094096064567566
1.0059351921081543
0.4787719249725342
0.4376487731933594
0.21157455444335938
0.4645459055900574
0.4911050796508789
0.4298986792564392
0.5971943140029907
0.20300514996051788
0.3719724118709564
0.23191556334495544
0.4353311061859131
0.48859691619873047
0.7054768800735474
0.5121143460273743
0.3739321529865265
0.34543919563293457
0.2351551353931427
0.4225386679172516
0.5929742455482483
0.4817728102207184
0.23900575935840607
0.2291376143693924
0.41860494017601013
0.33804723620414734
0.5925916433334351
0.577299952507019
0.8267793655395508
0.23314324021339417
0.6339572668075562
0.4064572751522064
0.34012535214424133
0.20407438278198242
0.09303709119558334
0.5361611843109131
0.2913425862789154
0.3590574860572815
0.4033493101596832
0.5481294393539429
0.45773807168006897
0.7816280126571655
0.06412112712860107
0.3292000889778137
0.3981561064720154
0.16899797320365906
0.3328861594200134
0.6261790990829468
0.4324510991573334
0.41311317682266235
0.1629416048526764
0.1121973991394043
0.19575315713882446
0.3061780631542206
0.22542770206928253
0.44488173723220825
0.26115095615386963
0.24790656566619873
0.27659350633621216
0.33995258808135986
0.4669550359249115
0.2846115231513977
0.28312039375305176
0.2587933838367462
0.3008003532886505
0.2908042073249817
0.42851680517196655
0.4752122759819031
0.2505350112915039
0.5058590769767761
0.7224568724632263
0.4717092514038086
0.25691452622413635
0.19862155616283417
0.9416484832763672
0.33977368474006653
0.7141216397285461
0.48552998900413513
0.3583349585533142
0.3579443097114563
0.3601605296134949
0.3549343943595886
0.44230809807777405
0.2899756133556366
0.26164811849594116
0.2213950902223587
0.30336442589759827
0.5625810027122498
0.7437548041343689
0.4432402551174164
0.34295395016670227
0.315674751996994
0.27867645025253296
0.6101478338241577
0.2173173725605011
0.26271405816078186
0.2338305413722992
0.39670637249946594
0.290223091840744
0.3161991238594055
0.43011611700057983
0.916620135307312
0.3162301182746887
0.3032054007053375
0.4044739603996277
0.4861411154270172
0.22868406772613525
0.16576528549194336
0.6653914451599121
0.33111894130706787
1.2576018571853638
0.49660220742225647
0.5118650197982788
0.3767022490501404
0.5755055546760559
0.15042559802532196
0.2347182333469391
0.35903340578079224
0.48139944672584534
0.19004330039024353
0.6275860071182251
0.6156893968582153
0.1916925013065338
0.2773505449295044
0.3526947796344757
0.25717002153396606
0.25312405824661255
0.3340620696544647
0.2719871401786804
0.18753643333911896
0.5251266360282898
0.1668912023305893
0.1902359575033188
0.4808863699436188
0.503616452217102
0.4054170250892639
0.40800461173057556
0.27611207962036133
0.3510655164718628
0.2645606994628906
0.392338365316391
0.12870362401008606
0.3072406053543091
0.6639134883880615
0.7928522825241089
0.49671506881713867
0.3372728228569031
0.3213920593261719
0.3065592646598816
0.26382771134376526
0.3129705786705017
0.20625384151935577
0.16041725873947144
0.19614019989967346
0.8359357714653015
0.2597847282886505
0.324819952249527
0.4016883969306946
0.6119982004165649
0.5592558979988098
0.20650939643383026
0.5579351186752319
0.3234461843967438
0.35767215490341187
0.03312547504901886
0.5049421787261963
0.6077454686164856
0.24725322425365448
0.2575383484363556
0.38458338379859924
0.47513777017593384
0.2705695629119873
0.4877490997314453
0.16283082962036133
0.36912423372268677
0.17790791392326355
0.5409704446792603
0.6315900683403015
0.3760295510292053
0.7280139327049255
0.30367085337638855
0.5962783694267273
0.7451290488243103
0.49115079641342163
0.27264055609703064
0.18272070586681366
0.4398259222507477
0.16919061541557312
0.5739933252334595
0.36420875787734985
0.1784157156944275
0.22238664329051971
0.6985000371932983
0.1761743724346161
0.30781546235084534
0.4904782772064209
0.461963951587677
0.21780192852020264
0.5684676170349121
0.6452281475067139
0.42621493339538574
0.19795441627502441
0.32634860277175903
0.1720345914363861
0.12466835975646973
0.3205900192260742
0.5237758755683899
0.6013630032539368
0.284217894077301
0.46400341391563416
0.4831787645816803
0.1921343356370926
0.7825215458869934
0.6872826814651489
0.29469072818756104
0.2464819699525833
0.6418403387069702
0.3887145221233368
0.45604825019836426
0.44717198610305786
0.23322764039039612
0.16655342280864716
0.3239681124687195
0.9239127039909363
0.5839256644248962
0.36767905950546265
0.3409886360168457
0.43184977769851685
0.17847514152526855
0.15283402800559998
0.82453852891922
0.24175038933753967
0.2840859293937683
0.5502585172653198
0.18838338553905487
0.26873570680618286
0.2129676789045334
0.6288157105445862
0.5352730751037598
0.39475762844085693
0.41757678985595703
0.2793819308280945
0.5447170734405518
0.37115776538848877
0.35856953263282776
0.3386778235435486
0.3102831542491913
0.42327937483787537
0.19621384143829346
1.1032434701919556
0.4952293932437897
0.3615761697292328
0.14927726984024048
1.0536036491394043
0.09401057660579681
0.3230377435684204
0.5997293591499329
0.21983177959918976
0.5462104082107544
0.40813809633255005
0.21394488215446472
0.58357834815979
0.5047690272331238
0.31804680824279785
0.19174060225486755
0.3578689992427826
0.5963491797447205
0.32500630617141724
0.4197511672973633
0.34008681774139404
0.7799721956253052
0.4729984700679779
0.5042330026626587
0.5229585766792297
1.0048199892044067
0.5308201313018799
0.36400145292282104
0.45549076795578003
0.7797402739524841
0.6630610227584839
0.4949093461036682
0.3491314649581909
0.3279182016849518
0.2331598699092865
0.44390779733657837
0.5712476968765259
0.1847349852323532
0.40036821365356445
0.8492277264595032
0.2922740876674652
0.5642603635787964
0.332245409488678
0.3046838641166687
0.1900283247232437
0.40352997183799744
0.530460774898529
0.2877437472343445
0.17591819167137146
0.3505042791366577
0.3072442412376404
0.35370707511901855
0.5999426245689392
0.46050506830215454
0.6214572191238403
0.4758204519748688
1.0278722047805786
0.39890024065971375
0.2347513884305954
0.5327155590057373
0.5283482074737549
0.2993331551551819
0.4385446012020111
0.23966936767101288
0.5726281404495239
0.18311837315559387
0.2999325394630432
0.44104963541030884
0.12666797637939453
0.07650287449359894
0.44026580452919006
0.29546552896499634
0.28766506910324097
0.1737520396709442
0.3271982669830322
0.5264230966567993
0.15125295519828796
0.23970794677734375
0.17622709274291992
0.30428317189216614
0.6884633898735046
0.5039702653884888
0.22900967299938202
0.4357012212276459
0.6056889295578003
0.1964053362607956
0.15192370116710663
0.7190533876419067
0.6305968761444092
0.8587731122970581
0.1701599359512329
0.49948444962501526
0.4035056531429291
0.2186860293149948
0.500343382358551
0.6271450519561768
0.36240696907043457
0.44158872961997986
0.2631334364414215
0.7432805299758911
0.36344054341316223
0.18318362534046173
0.43295496702194214
0.09620994329452515
0.22691743075847626
0.2659204304218292
0.9160992503166199
0.31874290108680725
0.26964086294174194
0.14986123144626617
0.9643735885620117
0.32574892044067383
0.6400381326675415
0.5393222570419312
0.27201908826828003
0.5424777269363403
0.30019181966781616
0.289216548204422
0.2858528792858124
0.16305479407310486
0.371027410030365
0.466575562953949
0.2702226936817169
0.6080957651138306
0.2616274654865265
0.43912428617477417
0.5082292556762695
0.39642688632011414
0.16609923541545868
0.32300466299057007
0.2604075074195862
0.26672205328941345
0.5430253148078918
0.4863956570625305
0.5531774759292603
0.46809491515159607
0.30621129274368286
0.41801100969314575
0.64268559217453
0.25042733550071716
0.22428007423877716
0.2652297019958496
0.18360552191734314
0.3697303831577301
0.22056646645069122
0.23595909774303436
0.10134823620319366
0.2685789167881012
0.06753667443990707
0.2983529269695282
0.4870074391365051
0.4875757694244385
0.2749939262866974
0.48723140358924866
0.4783441126346588
0.6560573577880859
0.18981128931045532
0.30161136388778687
0.4898781180381775
0.22003528475761414
0.37144389748573303
0.36330705881118774
0.8091468811035156
0.4926173686981201
0.14957299828529358
0.5046294927597046
0.3158746361732483
0.15348662436008453
0.3039783835411072
0.381301611661911
0.6456513404846191
0.43093958497047424
0.6432338953018188
0.20122146606445312
0.2652495205402374
0.446591854095459
0.053420811891555786
0.18880659341812134
0.32963961362838745
0.2567695379257202
0.35802221298217773
0.09803304821252823
0.16484341025352478
0.5118436813354492
0.34887856245040894
0.11249914020299911
0.5936887264251709
0.36884599924087524
0.6310727000236511
0.7483041286468506
0.4834633469581604
0.20431096851825714
0.2518247365951538
0.4195783734321594
0.2753656506538391
0.30381301045417786
0.36345452070236206
0.36362364888191223
0.18689827620983124
0.37455397844314575
0.7278211116790771
0.2351382076740265
0.4106036126613617
0.17772169411182404
0.3068009614944458
0.25146618485450745
0.2838125228881836
0.3312966227531433
0.15433552861213684
0.37482595443725586
0.49585071206092834
0.48507609963417053
0.5075606107711792
0.7164203524589539
0.2528230845928192
0.3196801543235779
0.05194487050175667
0.18879346549510956
0.6613257527351379
0.3281950056552887
0.43540158867836
0.4670562148094177
0.16734382510185242
0.4297347068786621
0.2538612484931946
0.9609516859054565
0.9508943557739258
0.5329796075820923
0.41464272141456604
0.7424730062484741
0.1802772730588913
0.4743877351284027
0.5145899653434753
0.498941034078598
0.18774259090423584
0.8282497525215149
0.30736038088798523
0.2080652266740799
1.679832100868225
0.2917608618736267
0.498220831155777
0.48708176612854004
0.5769585371017456
0.36922261118888855
0.23324505984783173
0.35947084426879883
0.3209899067878723
0.19068773090839386
0.684362530708313
0.6485264897346497
0.5129437446594238
0.38553956151008606
0.6070497632026672
0.6700469851493835
0.8799012899398804
0.29792776703834534
0.6023780107498169
0.2231682538986206
0.3663470447063446
0.5484614968299866
0.46097952127456665
0.20088644325733185
0.13215085864067078
0.38525325059890747
0.36266177892684937
0.36028116941452026
0.17357763648033142
0.26869529485702515
0.47069329023361206
0.9393331408500671
0.46716395020484924
0.4083908498287201
0.3793366551399231
0.09979545325040817
0.2643234133720398
0.23977844417095184
0.29802876710891724
0.33264607191085815
0.20014536380767822
0.49265986680984497
0.35400739312171936
0.3196203112602234
0.24603350460529327
0.6711372137069702
0.14449509978294373
0.19276584684848785
0.6163082718849182
0.352153480052948
0.3424058258533478
0.4823428988456726
0.3956049382686615
0.858473002910614
0.49039536714553833
0.3335718512535095
0.6263400316238403
0.3227628469467163
0.4756917953491211
0.28310126066207886
0.7347158193588257
0.23765666782855988
0.2766264081001282
0.336413711309433
0.9225430488586426
0.16321870684623718
0.47590646147727966
0.4553808271884918
0.39929628372192383
0.2571013569831848
0.5086953043937683
0.2870132029056549
0.2619078755378723
0.3746490776538849
0.20350050926208496
0.7028201222419739
0.16265875101089478
0.37974706292152405
0.9987276196479797
0.17929880321025848
0.6712228059768677
0.2017793357372284
0.23662611842155457
0.25542718172073364
0.4779701828956604
0.4814460873603821
0.26808419823646545
0.48594504594802856
0.23044471442699432
0.2514196038246155
0.930833637714386
0.2019188106060028
0.26986733078956604
0.6879545450210571
1.0534286499023438
0.4866856634616852
1.0502370595932007
0.4474553167819977
0.32678520679473877
0.4665842652320862
0.5757074356079102
0.3962000012397766
0.4396398067474365
0.2816266417503357
0.45262303948402405
0.257203608751297
0.2665005326271057
0.46449270844459534
0.14741376042366028
0.18294504284858704
0.1295551359653473
0.5664650201797485
0.355441689491272
0.44387397170066833
1.0595589876174927
0.43429034948349
0.8849949836730957
0.2158455103635788
0.23018355667591095
0.2511707544326782
0.6368750333786011
0.23829369246959686
0.7835336923599243
0.1318223923444748
0.5460104942321777
0.2880967855453491
0.8010794520378113
0.40015941858291626
1.3811852931976318
0.37238064408302307
0.32437974214553833
0.4233063757419586
0.5219786763191223
0.4055491089820862
0.39368534088134766
0.6338881254196167
0.4956926703453064
0.3922940790653229
0.500203549861908
0.15115223824977875
1.04268479347229
0.3616097569465637
0.5423449873924255
0.3908053934574127
0.9030073285102844
0.1807510256767273
0.5008116960525513
0.5902934670448303
0.2808660566806793
0.36675184965133667
0.45118340849876404
0.78104168176651
0.29446956515312195
0.5861696004867554
0.28555411100387573
0.38053447008132935
0.3185635805130005
0.31360527873039246
0.3182384669780731
0.12145153433084488
0.8089231252670288
0.33580008149147034
0.4863271713256836
0.5792911052703857
0.2943803369998932
0.4572691023349762
0.6327024102210999
0.4922177195549011
0.18696844577789307
0.6261533498764038
0.18753238022327423
0.176589697599411
0.39778000116348267
0.34260597825050354
0.5606831312179565
0.4229738116264343
0.2398967742919922
0.6457290649414062
0.2259807586669922
0.3011104464530945
0.7504372000694275
0.4124999940395355
0.08926229923963547
0.29441317915916443
0.4556270241737366
0.31424933671951294
0.2624298930168152
0.2970023453235626
0.18635693192481995
0.32495373487472534
0.35101819038391113
0.570923388004303
0.43521514534950256
0.3618389070034027
0.29633694887161255
0.36287713050842285
0.5965195298194885
0.30415859818458557
0.5667937994003296
0.38219112157821655
0.4378466010093689
0.2825259566307068
0.3857440650463104
0.3099149167537689
0.12834438681602478
0.3509747087955475
0.328622967004776
0.6090404391288757
0.684492826461792
0.39966145157814026
0.44514456391334534
0.33577975630760193
0.38795047998428345
0.4362472891807556
0.4807393550872803
0.5254384875297546
0.12285582721233368
0.9164203405380249
0.44375187158584595
0.9319354891777039
0.28348639607429504
0.3645818829536438
0.236526757478714
0.30361396074295044
0.4652988314628601
0.48692137002944946
0.1635919213294983
0.3081130385398865
0.3499869406223297
0.3228519856929779
0.1832296997308731
0.217187762260437
0.237216979265213
0.6952949166297913
0.27923423051834106
0.20083412528038025
0.6022356152534485
0.1805197298526764
0.3222988247871399
0.4618370532989502
0.4669609069824219
0.30405300855636597
0.7239930033683777
0.4193764626979828
0.3376954197883606
0.37747305631637573
0.4394606053829193
0.3648039698600769
0.3950187563896179
0.30046024918556213
0.2161296159029007
0.4171200394630432
0.6788182854652405
0.43106192350387573
0.7000516653060913
0.17110499739646912
0.21300825476646423
0.4729458689689636
0.11873583495616913
0.2571578621864319
0.5244070887565613
0.19804632663726807
0.7244938611984253
0.2536439895629883
0.29384398460388184
0.4253053665161133
0.20128409564495087
0.13563953340053558
0.6691799759864807
0.2651171088218689
0.271722674369812
0.543978750705719
0.619641125202179
0.2360363006591797
0.35796552896499634
0.2924550175666809
0.8092985153198242
0.2055848389863968
0.6821850538253784
0.3516320288181305
0.3673061728477478
0.2579168677330017
0.19918927550315857
0.5772321224212646
0.4438423216342926
0.32215940952301025
0.38325726985931396
0.2509691119194031
0.44620004296302795
0.5663321614265442
0.47475188970565796
0.2806362211704254
0.49169063568115234
0.4058458209037781
0.17200212180614471
0.9690144658088684
0.1351206749677658
0.4405418038368225
0.4940781593322754
0.6631184816360474
0.14781969785690308
0.23088733851909637
0.6431402564048767
0.3911333680152893
0.17612937092781067
0.4697381556034088
0.1924169659614563
0.3436586558818817
0.5983895063400269
0.2675189971923828
0.2992137670516968
0.6928407549858093
0.5898857712745667
0.3650780916213989
0.629962146282196
0.28400227427482605
0.609367847442627
0.17533603310585022
0.9702740907669067
0.487032413482666
0.32534024119377136
0.48691266775131226
0.15000100433826447
0.20570814609527588
0.36311548948287964
0.4083487391471863
0.22786514461040497
0.4316527247428894
0.3207569718360901
0.41266322135925293
0.5506079196929932
0.936699390411377
0.2720172703266144
0.23585939407348633
0.2292996197938919
0.31100594997406006
0.4846877455711365
0.5803030729293823
0.22948810458183289
0.548229992389679
0.4324069023132324
0.42453819513320923
0.12856310606002808
0.6775526404380798
0.26848191022872925
0.15274739265441895
0.30291932821273804
0.328838050365448
0.21953019499778748
0.4883788526058197
0.36695510149002075
0.7469145059585571
0.27800777554512024
0.9687365293502808
0.37286970019340515
0.23137915134429932
0.11946578323841095
0.5332689881324768
0.23121261596679688
0.42603635787963867
0.22389893233776093
0.42260026931762695
0.4486055374145508
0.42306485772132874
0.17209920287132263
0.4401235580444336
0.5657128095626831
0.2160198986530304
0.21765930950641632
0.6756885647773743
0.2508591115474701
0.5388132333755493
0.49512720108032227
0.3973073959350586
0.20544305443763733
0.6006959676742554
0.3263190984725952
0.7430242300033569
0.22385668754577637
0.3844348192214966
0.4228317141532898
0.40466561913490295
0.16769996285438538
0.34440749883651733
0.2968714237213135
0.7311209440231323
0.3767082393169403
0.5642740726470947
0.28118330240249634
0.45442670583724976
0.09899429231882095
0.18868859112262726
0.8131356239318848
0.48647698760032654
0.41826581954956055
0.4609399437904358
0.2522951364517212
0.7963083982467651
0.25964999198913574
0.19855740666389465
0.1959960162639618
0.28009340167045593
0.4411827027797699
0.5805715918540955
0.14931443333625793
0.08686845004558563
0.8401879072189331
0.5473651885986328
0.4846409857273102
0.611615002155304
0.3098883032798767
0.3877084255218506
0.7523321509361267
0.5564031004905701
0.26855745911598206
0.3080298900604248
0.2440413534641266
0.7697266936302185
0.5872395634651184
0.26518186926841736
0.33828070759773254
0.38439178466796875
0.15201136469841003
0.43124327063560486
0.36709651350975037
0.6318997144699097
0.31997525691986084
0.6259692907333374
0.2781948447227478
0.527890145778656
0.2984560430049896
0.5966209769248962
0.362617552280426
0.25774165987968445
0.1521279513835907
0.30727291107177734
0.4572809636592865
0.3808133006095886
0.738702654838562
0.25952717661857605
0.14324352145195007
0.4340015947818756
0.39183729887008667
0.1408858597278595
0.31577450037002563
0.2494388073682785
0.9139992594718933
0.3209655284881592
0.8243257403373718
0.25101757049560547
0.4491376280784607
0.42829686403274536
0.2982586920261383
0.41932806372642517
0.12895719707012177
0.5850570797920227
0.523393988609314
0.5490511655807495
0.23630790412425995
0.35587576031684875
0.29581010341644287
0.8048263788223267
0.4717405438423157
0.3813927471637726
0.2564883232116699
0.2885681688785553
0.5224020481109619
0.3376680910587311
0.14209270477294922
0.14291682839393616
0.30390626192092896
0.7368987798690796
0.37201687693595886
0.30030351877212524
0.16154038906097412
0.5053874254226685
0.7552658319473267
0.4331625998020172
0.5174878835678101
0.14871846139431
0.4109318256378174
0.594281792640686
0.7050451636314392
0.39679989218711853
0.18234512209892273
0.50567227602005
0.3755114674568176
0.13060232996940613
0.3150857985019684
0.1621866077184677
0.5587824583053589
0.31562572717666626
0.1976570039987564
0.3515145182609558
0.3647735118865967
0.31977468729019165
0.3331136405467987
0.472954124212265
0.28076285123825073
0.17603065073490143
0.3738898038864136
0.7328783869743347
0.4647648334503174
0.43026095628738403
0.521353542804718
0.1108153834939003
0.23826274275779724
0.41947323083877563
0.20416848361492157
0.7602689266204834
0.2428974211215973
0.5250627398490906
0.1740746945142746
0.3306216597557068
0.29418322443962097
0.2745340168476105
0.2715471386909485
0.8187616467475891
0.43711376190185547
0.6693729758262634
0.18998026847839355
0.3459722697734833
0.28768283128738403
0.5819397568702698
0.5953119993209839
0.6422249674797058
0.41833382844924927
0.1405852735042572
0.45391860604286194
0.721793532371521
0.23467528820037842
0.4311905801296234
0.40332740545272827
0.3923463225364685
0.5225278735160828
0.2161037027835846
0.27417635917663574
0.44459375739097595
0.17674140632152557
0.5430305004119873
0.5772787928581238
0.21601447463035583
0.4299449324607849
0.3201981782913208
0.20701491832733154
0.4012875556945801
0.2369101345539093
0.2393052577972412
0.32747676968574524
0.5821066498756409
0.7443336248397827
0.6172980070114136
0.2860661447048187
1.2257509231567383
0.25034406781196594
0.21113184094429016
0.22924363613128662
0.9100246429443359
0.9221990704536438
0.656147837638855
0.3832334876060486
0.16306039690971375
0.6205227375030518
0.5657212138175964
0.2158474624156952
0.4011837840080261
0.5983818769454956
0.40626826882362366
0.41686511039733887
0.327035516500473
0.5538199543952942
0.3920822739601135
0.26555514335632324
0.5521284937858582
0.44080764055252075
0.7057374119758606
0.2105659693479538
0.5164497494697571
0.7944992780685425
0.6347882747650146
0.4156099259853363
0.1561201810836792
0.39970850944519043
0.23359790444374084
0.21315662562847137
0.5704218149185181
0.21965789794921875
0.5828534960746765
0.4035972058773041
0.35402944684028625
0.3512727618217468
0.6049221754074097
0.31926748156547546
0.38882386684417725
0.2864048182964325
0.9031127691268921
0.22166743874549866
0.5112892389297485
0.3887198865413666
0.5467036366462708
0.2997211813926697
0.7275264263153076
0.5461899042129517
0.5427951812744141
0.2868655323982239
0.5979430675506592
0.37297648191452026
0.22152379155158997
0.6409701108932495
0.30948442220687866
0.3938913345336914
0.25391697883605957
0.6351538896560669
0.10567812621593475
0.3510657548904419
0.2814621329307556
0.3936828672885895
0.546175479888916
0.6840985417366028
0.2566886246204376
0.3154808580875397
0.385509192943573
0.3705592751502991
0.335304319858551
0.2943113446235657
0.5407615900039673
0.3934919238090515
0.554454505443573
0.45026034116744995
0.33494672179222107
0.5911166071891785
0.27495571970939636
0.41023221611976624
0.539587140083313
0.1961468905210495
0.25135552883148193
0.28984206914901733
0.18741630017757416
0.23027518391609192
0.27401503920555115
0.5756158828735352
0.3415566086769104
0.6721670031547546
0.45629844069480896
0.5252385139465332
0.6487046480178833
0.22412773966789246
0.2970237135887146
0.21212098002433777
0.6066061854362488
0.28214216232299805
0.2658831477165222
0.2161378562450409
0.796698272228241
0.33162540197372437
0.46749526262283325
0.26907843351364136
0.7267180681228638
0.6940089464187622
0.5618690252304077
0.13328219950199127
0.24485564231872559
0.13430088758468628
0.3739452064037323
0.36842459440231323
0.3629978597164154
0.39074769616127014
0.26022499799728394
0.4250742495059967
0.4430665373802185
0.5879334211349487
0.7987688779830933
0.3395707905292511
0.5642971396446228
0.37943214178085327
1.05702805519104
0.16743585467338562
0.25173360109329224
0.8925638198852539
0.16837561130523682
0.1924567073583603
0.6024656295776367
0.332256942987442
0.19956518709659576
0.27887752652168274
0.4620083272457123
0.29023808240890503
0.9827645421028137
0.41118326783180237
0.5305841565132141
0.865761399269104
0.7708033323287964
0.23889616131782532
0.18939080834388733
0.5332101583480835
0.5973633527755737
0.18907371163368225
0.30265748500823975
0.2878848910331726
0.3276141583919525
0.48061496019363403
0.26097363233566284
0.18898993730545044
0.3215445876121521
0.21983623504638672
0.1597762554883957
0.5070993900299072
0.39023005962371826
0.2478160858154297
0.3087250888347626
0.20428118109703064
0.4000948965549469
0.4513924717903137
0.29979074001312256
0.550645112991333
0.09929832071065903
0.15474390983581543
0.4698394238948822
0.21679477393627167
0.4858914911746979
0.399116188287735
0.19466112554073334
0.30896714329719543
0.23131504654884338
0.7483914494514465
0.33557039499282837
0.4310654103755951
0.4409976899623871
0.6073205471038818
0.08089743554592133
0.47349780797958374
0.18914085626602173
0.0685703232884407
0.36507144570350647
0.2861451506614685
0.24250824749469757
0.4891549050807953
0.2438466101884842
0.4983622431755066
0.23990073800086975
0.5065930485725403
0.27410903573036194
0.30988654494285583
0.6211995482444763
0.5570029616355896
0.36571380496025085
0.25961384177207947
0.275348961353302
0.5157454609870911
0.772630512714386
0.4252489507198334
0.6179208159446716
0.3659416735172272
0.22276461124420166
0.4091126322746277
0.1428227722644806
0.13204890489578247
0.3720175325870514
0.4432830810546875
0.48935118317604065
0.35421091318130493
0.24906234443187714
0.2902841866016388
0.4900549352169037
0.2028825581073761
0.5601049661636353
0.11796902120113373
0.23562541604042053
0.3920576274394989
0.4717535972595215
0.20395171642303467
0.23440568149089813
0.1937488168478012
0.18863919377326965
0.5957249402999878
0.1493496298789978
0.2782709300518036
0.39231887459754944
0.7466477751731873
0.3823738694190979
0.2708093225955963
0.3094266653060913
0.5681377649307251
0.4867730736732483
0.23411166667938232
0.32891756296157837
0.27231115102767944
0.24341638386249542
0.17414596676826477
0.6045300364494324
0.5729778409004211
0.09238968044519424
0.33011874556541443
0.41566985845565796
0.27291595935821533
0.9449924230575562
0.3920539915561676
0.9310175180435181
0.5353583097457886
0.18754063546657562
0.27203720808029175
0.1739940196275711
0.29878905415534973
0.2958304286003113
0.34006473422050476
0.6606913805007935
0.46287351846694946
0.2911630868911743
0.2812168002128601
0.39939647912979126
1.0301135778427124
0.7605022192001343
0.5605918765068054
0.7347221374511719
0.6734029054641724
0.35196906328201294
0.27265626192092896
0.38595861196517944
0.3849424123764038
0.42283305525779724
0.5104165077209473
0.3413277268409729
0.26055800914764404
0.4390052258968353
0.4637235999107361
0.5776739120483398
0.36270761489868164
0.519625723361969
0.3941172659397125
0.5746282935142517
0.4302813410758972
0.35513630509376526
0.2846713066101074
0.25899428129196167
0.16492655873298645
0.3500303626060486
0.332767128944397
0.20980317890644073
0.653302788734436
0.3461966812610626
0.28862661123275757
0.2506226897239685
0.45821982622146606
0.13426323235034943
0.42615175247192383
1.0751913785934448
0.47775277495384216
0.7806174755096436
0.3013927936553955
0.13820628821849823
0.5448871850967407
0.4728926122188568
0.23249642550945282
0.22951488196849823
0.6325750350952148
0.5288981795310974
0.30117669701576233
0.49077266454696655
0.10158427059650421
0.39169007539749146
0.4417911171913147
0.2480865716934204
0.6337267160415649
0.38038915395736694
0.25353503227233887
0.2403436154127121
0.13965606689453125
0.6427819728851318
0.48734250664711
0.5006144642829895
0.4083394408226013
0.3110555112361908
0.32958105206489563
0.8012598156929016
0.2231159210205078
0.6388140916824341
0.39494791626930237
0.28317683935165405
0.3091568648815155
0.3610404133796692
0.2958187758922577
0.10889706760644913
0.5720449686050415
0.5378654599189758
0.25516611337661743
0.4108451306819916
0.5089657306671143
0.4093424379825592
0.21978119015693665
0.35208529233932495
0.23663583397865295
0.48812931776046753
0.6705342531204224
0.42045849561691284
0.3972766399383545
0.42324963212013245
0.13868676126003265
0.9893009066581726
0.4895749092102051
0.33535468578338623
0.4349983334541321
0.5158244371414185
0.20255351066589355
0.2731435298919678
0.3937157690525055
0.5514885187149048
0.37555044889450073
0.5890076160430908
0.10378394275903702
0.4522887170314789
0.8130620121955872
0.2449483424425125
0.20244748890399933
0.3332710266113281
0.43088477849960327
0.2629653811454773
0.2744589149951935
0.3203379213809967
0.3789823651313782
0.8105347752571106
0.24446693062782288
0.07640600949525833
0.18403086066246033
0.8421889543533325
0.3780466616153717
0.28761738538742065
0.28006213903427124
0.6713684797286987
0.9270497560501099
0.8391870260238647
0.26654890179634094
0.29831555485725403
0.25582510232925415
0.3955914080142975
0.3849293887615204
0.26192808151245117
0.5915569067001343
1.0131467580795288
0.4063865542411804
0.4692342281341553
0.42101556062698364
0.9245153665542603
0.7230865955352783
0.3358764052391052
0.679945170879364
0.26741915941238403
0.43364787101745605
0.5467768907546997
0.30593958497047424
0.8881475329399109
0.2549423575401306
0.40086498856544495
0.2866659462451935
0.22648194432258606
0.3169826567173004
0.4544937014579773
0.23183250427246094
0.31888294219970703
0.26172685623168945
0.30754354596138
0.924207329750061
0.2943635582923889
0.5707212686538696
0.3083832561969757
0.16626089811325073
0.29856157302856445
0.2814854383468628
0.5437346696853638
0.4435707628726959
0.38259565830230713
0.5160659551620483
0.32984429597854614
0.4695674479007721
0.3586013615131378
0.7769860029220581
0.3774842917919159
0.6470755338668823
0.7049528360366821
0.35346025228500366
0.15323862433433533
0.3787752687931061
0.6176973581314087
0.43857821822166443
0.29235559701919556
0.5666632056236267
0.37710410356521606
0.3236260414123535
0.51530522108078
0.24457886815071106
0.5629614591598511
0.6101135015487671
0.37753981351852417
0.332764208316803
0.32868528366088867
0.193272203207016
0.6316339373588562
0.6642021536827087
0.28533118963241577
0.5041368007659912
0.41769951581954956
0.5634989738464355
0.18093009293079376
0.20755502581596375
0.4210287928581238
0.3160098195075989
1.3034517765045166
0.5200024843215942
0.45006442070007324
0.40125638246536255
0.325804203748703
0.7757402062416077
0.43918657302856445
0.42648276686668396
0.5046558380126953
0.20963995158672333
0.30627474188804626
0.7038812637329102
0.6589694023132324
0.30674976110458374
0.24240949749946594
0.38312068581581116
0.7411760687828064
0.608979344367981
0.4893925189971924
0.33296167850494385
0.37016528844833374
0.40937185287475586
0.46060436964035034
0.3654700517654419
0.4926843047142029
0.3522292971611023
0.237953782081604
0.6400662660598755
0.41818946599960327
0.561305820941925
0.10270307213068008
0.6459789276123047
0.7001386880874634
0.5436129570007324
0.9281347393989563
0.487459659576416
0.29510122537612915
0.47863468527793884
0.4756091237068176
0.27798908948898315
0.1620827168226242
0.5405805110931396
0.3556845188140869
0.21053573489189148
0.4946724474430084
0.2241867035627365
0.3976638913154602
0.4120714068412781
0.5927082300186157
0.7643927335739136
0.3455239236354828
0.4255948066711426
0.3653320074081421
0.36255067586898804
0.1640128642320633
0.6679062843322754
0.44441094994544983
0.7327126264572144
0.3317890763282776
0.19558890163898468
0.3007039725780487
0.20058171451091766
0.12254895269870758
0.2988830506801605
0.2548956274986267
0.2073477953672409
0.29258617758750916
0.17767216265201569
0.48915237188339233
0.2868480086326599
0.5027079582214355
0.39640215039253235
0.33383649587631226
0.7189950346946716
0.4432036280632019
0.34637561440467834
0.5402516722679138
0.15900006890296936
0.43282991647720337
0.36024945974349976
0.540492594242096
0.43042856454849243
0.18725675344467163
0.3538443446159363
0.5352416634559631
0.2986237108707428
0.4763442575931549
0.1013120636343956
0.40814560651779175
0.7538731694221497
0.25281891226768494
0.5192447900772095
0.6442137956619263
0.20847788453102112
0.5169733166694641
0.4310949742794037
0.242221862077713
0.2232544869184494
0.4327562749385834
0.3505944311618805
0.32583218812942505
0.3037578761577606
0.6904469728469849
0.43120789527893066
0.34292131662368774
0.28439316153526306
0.3241446614265442
0.2846754789352417
0.4127282202243805
0.5727673768997192
0.20996621251106262
0.4254627823829651
0.08711940050125122
0.5373748540878296
0.8199564814567566
0.31865423917770386
0.268706738948822
0.2703275680541992
0.2914709150791168
0.1864023059606552
0.3799770772457123
0.2942184805870056
0.46145907044410706
0.3574340045452118
0.3585757613182068
0.3509010672569275
0.44942355155944824
0.12841984629631042
0.4640130400657654
0.49333176016807556
0.3624975085258484
0.384834349155426
0.5688483119010925
0.2755248546600342
0.6953193545341492
0.33169203996658325
0.5814884901046753
0.3330136835575104
0.4788844585418701
0.13145926594734192
0.37097039818763733
0.5893216729164124
0.6230460405349731
0.3679892420768738
0.08152167499065399
0.24997714161872864
0.2954326570034027
0.2294364869594574
0.46052122116088867
0.777692437171936
0.3942740559577942
0.11403099447488785
0.45683401823043823
0.26362401247024536
0.34985142946243286
0.6908064484596252
0.33250969648361206
0.32184189558029175
0.3989717364311218
0.2986319363117218
0.7845104932785034
0.500806450843811
0.34868404269218445
0.46223482489585876
0.8964420557022095
0.7070091366767883
0.2797660827636719
0.9641684293746948
0.14204123616218567
0.16283923387527466
0.4536815583705902
0.3563351631164551
0.378424733877182
0.2035166323184967
0.40940427780151367
0.07117348164319992
0.4802263677120209
0.252423495054245
0.2035328894853592
0.28126639127731323
0.4029718041419983
0.32345807552337646
0.6029784679412842
0.1056847795844078
0.34020084142684937
0.20615501701831818
0.4472889304161072
0.546108603477478
0.3387361168861389
0.3927827477455139
0.08319108933210373
0.4169626235961914
0.36811569333076477
0.28640225529670715
0.7923964858055115
0.2330234944820404
0.4590015411376953
0.19083094596862793
0.2784310579299927
0.10518606752157211
0.508796751499176
0.42947348952293396
0.38255903124809265
0.3360046446323395
0.13406266272068024
0.355965793132782
0.3989142179489136
0.481602281332016
0.5281831622123718
0.29250580072402954
0.20639772713184357
0.776740312576294
0.5351701378822327
0.37008675932884216
0.2752991020679474
0.2264864444732666
1.1023348569869995
0.4096813201904297
0.38210996985435486
0.3072449266910553
0.29834023118019104
0.25549525022506714
0.44948825240135193
0.6999047994613647
0.6362152695655823
0.31315523386001587
0.255138635635376
0.8110854029655457
0.4551932215690613
0.8097078204154968
0.3918723464012146
0.5051133036613464
0.17276327311992645
0.41496720910072327
0.32058101892471313
0.3002980053424835
0.5023641586303711
0.4463399052619934
0.19224828481674194
0.46943339705467224
0.37243232131004333
0.31547898054122925
0.40590280294418335
0.1894010305404663
0.757661759853363
0.7336505055427551
0.20359818637371063
0.3037383258342743
0.2691102921962738
0.3345469534397125
0.3082112967967987
0.5431376695632935
0.2623666524887085
0.37775516510009766
0.1581069380044937
0.4960854947566986
0.19579383730888367
0.38414186239242554
0.33327457308769226
0.32957276701927185
0.16631221771240234
0.3311792016029358
0.25671106576919556
0.15922094881534576
0.4282180666923523
0.42358511686325073
0.6453412771224976
0.26823320984840393
0.14498271048069
0.46362414956092834
0.2792470157146454
1.1530817747116089
0.454374223947525
0.5714638829231262
0.23167505860328674
0.32220637798309326
0.38997000455856323
0.1824704259634018
0.26858383417129517
0.41512101888656616
0.48180365562438965
0.4308280348777771
0.2868145704269409
0.3957846760749817
0.502129316329956
0.8085612058639526
0.16415460407733917
0.15767300128936768
0.6251558065414429
0.388435423374176
0.8715289831161499
0.48814693093299866
0.5206016302108765
0.11240439116954803
0.771615743637085
0.2489701509475708
0.22411902248859406
0.3003736734390259
0.05417141318321228
0.3002614974975586
0.17054834961891174
0.38648587465286255
0.4106043875217438
0.19784089922904968
0.31450217962265015
0.47845524549484253
0.3871893286705017
0.3347265124320984
0.2493763267993927
0.22759564220905304
0.3350752294063568
0.16356408596038818
0.24572572112083435
0.22571530938148499
0.1326597034931183
0.8364367485046387
0.4842222332954407
0.8303773999214172
0.38067370653152466
0.23316697776317596
0.5082422494888306
0.6775296330451965
0.7057133316993713
0.35764017701148987
0.7483172416687012
0.1704665869474411
0.22149541974067688
0.35834839940071106
0.3867906630039215
0.1023801788687706
0.33050674200057983
0.38918811082839966
0.5499618649482727
0.38403433561325073
0.8571489453315735
0.3352670669555664
0.3991365134716034
0.47687792778015137
0.6195506453514099
0.4781632423400879
0.2074839323759079
0.5877410173416138
0.3931947350502014
0.11088515818119049
0.23400554060935974
0.35028764605522156
0.38763150572776794
0.46651071310043335
0.24741534888744354
0.2572566866874695
0.8252852559089661
0.2599864900112152
0.4201543927192688
0.5058013200759888
0.31520646810531616
0.4233829975128174
0.8027542233467102
0.2795446813106537
0.4055096209049225
0.22396662831306458
0.6593982577323914
0.504473090171814
0.8565125465393066
0.4258364140987396
0.646673321723938
0.2275785207748413
0.3495514988899231
0.7549422383308411
0.2378443032503128
0.2862742841243744
0.7535788416862488
0.3142317831516266
0.4623788297176361
0.3161981403827667
0.4565070569515228
0.734741747379303
0.37594661116600037
0.3551419675350189
0.1918119639158249
0.5630666613578796
0.33983922004699707
0.6628504395484924
0.10400354862213135
0.4160546362400055
0.288857638835907
0.12489531934261322
0.35237953066825867
0.35555440187454224
0.3120599687099457
0.5241958498954773
0.25662434101104736
0.3014524579048157
0.31082963943481445
0.24228689074516296
0.15391236543655396
0.45701390504837036
0.6679017543792725
0.22339847683906555
0.58049476146698
0.5335807204246521
0.5751363039016724
0.23532681167125702
0.28759002685546875
0.5046811103820801
0.17625896632671356
0.5314404368400574
0.09855055063962936
0.4492916464805603
0.20205378532409668
0.38830050826072693
0.4473654627799988
0.406985342502594
0.36028581857681274
0.4245845377445221
0.2704591155052185
0.5600099563598633
0.5720037221908569
0.458031564950943
0.5095117688179016
0.5124980211257935
0.5560570955276489
0.18866479396820068
0.46741214394569397
0.4689576029777527
0.08855444937944412
0.9770678281784058
0.3819895088672638
0.8176280856132507
0.2240963727235794
0.3189529776573181
0.4668288826942444
0.26104262471199036
0.3592650294303894
0.09565846621990204
0.4303916096687317
0.5399280786514282
0.3042561113834381
0.5865581631660461
0.38680893182754517
0.3903401494026184
0.39367538690567017
0.2711174190044403
0.5228036642074585
0.227507546544075
0.4146710932254791
0.5077393054962158
0.6626870036125183
0.5600928068161011
0.18219396471977234
0.4028933644294739
0.3727857172489166
0.4463837742805481
0.4889921247959137
0.3168761134147644
0.7199824452400208
0.40902119874954224
0.38860613107681274
0.36340391635894775
0.3204917907714844
0.1715722233057022
0.3712621331214905
0.42718634009361267
0.39393100142478943
0.40343865752220154
0.1815953254699707
0.4857873320579529
0.3961280584335327
0.5305451154708862
0.5621187090873718
0.5359832644462585
0.4209216237068176
0.3015691041946411
0.3066566586494446
0.4471028745174408
0.32393261790275574
0.5644078254699707
0.6632741093635559
0.33938464522361755
0.30631333589553833
0.23637160658836365
0.1328570544719696
0.40050411224365234
0.5920654535293579
0.6371861696243286
0.4946387708187103
0.5602481365203857
0.7053430080413818
0.661056637763977
0.3133012652397156
0.3443729281425476
0.4003834128379822
0.29524415731430054
0.1460980474948883
0.317859023809433
0.30392196774482727
0.23300310969352722
0.30760449171066284
0.26162317395210266
0.3799516558647156
0.5392380356788635
0.33749085664749146
0.9423965215682983
0.693579375743866
0.9489493370056152
0.4299791753292084
0.30932435393333435
0.31833794713020325
0.19800733029842377
0.7021360993385315
0.23085205256938934
0.4682028889656067
0.720038115978241
0.036298178136348724
0.2734595835208893
0.4184473156929016
0.5208455324172974
0.20987017452716827
0.4355568289756775
0.4332495331764221
0.2929869294166565
0.3494357168674469
0.21396255493164062
0.4698858857154846
0.2398941069841385
0.32364413142204285
0.32946348190307617
0.3062888979911804
0.46021661162376404
0.351410448551178
0.3753194212913513
0.25843262672424316
0.24369709193706512
0.5298048853874207
0.09025842696428299
0.2274317443370819
0.17282165586948395
0.2729140520095825
0.24316053092479706
0.4556502401828766
0.11230804771184921
0.1530536711215973
0.21913912892341614
0.44144195318222046
0.12799154222011566
0.428593248128891
0.31854861974716187
0.28419166803359985
0.37193185091018677
0.30675965547561646
0.17819392681121826
0.16237463057041168
0.49089759588241577
0.5684382319450378
0.3322414755821228
0.3308314383029938
0.490572065114975
0.1000489741563797
0.29353007674217224
0.4128795266151428
0.6578067541122437
0.6069704294204712
0.33945393562316895
0.5181702375411987
0.7268084287643433
0.437917560338974
0.4184204936027527
0.3804014027118683
0.40585383772850037
0.5575628280639648
0.7019226551055908
0.4147922098636627
0.5494740009307861
0.25192534923553467
0.6952446103096008
0.6313051581382751
0.5822705030441284
0.3160613179206848
0.9055264592170715
0.577083170413971
0.7008810639381409
0.16084270179271698
0.44277423620224
0.5231646299362183
0.16153161227703094
0.4458811283111572
0.38513731956481934
0.6411586403846741
0.24287059903144836
0.37786194682121277
0.35578396916389465
0.37528765201568604
0.6249805688858032
0.377145379781723
0.22418704628944397
0.4156898558139801
0.7277293801307678
0.28579407930374146
0.14287059009075165
0.47165364027023315
0.33601975440979004
0.40355247259140015
0.21565206348896027
0.39932090044021606
0.41128215193748474
0.39619365334510803
0.2682275176048279
0.4118344187736511
0.3993873596191406
0.11060528457164764
0.5790159702301025
0.5252598524093628
0.6353361010551453
0.3535129427909851
0.41571861505508423
0.2962581515312195
0.4866558015346527
0.30138787627220154
0.36307090520858765
0.4430457055568695
0.3963189721107483
0.7965104579925537
0.37288981676101685
0.287010133266449
0.20990478992462158
0.5322142839431763
0.27098026871681213
0.34816691279411316
0.20263798534870148
0.4342641234397888
0.5632103681564331
0.46825963258743286
0.624855637550354
0.17239421606063843
0.3763635754585266
0.1292199194431305
0.2351604402065277
0.3884609341621399
0.41890749335289
0.6845394372940063
0.3143081068992615
0.5233781337738037
0.15793809294700623
0.39257878065109253
0.42480212450027466
0.28534501791000366
0.2336074560880661
0.22255206108093262
0.5184710025787354
0.31480759382247925
0.3498465418815613
0.4049392342567444
0.5522089004516602
0.10148771852254868
0.28454822301864624
0.4753289222717285
0.477652370929718
0.5033848285675049
0.506386935710907
0.44901585578918457
0.25485819578170776
0.16830755770206451
0.4733505845069885
0.36063605546951294
0.1938265860080719
0.39073625206947327
0.34584367275238037
0.43348389863967896
0.5988761186599731
0.4387461245059967
0.3220407962799072
0.22002585232257843
0.3904886543750763
0.7909596562385559
0.22407765686511993
0.41149449348449707
0.43185949325561523
0.24837906658649445
0.351340115070343
0.511439859867096
0.3434775471687317
0.4088464379310608
0.29345864057540894
0.429757297039032
0.4668544828891754
0.18927745521068573
0.3123430013656616
0.20408692955970764
0.7826007604598999
0.3886184096336365
0.32604169845581055
0.7258356213569641
0.8443847894668579
0.23023810982704163
0.2937702238559723
0.5400665998458862
0.5680952668190002
0.35255667567253113
0.3725756108760834
0.1388264298439026
0.2514525353908539
0.4518358111381531
0.5843521952629089
0.413529634475708
0.5985695123672485
0.2503722608089447
0.4413453936576843
0.42184019088745117
0.4041000306606293
0.3608385920524597
0.38062602281570435
0.3469843864440918
0.3006414473056793
0.17492245137691498
0.6383484601974487
0.4556540846824646
0.2806514799594879
0.39250296354293823
0.33998531103134155
0.4852805733680725
0.5417442917823792
0.4079921841621399
0.3995201587677002
0.402505487203598
0.6121698617935181
0.38651642203330994
0.1889982670545578
0.3736555576324463
0.4651128649711609
0.23090966045856476
0.4414891302585602
0.10773489624261856
0.5980789661407471
0.4802507758140564
0.6343439817428589
0.34111905097961426
0.5798653960227966
0.4680090844631195
0.3791554868221283
0.33717912435531616
0.5219619274139404
0.19246934354305267
0.39452090859413147
0.4870341718196869
0.3176810145378113
0.3930014967918396
0.4334065318107605
0.498919814825058
0.32966333627700806
0.2673290967941284
0.2566344439983368
0.8344705700874329
0.6904109120368958
1.1316168308258057
0.49414223432540894
0.24341848492622375
0.7326310873031616
0.24113118648529053
0.4175005555152893
0.5216037034988403
0.18171870708465576
0.549026370048523
0.3406111001968384
0.39857417345046997
0.3273877799510956
0.23419280350208282
0.30482304096221924
0.197409525513649
0.41362395882606506
0.5075591206550598
0.13229873776435852
0.6415916681289673
0.08842629939317703
0.31303372979164124
0.12958046793937683
0.23493583500385284
0.668376088142395
0.35638538002967834
0.32618895173072815
0.45275431871414185
0.7165185213088989
0.25137823820114136
0.5495542883872986
0.34044262766838074
0.5480375289916992
0.5694654583930969
0.3823879361152649
0.33253031969070435
0.43683695793151855
0.44854646921157837
0.5236674547195435
0.28033310174942017
0.20800909399986267
0.2518291175365448
0.5720065832138062
0.2890959680080414
1.142656922340393
0.4589766561985016
0.5219782590866089
0.40368080139160156
0.751052975654602
0.43837928771972656
0.14550696313381195
0.4504617154598236
0.1751820147037506
0.31772300601005554
0.19931147992610931
0.49881166219711304
0.2614782452583313
0.2843059301376343
0.30418699979782104
0.14649929106235504
0.39025288820266724
0.39946097135543823
0.12099190056324005
0.2703896462917328
0.11278863251209259
0.4027848243713379
0.6554003953933716
0.3451053202152252
0.6250482797622681
0.4445866644382477
0.4328586459159851
0.4105837345123291
0.27599024772644043
0.28615909814834595
0.47932976484298706
0.2794371247291565
0.4092535972595215
0.47163715958595276
0.44552451372146606
0.568845808506012
0.17747651040554047
0.15217289328575134
0.37294429540634155
0.7648135423660278
0.25423651933670044
0.1748095154762268
0.4897173345088959
0.24712546169757843
0.6101527810096741
0.3665406405925751
0.32613471150398254
0.6175079941749573
0.28407004475593567
0.3427852988243103
0.7780945897102356
0.15672673285007477
0.551306962966919
0.29853004217147827
0.20900097489356995
0.5966930389404297
0.28134554624557495
0.30494213104248047
0.7518802881240845
0.13070380687713623
0.16242922842502594
0.1492556631565094
0.2527545094490051
0.8232558369636536
0.5846880674362183
0.2068464308977127
0.1895773708820343
0.30287647247314453
0.3642987906932831
0.7723736763000488
0.3625739812850952
0.3097456991672516
0.15868572890758514
0.22646811604499817
0.6296446919441223
0.29969558119773865
0.3715001046657562
0.4442855715751648
0.14658300578594208
0.2423449009656906
0.6153307557106018
0.4518844187259674
0.5011022090911865
0.6378709673881531
0.5587291717529297
0.41421979665756226
0.08349817246198654
0.17256738245487213
0.8956046104431152
0.47956591844558716
0.3376923203468323
0.62666916847229
0.3949297070503235
0.14913657307624817
0.3368617296218872
0.5711161494255066
0.406355082988739
0.3647097945213318
0.2293047457933426
0.6937021017074585
0.23519210517406464
0.3772026598453522
0.17158745229244232
0.6652175188064575
0.7275329828262329
0.8172211647033691
0.6981109380722046
0.19208267331123352
0.2666715681552887
0.25145992636680603
0.2700461745262146
0.3461049199104309
0.4482528567314148
0.22483615577220917
0.39207834005355835
0.4060421586036682
0.3573143780231476
0.1833762228488922
0.6964485049247742
0.7016514539718628
0.24619391560554504
0.7304964661598206
0.38448673486709595
0.4397030770778656
0.339854896068573
0.3135150969028473
1.0508639812469482
0.24873289465904236
0.32272791862487793
0.44434118270874023
0.37544023990631104
0.5902531743049622
0.5430954098701477
0.47651368379592896
0.32030153274536133
0.5662456750869751
0.3979870080947876
0.32231074571609497
0.2536046504974365
0.12118222564458847
0.5537933707237244
0.3841617703437805
0.359083354473114
0.2439838945865631
0.6144202947616577
0.2196517437696457
0.288943350315094
0.33273082971572876
0.6949223279953003
0.6803337335586548
0.19263336062431335
0.3988634943962097
0.3942660689353943
0.1805172860622406
0.2096850425004959
0.44560518860816956
0.4573303163051605
0.17482267320156097
0.37152791023254395
0.29167911410331726
0.33177024126052856
0.22928455471992493
0.24601468443870544
0.2431943118572235
0.2548527121543884
0.27615100145339966
0.26610052585601807
0.7939892411231995
0.6883255243301392
0.21428270637989044
0.25335264205932617
0.39138084650039673
0.33890610933303833
0.5324341654777527
0.33170631527900696
0.43863147497177124
0.21483556926250458
0.18953505158424377
0.1378515511751175
0.7844946384429932
0.5620495080947876
0.6562074422836304
0.5150347948074341
0.432420551776886
0.4520281255245209
0.4369580149650574
0.37868770956993103
0.24470821022987366
0.6478561162948608
0.417449951171875
0.569882333278656
0.6407083868980408
0.6425351500511169
0.5944160223007202
0.31582924723625183
0.3805253505706787
0.3254299461841583
0.213690847158432
0.31856194138526917
0.3988937437534332
0.34101149439811707
0.38821306824684143
0.2808568477630615
0.4039633870124817
0.19278304278850555
0.24182620644569397
0.5667849183082581
0.3515937328338623
0.5771629214286804
0.47302597761154175
0.38614529371261597
0.39563971757888794
0.31101658940315247
0.44787701964378357
0.5167156457901001
0.5218742489814758
0.26862984895706177
0.7660595178604126
0.41203418374061584
0.4136714041233063
0.6184099316596985
0.3601216673851013
0.5165003538131714
0.2739098072052002
0.19239208102226257
0.5398713946342468
0.3343670964241028
0.553105890750885
0.536017119884491
0.41249004006385803
0.22150114178657532
0.22456426918506622
0.1845400631427765
0.6471289396286011
0.39703524112701416
0.5627710819244385
0.37076038122177124
0.21075685322284698
0.537889838218689
0.18076005578041077
0.2668226361274719
0.3576390743255615
0.5154069662094116
0.30303508043289185
0.14591839909553528
0.2863143980503082
0.659622073173523
0.2942081689834595
0.5355557799339294
0.5826607346534729
0.23684051632881165
0.36872363090515137
0.585662305355072
0.36087411642074585
0.9875830411911011
0.45157256722450256
0.35753244161605835
0.23239104449748993
0.3615068197250366
0.44507303833961487
0.8818208575248718
0.4851076602935791
0.31260550022125244
0.3391018211841583
0.2748505473136902
0.5895407199859619
0.30548015236854553
0.32943880558013916
0.6265143156051636
0.31975120306015015
0.05746821314096451
0.4075459837913513
0.143848717212677
0.604110598564148
0.18548664450645447
0.5815079212188721
0.44143596291542053
0.3485335409641266
0.15828657150268555
0.9113534092903137
0.2341492623090744
0.29396265745162964
0.3046850562095642
0.5923405885696411
0.339691162109375
0.6563431024551392
0.3018351197242737
0.22212934494018555
0.5566384792327881
0.23821048438549042
0.5882876515388489
0.3632482588291168
0.2679040729999542
0.40465694665908813
0.2525830566883087
0.43443313241004944
0.36930951476097107
0.5250836610794067
0.5890808701515198
0.35085007548332214
0.37251758575439453
0.23136036098003387
0.3402487635612488
0.3098828196525574
0.10257653892040253
0.23707404732704163
0.33808594942092896
0.4414752125740051
0.48419928550720215
0.47619685530662537
0.4235064387321472
0.1733209490776062
0.49183470010757446
0.9706313014030457
0.30131667852401733
0.1802101880311966
0.25218456983566284
0.35427358746528625
0.29704374074935913
0.3699771761894226
0.24745173752307892
0.40229320526123047
0.35493749380111694
0.2822323441505432
0.4396866261959076
0.4347871243953705
0.5047402381896973
0.4083016812801361
0.20646758377552032
0.05169910937547684
0.9415736198425293
0.3931078314781189
0.2591126263141632
0.3922056257724762
0.2655915915966034
0.27928152680397034
0.5648252367973328
0.5107371807098389
0.7255228757858276
0.29753613471984863
0.5576794743537903
0.8474968075752258
0.8324891924858093
0.1943591833114624
0.342937171459198
0.08725522458553314
0.7654160261154175
0.24405333399772644
0.7248144149780273
0.9204155206680298
0.41855335235595703
0.6208516359329224
0.8461629152297974
0.47400277853012085
0.5260105133056641
0.44046297669410706
0.2923944294452667
0.40880489349365234
0.17023928463459015
0.6578866243362427
0.4059625566005707
0.18086113035678864
0.164200559258461
0.2781694531440735
0.506910502910614
0.26118844747543335
0.4078417420387268
0.3065188527107239
0.7183517217636108
0.530738115310669
0.14320190250873566
0.39484888315200806
0.5753848552703857
0.36913469433784485
0.7237672805786133
0.23620180785655975
0.4856913089752197
0.6469464302062988
0.4886339604854584
0.3557814061641693
0.6275355815887451
0.6493722200393677
0.4775291085243225
0.37513551115989685
0.5450804829597473
0.4649185538291931
0.19554737210273743
0.38840943574905396
0.9205375909805298
0.13671563565731049
0.4795839786529541
0.23774893581867218
0.4246395528316498
0.3403633236885071
0.8755699992179871
0.759991466999054
0.49301663041114807
0.21386666595935822
0.2837229073047638
0.38995200395584106
0.384985089302063
0.3013963997364044
0.6147910356521606
0.3951318860054016
0.22450800240039825
0.414903461933136
0.45913562178611755
0.3703325390815735
0.5544348955154419
0.26348569989204407
0.27011391520500183
0.5916401743888855
1.0545967817306519
0.12242908775806427
0.5266864895820618
0.4747515320777893
0.32192263007164
0.41668176651000977
0.35842326283454895
0.3469303548336029
0.32809001207351685
0.5843230485916138
0.47433632612228394
0.11583870649337769
1.0966250896453857
0.506076455116272
0.6156697869300842
0.14475293457508087
0.17337772250175476
0.37968745827674866
0.4539280831813812
0.7788885235786438
0.45198941230773926
0.4703318476676941
0.37568533420562744
0.8417273759841919
0.2850123941898346
0.8657461404800415
0.22628068923950195
0.4129350185394287
0.4300360679626465
0.2860129177570343
0.34006619453430176
0.39931514859199524
0.06656865775585175
0.17368540167808533
0.6925778388977051
0.18926334381103516
0.2802121639251709
0.3859412372112274
0.45967429876327515
0.3863166868686676
0.22142057120800018
0.13535043597221375
0.6164487600326538
0.5014198422431946
0.3656858801841736
0.4302228093147278
0.20830276608467102
0.4723246991634369
0.18816997110843658
0.37542781233787537
0.9280308485031128
0.3669964075088501
0.4072354733943939
0.7307578325271606
0.68167644739151
0.36685091257095337
0.5925313830375671
0.28734463453292847
0.5237420797348022
0.2598331868648529
0.2557470202445984
0.3541954457759857
0.6028561592102051
0.8525140881538391
0.3784119784832001
0.2554914653301239
0.6643096804618835
0.25157156586647034
0.3119491934776306
0.2959910035133362
0.210981085896492
0.6884067058563232
0.5999583005905151
0.36252671480178833
0.5589587688446045
0.1841443032026291
0.4939018785953522
0.2857365012168884
0.6950117349624634
0.3138884902000427
0.18094699084758759
0.27396419644355774
0.1658823937177658
0.08427576720714569
0.30688589811325073
0.6732615828514099
0.11507557332515717
0.20395967364311218
0.37605348229408264
0.456326961517334
0.7181833982467651
0.3577285706996918
0.722725510597229
0.38491231203079224
0.2782021462917328
0.5097224712371826
0.3997940719127655
0.4241653084754944
0.5488006472587585
0.5622110962867737
0.13498279452323914
0.5791319608688354
0.29741373658180237
0.4682997763156891
0.2741984724998474
0.6302176713943481
0.3609996736049652
0.5421745181083679
0.6297784447669983
0.4557091295719147
0.3343396484851837
0.344268262386322
0.521470308303833
0.265733927488327
0.364921510219574
0.5366140604019165
0.428138792514801
0.39038777351379395
0.22003379464149475
0.2501770257949829
0.45672860741615295
0.7081960439682007
0.2780905067920685
0.17993327975273132
0.7000409364700317
0.15581798553466797
0.40525564551353455
0.8485980033874512
0.32932397723197937
0.33911487460136414
0.362206369638443
0.2577801048755646
0.4047749936580658
0.34143728017807007
0.5849219560623169
0.4185500741004944
0.3246411681175232
0.347473680973053
0.4900573194026947
0.32713499665260315
0.5421736240386963
0.6130350828170776
0.4490416646003723
0.17771343886852264
0.24827095866203308
0.6058688759803772
0.13655710220336914
0.2740355134010315
0.5124643445014954
0.25749149918556213
0.35345378518104553
0.6659559011459351
0.3464723229408264
0.4284752905368805
0.21388041973114014
0.4495735764503479
0.26590418815612793
0.29182302951812744
0.4303196966648102
0.27364328503608704
0.42277461290359497
0.15087255835533142
0.5082054734230042
0.3612113893032074
0.595373272895813
0.1545049101114273
0.5323858857154846
0.6906813383102417
0.32594162225723267
0.6172781586647034
0.3417637050151825
0.4945954382419586
0.7648680210113525
0.39163047075271606
0.2865169644355774
0.425470769405365
0.14959891140460968
0.1990261971950531
0.3307500183582306
0.3704057037830353
0.4647824168205261
0.4071156084537506
0.19379369914531708
0.298534095287323
0.21495792269706726
0.3530051112174988
0.2124951332807541
0.5275496244430542
0.5430027842521667
0.4699445366859436
0.39677974581718445
0.2928665280342102
0.7216582298278809
0.4009823799133301
0.2948603928089142
0.43505460023880005
0.05404180288314819
0.5346290469169617
0.21157284080982208
0.29808181524276733
0.7907947301864624
0.2665407657623291
0.25089332461357117
0.41262465715408325
0.4992268681526184
0.6018879413604736
0.5913997888565063
0.4125397801399231
0.6804272532463074
0.7179328203201294
0.2221415787935257
0.3952955901622772
0.3405214548110962
0.6867367029190063
0.7478113770484924
0.2658502161502838
0.24229979515075684
0.3241226077079773
0.7967900633811951
0.47376853227615356
0.22598107159137726
0.06408168375492096
0.41001272201538086
0.22331015765666962
0.3011794090270996
0.8724998235702515
0.5398630499839783
0.4275180399417877
1.2597092390060425
0.6539589166641235
0.11426575481891632
0.3937120735645294
0.16409184038639069
0.3129573166370392
0.41790103912353516
0.6155794262886047
0.10442394018173218
0.19364017248153687
0.6357609629631042
0.39567890763282776
0.3966900408267975
0.2345830202102661
0.4879487156867981
0.4785725474357605
0.31349799036979675
0.2637224793434143
0.25889700651168823
0.9234115481376648
0.4077973961830139
0.4569365382194519
0.38330310583114624
0.2565266788005829
0.7264374494552612
0.3838902413845062
0.1979895532131195
0.310430109500885
0.32267051935195923
0.1968660056591034
0.6179104447364807
0.4749448895454407
0.465817928314209
0.5282031893730164
0.4641851782798767
0.32171159982681274
0.4744235873222351
0.3900725245475769
0.29395347833633423
0.5844005346298218
0.623520016670227
0.2855866551399231
0.28553521633148193
0.38379544019699097
0.5305539965629578
0.18942949175834656
0.5245267152786255
0.22552266716957092
0.5563758611679077
0.39777159690856934
0.33163318037986755
0.5814485549926758
0.45801472663879395
0.3176867663860321
0.3909561038017273
0.2785113751888275
0.5564999580383301
0.7238339185714722
0.10641219466924667
0.5642987489700317
0.17358745634555817
0.39073073863983154
0.2811981737613678
0.16856792569160461
0.4028699994087219
0.238740473985672
0.3732694089412689
0.3200609087944031
0.2162502110004425
0.14240063726902008
0.5456568598747253
0.16341900825500488
0.4639894366264343
0.5021864771842957
0.9940868616104126
0.47943639755249023
0.43964439630508423
0.20484359562397003
0.46424469351768494
0.49484023451805115
0.418479859828949
0.587119460105896
0.20307353138923645
0.3714294731616974
0.2304488718509674
0.43552786111831665
0.4963279366493225
0.6948666572570801
0.5120037794113159
0.3680039942264557
0.34086376428604126
0.23448240756988525
0.42168205976486206
0.5929585695266724
0.47770291566848755
0.2368464469909668
0.22371909022331238
0.41616004705429077
0.33058100938796997
0.5924686789512634
0.5798841118812561
0.8230849504470825
0.24014493823051453
0.6311126947402954
0.40389665961265564
0.33433347940444946
0.20253653824329376
0.0921136811375618
0.5253216028213501
0.2881719172000885
0.3573814928531647
0.39831244945526123
0.5425490736961365
0.457249253988266
0.770833432674408
0.06524243950843811
0.32724881172180176
0.39249688386917114
0.16691328585147858
0.33190488815307617
0.6089717149734497
0.4305534362792969
0.40447133779525757
0.16253915429115295
0.10700172185897827
0.19698211550712585
0.3101345896720886
0.22682149708271027
0.4432898461818695
0.2587571442127228
0.24720239639282227
0.2661087214946747
0.3390423059463501
0.46917271614074707
0.2825840711593628
0.2790716290473938
0.25989726185798645
0.3000218868255615
0.2867252826690674
0.42441654205322266
0.4760867953300476
0.24796175956726074
0.5059157013893127
0.7136036157608032
0.4692280888557434
0.25605642795562744
0.19673392176628113
0.9390166997909546
0.33471259474754333
0.7186909914016724
0.4815586507320404
0.3604850769042969
0.35290348529815674
0.35396552085876465
0.3553437292575836
0.438952773809433
0.28829219937324524
0.25839531421661377
0.21129360795021057
0.29005420207977295
0.5601944923400879
0.7254509329795837
0.4479231834411621
0.3468252122402191
0.31355157494544983
0.2656700909137726
0.5964167714118958
0.21349115669727325
0.25791895389556885
0.23017391562461853
0.3910486102104187
0.28786641359329224
0.3155069351196289
0.4241393506526947
0.9053958058357239
0.31928086280822754
0.30001100897789
0.3973403871059418
0.4797690808773041
0.22588177025318146
0.16388271749019623
0.6650851368904114
0.32322025299072266
1.238364577293396
0.48639917373657227
0.5009226202964783
0.37400883436203003
0.5761111378669739
0.14948146045207977
0.2317303866147995
0.36494848132133484
0.47073355317115784
0.18753021955490112
0.6202529668807983
0.6147809624671936
0.18585439026355743
0.2783917188644409
0.3482816517353058
0.25624898076057434
0.249227836728096
0.33574387431144714
0.27602070569992065
0.19223324954509735
0.5265762209892273
0.16508212685585022
0.1843060702085495
0.47184544801712036
0.5066359639167786
0.40389981865882874
0.4021533131599426
0.2676633596420288
0.34043651819229126
0.26614704728126526
0.3970603346824646
0.12768514454364777
0.30618196725845337
0.6882355809211731
0.7895145416259766
0.4942474365234375
0.3345872759819031
0.3212290108203888
0.31256693601608276
0.2600434720516205
0.31013429164886475
0.20901992917060852
0.15608066320419312
0.19471149146556854
0.8336685299873352
0.2586178481578827
0.32381781935691833
0.3924258053302765
0.6089890599250793
0.5540997385978699
0.20800557732582092
0.5567772388458252
0.3203515410423279
0.349170982837677
0.033022187650203705
0.5071582198143005
0.6104046106338501
0.24148039519786835
0.25158199667930603
0.3858696222305298
0.47165876626968384
0.2616528570652008
0.4847812056541443
0.16607585549354553
0.367585688829422
0.17283658683300018
0.5384767651557922
0.6276992559432983
0.3783847391605377
0.7216253876686096
0.30073896050453186
0.5909084677696228
0.7398714423179626
0.4830307364463806
0.26932287216186523
0.18012431263923645
0.4379907548427582
0.16833116114139557
0.5777345299720764
0.3634054362773895
0.17345483601093292
0.21845510601997375
0.6853181719779968
0.17585697770118713
0.3030398190021515
0.48664379119873047
0.4597248136997223
0.21794097125530243
0.5606185793876648
0.64396733045578
0.41294702887535095
0.2010938674211502
0.32104727625846863
0.16871404647827148
0.12296800315380096
0.31646043062210083
0.5230802297592163
0.5905966758728027
0.2828444540500641
0.45604753494262695
0.48371753096580505
0.1925557255744934
0.782646656036377
0.6838741302490234
0.3028150796890259
0.24140267074108124
0.5951837301254272
0.3929998576641083
0.45735907554626465
0.4530537724494934
0.23044440150260925
0.16378465294837952
0.32820072770118713
0.9412389993667603
0.579143226146698
0.36713486909866333
0.32550790905952454
0.4282781481742859
0.17835454642772675
0.15584060549736023
0.8094165921211243
0.24589574337005615
0.2869127690792084
0.5471051335334778
0.1889985352754593
0.25657203793525696
0.209701806306839
0.6237791776657104
0.5359448194503784
0.3886265158653259
0.4102267622947693
0.27713218331336975
0.5441640615463257
0.3751540780067444
0.3552554249763489
0.3335360586643219
0.3040066361427307
0.41664600372314453
0.20046523213386536
1.0944825410842896
0.4947672486305237
0.35898521542549133
0.14828860759735107
1.0495808124542236
0.09380120784044266
0.3125436305999756
0.5921126008033752
0.21812255680561066
0.5400367975234985
0.39514175057411194
0.2058962881565094
0.5804658532142639
0.4996691644191742
0.31782662868499756
0.19586098194122314
0.3610742688179016
0.5889874696731567
0.32274922728538513
0.42145639657974243
0.3434050977230072
0.7701283097267151
0.48395758867263794
0.5060756206512451
0.5179339051246643
1.0004498958587646
0.5027798414230347
0.37270939350128174
0.4510703980922699
0.7753375172615051
0.6513850092887878
0.49333062767982483
0.34718459844589233
0.3164084255695343
0.23286700248718262
0.44713395833969116
0.5764800310134888
0.18024355173110962
0.3902848958969116
0.8212594985961914
0.2812696695327759
0.5578008890151978
0.3352856934070587
0.3080902695655823
0.18591105937957764
0.40070611238479614
0.533382773399353
0.2913263142108917
0.17386332154273987
0.34132978320121765
0.3031081259250641
0.3558671474456787
0.5908418297767639
0.45835432410240173
0.6233958005905151
0.48068755865097046
1.0211522579193115
0.391703337430954
0.23436009883880615
0.5275855660438538
0.5291224718093872
0.2957206070423126
0.43050092458724976
0.2405267059803009
0.5721186399459839
0.17526759207248688
0.2975945770740509
0.4497308135032654
0.12149933725595474
0.0758383721113205
0.4399617314338684
0.2859991788864136
0.2850341200828552
0.1688891500234604
0.3230234980583191
0.5225286483764648
0.15030723810195923
0.23831479251384735
0.1651953160762787
0.3017648756504059
0.6820825338363647
0.5035400986671448
0.22770054638385773
0.4401303231716156
0.5951960682868958
0.19403980672359467
0.14745590090751648
0.7104119062423706
0.6246455907821655
0.8225492238998413
0.16945883631706238
0.5025774836540222
0.40848931670188904
0.2144922912120819
0.5036308765411377
0.6319299340248108
0.35876765847206116
0.43413862586021423
0.25528454780578613
0.7407093644142151
0.35568767786026
0.18134459853172302
0.42396944761276245
0.09173653274774551
0.22257080674171448
0.26486626267433167
0.9179954528808594
0.3126932680606842
0.26583582162857056
0.14796845614910126
0.9431390762329102
0.32357317209243774
0.643482506275177
0.5346155166625977
0.27524733543395996
0.531193733215332
0.2979260981082916
0.2838084101676941
0.280399888753891
0.15853646397590637
0.36832931637763977
0.45571398735046387
0.26849672198295593
0.6008821129798889
0.2591404318809509
0.4316614270210266
0.5087298154830933
0.39244264364242554
0.16439583897590637
0.31286439299583435
0.2599974274635315
0.25886860489845276
0.5458751916885376
0.4728619456291199
0.5516061782836914
0.4660685658454895
0.30401891469955444
0.4159278869628906
0.6402925252914429
0.2544836401939392
0.21702051162719727
0.2598962187767029
0.18568924069404602
0.3632929027080536
0.21540001034736633
0.23413696885108948
0.1011061817407608
0.2693248689174652
0.06584513932466507
0.30062776803970337
0.4822300970554352
0.4818515181541443
0.26990801095962524
0.4796384274959564
0.470630407333374
0.6555283665657043
0.18891164660453796
0.2932949662208557
0.48343437910079956
0.21412193775177002
0.3753455877304077
0.35777318477630615
0.8025321960449219
0.4893914759159088
0.14793209731578827
0.5023711919784546
0.31634294986724854
0.1546718329191208
0.3061293959617615
0.38159340620040894
0.6478096842765808
0.4193454384803772
0.6285324096679688
0.1965174674987793
0.26553162932395935
0.4420538544654846
0.05252692848443985
0.1903824806213379
0.32744890451431274
0.24451275169849396
0.35671117901802063
0.09870290011167526
0.16656091809272766
0.5018227100372314
0.35217779874801636
0.10942325741052628
0.5799321532249451
0.3657889664173126
0.633415699005127
0.7543935775756836
0.4798750877380371
0.20265237987041473
0.25190654397010803
0.41949263215065
0.2800571322441101
0.29735520482063293
0.36850982904434204
0.35738927125930786
0.18581336736679077
0.3813932538032532
0.7318053841590881
0.22903239727020264
0.3943414092063904
0.17209509015083313
0.3057258129119873
0.24789924919605255
0.2880631387233734
0.3192194104194641
0.15065599977970123
0.37612563371658325
0.5054030418395996
0.4850863516330719
0.5074662566184998
0.7082747220993042
0.2434563934803009
0.318491131067276
0.04909137636423111
0.19048675894737244
0.6630467176437378
0.33064407110214233
0.4219551682472229
0.4720795154571533
0.16197708249092102
0.429797500371933
0.2505235970020294
0.940098762512207
0.950351357460022
0.5265313386917114
0.4113308787345886
0.7334310412406921
0.1760626584291458
0.47749266028404236
0.5148193836212158
0.5010139346122742
0.19100555777549744
0.8159223794937134
0.31115633249282837
0.20555837452411652
1.696295142173767
0.2788025438785553
0.4878503680229187
0.48518985509872437
0.5915387868881226
0.36191362142562866
0.23358061909675598
0.35732054710388184
0.31515029072761536
0.18236899375915527
0.6729716658592224
0.648290753364563
0.5082258582115173
0.38838720321655273
0.6019373536109924
0.6523675918579102
0.8623684048652649
0.30106785893440247
0.581757664680481
0.2183982878923416
0.3658641278743744
0.5484514832496643
0.47059163451194763
0.16025887429714203
0.130562424659729
0.3892919719219208
0.3562520146369934
0.34579408168792725
0.17086152732372284
0.26080062985420227
0.47225213050842285
0.9205288887023926
0.4540865421295166
0.39373451471328735
0.38206395506858826
0.08846995234489441
0.2594301700592041
0.22942467033863068
0.29369232058525085
0.33926519751548767
0.1904996633529663
0.49684566259384155
0.3568341135978699
0.3128795325756073
0.2446858435869217
0.6757955551147461
0.14398185908794403
0.17361561954021454
0.5977674722671509
0.3417501151561737
0.34382790327072144
0.480313241481781
0.41259294748306274
0.9000421762466431
0.4986600875854492
0.3317399322986603
0.6246673464775085
0.32207614183425903
0.48441973328590393
0.3063446581363678
0.7344095706939697
0.2325567901134491
0.2761518359184265
0.3299703299999237
0.9280321002006531
0.1638602465391159
0.4616183638572693
0.4562942087650299
0.4001210331916809
0.2558686435222626
0.5086983442306519
0.2812396287918091
0.2555232346057892
0.3611750304698944
0.2010146677494049
0.6951704025268555
0.1584918200969696
0.3652647137641907
0.9807652235031128
0.17622753977775574
0.666286289691925
0.20449025928974152
0.2451018989086151
0.25267741084098816
0.47082534432411194
0.4857986569404602
0.24215102195739746
0.48230448365211487
0.22322197258472443
0.25557076930999756
0.9116383790969849
0.19938603043556213
0.2684449553489685
0.6854947805404663
1.0495836734771729
0.48462042212486267
1.0317524671554565
0.4430333971977234
0.3257283568382263
0.4718325138092041
0.570286750793457
0.39831075072288513
0.44174495339393616
0.2845526337623596
0.4539530873298645
0.2588312327861786
0.2638038992881775
0.4630865156650543
0.14804226160049438
0.1824110448360443
0.12930426001548767
0.5631712675094604
0.36014777421951294
0.43995124101638794
1.0692886114120483
0.4380515217781067
0.8779211044311523
0.21254125237464905
0.22947624325752258
0.2515316307544708
0.6380729675292969
0.23528869450092316
0.7795897722244263
0.12987151741981506
0.5413680672645569
0.2847250998020172
0.7948189973831177
0.3993512988090515
1.3651163578033447
0.3697547912597656
0.32166221737861633
0.41829943656921387
0.5170198082923889
0.40100494027137756
0.3905346393585205
0.6344059705734253
0.4949355721473694
0.3763190507888794
0.5038076639175415
0.14914323389530182
1.0287572145462036
0.3591402471065521
0.5354302525520325
0.3896104693412781
0.8685175776481628
0.1796272099018097
0.48918622732162476
0.5834096670150757
0.2770124077796936
0.36064282059669495
0.4393584132194519
0.7790191769599915
0.29558414220809937
0.5867217183113098
0.2685123085975647
0.37313374876976013
0.3107702136039734
0.3081026077270508
0.3187413811683655
0.12027023732662201
0.7983931303024292
0.3313905596733093
0.48761749267578125
0.5728626251220703
0.289455771446228
0.4477960169315338
0.6245883107185364
0.4848822057247162
0.18541432917118073
0.6197549104690552
0.18465770781040192
0.1770971417427063
0.39707043766975403
0.3395466208457947
0.5543635487556458
0.41668757796287537
0.23841437697410583
0.6441391706466675
0.22376172244548798
0.29688721895217896
0.7412145137786865
0.40409189462661743
0.08588677644729614
0.29016566276550293
0.4412596821784973
0.3072827458381653
0.2635539770126343
0.29713475704193115
0.1865857094526291
0.3228168785572052
0.35454708337783813
0.5636727213859558
0.4309002459049225
0.3544309735298157
0.29563581943511963
0.35650086402893066
0.5810601711273193
0.30716994404792786
0.5681907534599304
0.3726843595504761
0.45016956329345703
0.27964481711387634
0.387167364358902
0.3096453547477722
0.12802787125110626
0.35101214051246643
0.3263275921344757
0.6049082279205322
0.6901593208312988
0.3989487886428833
0.4573732316493988
0.33391764760017395
0.38164836168289185
0.4247991144657135
0.45306405425071716
0.5222912430763245
0.12157760560512543
0.9189211130142212
0.440473735332489
0.9360535740852356
0.280132919549942
0.3689403831958771
0.23475441336631775
0.30555224418640137
0.46579688787460327
0.4787534177303314
0.16354745626449585
0.30084455013275146
0.3482598662376404
0.31913241744041443
0.1792047768831253
0.21223552525043488
0.24538739025592804
0.6928902268409729
0.2693527340888977
0.19749681651592255
0.6004503965377808
0.17895016074180603
0.3105998635292053
0.45710688829421997
0.46416592597961426
0.2994597554206848
0.7277647256851196
0.41009777784347534
0.3418988585472107
0.37571775913238525
0.44490846991539
0.3645794093608856
0.3923414647579193
0.29384589195251465
0.21452954411506653
0.4174852967262268
0.6720841526985168
0.43300384283065796
0.6859830617904663
0.16555844247341156
0.21207444369792938
0.47011494636535645
0.11572074890136719
0.25712883472442627
0.5149582624435425
0.19667872786521912
0.7139236330986023
0.25296729803085327
0.28961044549942017
0.4160594046115875
0.20037682354450226
0.13487806916236877
0.6705735921859741
0.2552439570426941
0.2643328309059143
0.5473974347114563
0.6143738031387329
0.2335117608308792
0.3600512146949768
0.28711187839508057
0.8036410212516785
0.20735065639019012
0.6644712686538696
0.3494989573955536
0.36609384417533875
0.2574143707752228
0.19860096275806427
0.574848473072052
0.44427546858787537
0.32548728585243225
0.3827444911003113
0.2490144520998001
0.4488123953342438
0.5660642385482788
0.46869397163391113
0.272007554769516
0.4900909960269928
0.3941355347633362
0.1669134795665741
0.964333713054657
0.13456487655639648
0.43667688965797424
0.484253466129303
0.6407356262207031
0.14694464206695557
0.2270875871181488
0.6409401297569275
0.3866477608680725
0.17333769798278809
0.47209224104881287
0.1838298738002777
0.3400863707065582
0.5901056528091431
0.24189689755439758
0.29768627882003784
0.691234827041626
0.5982822179794312
0.36556902527809143
0.6381961107254028
0.28455427289009094
0.6121990084648132
0.1732538938522339
0.9576495289802551
0.4798053801059723
0.3264787793159485
0.47960934042930603
0.14964839816093445
0.2024202048778534
0.36103206872940063
0.40951356291770935
0.22337226569652557
0.4310566484928131
0.3145887553691864
0.40605783462524414
0.5537561774253845
0.9327977895736694
0.26239973306655884
0.23044922947883606
0.22438398003578186
0.3011381924152374
0.47896623611450195
0.5839869379997253
0.2222481071949005
0.5406138300895691
0.4280080795288086
0.4233313500881195
0.12574391067028046
0.6729838252067566
0.2636278569698334
0.15082129836082458
0.29937809705734253
0.3233824670314789
0.21220417320728302
0.49450021982192993
0.3637894093990326
0.7417488694190979
0.2777698338031769
0.9403747320175171
0.37085750699043274
0.23437638580799103
0.11517991125583649
0.52740877866745
0.2270255833864212
0.41806212067604065
0.2180156707763672
0.4268856644630432
0.4389898180961609
0.41975322365760803
0.16980285942554474
0.4345906376838684
0.5596826672554016
0.21668915450572968
0.21628430485725403
0.6688973903656006
0.24304167926311493
0.5330395102500916
0.4842856526374817
0.3968489468097687
0.20446105301380157
0.5940764546394348
0.32766085863113403
0.7442534565925598
0.2234509438276291
0.3829469382762909
0.4187442660331726
0.39195579290390015
0.1705518364906311
0.3302450180053711
0.292493611574173
0.7245453596115112
0.378075510263443
0.5591970682144165
0.2819165289402008
0.45330825448036194
0.09916310012340546
0.1873493194580078
0.8172423243522644
0.4833472669124603
0.4125918745994568
0.45327553153038025
0.24793048202991486
0.7874890565872192
0.25989603996276855
0.19943690299987793
0.1913081854581833
0.2770850658416748
0.4346185624599457
0.5786534547805786
0.15027499198913574
0.08674301207065582
0.8352286219596863
0.5460406541824341
0.4856858253479004
0.6138936877250671
0.3040178418159485
0.3812371790409088
0.7557058334350586
0.5566478371620178
0.26343828439712524
0.3051932454109192
0.24540981650352478
0.7677344083786011
0.5836287140846252
0.26232364773750305
0.3367910087108612
0.3853929042816162
0.1517229974269867
0.4291355013847351
0.36255550384521484
0.6306886672973633
0.321581095457077
0.6169242262840271
0.23555342853069305
0.52337646484375
0.2948417365550995
0.5932899713516235
0.36375170946121216
0.2551579475402832
0.15267755091190338
0.3102867007255554
0.4585019052028656
0.3796558976173401
0.7369819283485413
0.258445143699646
0.14326637983322144
0.4254036545753479
0.3863092064857483
0.14146509766578674
0.3186907470226288
0.24634937942028046
0.9042710065841675
0.31547343730926514
0.8239601850509644
0.2494080811738968
0.44529205560684204
0.4214482307434082
0.2913302481174469
0.4139438569545746
0.12661847472190857
0.5771471858024597
0.5140293836593628
0.5430132150650024
0.23629942536354065
0.352366179227829
0.2902839183807373
0.8024915456771851
0.4659392833709717
0.380727618932724
0.2552858889102936
0.2918754816055298
0.511071503162384
0.33483561873435974
0.1378084272146225
0.14168232679367065
0.3006899654865265
0.7381998300552368
0.36954542994499207
0.29847151041030884
0.16149413585662842
0.4957129955291748
0.7477717399597168
0.4192966818809509
0.5108158588409424
0.14846409857273102
0.4099777638912201
0.5942255258560181
0.7047975063323975
0.4032534658908844
0.18572528660297394
0.5016356706619263
0.37715333700180054
0.13071362674236298
0.30863869190216064
0.1588430553674698
0.5578773021697998
0.3116730749607086
0.19714510440826416
0.3397214114665985
0.35993266105651855
0.31742262840270996
0.3315306603908539
0.4673789143562317
0.27806517481803894
0.17729447782039642
0.36940833926200867
0.7441121935844421
0.45536819100379944
0.4263717234134674
0.5140891671180725
0.12152867019176483
0.23616380989551544
0.4164973795413971
0.20255990326404572
0.7558950185775757
0.2435137927532196
0.5278152227401733
0.17080752551555634
0.3226426839828491
0.2922171950340271
0.2729432284832001
0.2641609311103821
0.8124364018440247
0.43774351477622986
0.6690135598182678
0.19093476235866547
0.3404075503349304
0.24926018714904785
0.5857819318771362
0.5978106260299683
0.6287184953689575
0.41613635420799255
0.13562454283237457
0.4532224237918854
0.716062068939209
0.22877517342567444
0.4265652298927307
0.4033663868904114
0.3937853276729584
0.5107355117797852
0.2117759883403778
0.26864737272262573
0.44333720207214355
0.17349502444267273
0.5414859056472778
0.5714139342308044
0.2068217694759369
0.42600542306900024
0.3191756010055542
0.21198447048664093
0.39810848236083984
0.23933251202106476
0.2370413839817047
0.32177668809890747
0.5843991041183472
0.7388633489608765
0.6140065789222717
0.2884308397769928
1.2174537181854248
0.24955613911151886
0.21441054344177246
0.22617396712303162
0.9126672744750977
0.917759120464325
0.6586187481880188
0.37714147567749023
0.16027212142944336
0.6241745948791504
0.5633956789970398
0.2119203358888626
0.38214826583862305
0.5994769334793091
0.4031211733818054
0.4146145284175873
0.32107463479042053
0.5417181849479675
0.39068856835365295
0.26623624563217163
0.545714259147644
0.43859630823135376
0.6816632151603699
0.2120041400194168
0.500267505645752
0.7892359495162964
0.6158828735351562
0.41348081827163696
0.157133087515831
0.3989409804344177
0.2371099442243576
0.20045849680900574
0.565006673336029
0.2142462283372879
0.5853394269943237
0.40290188789367676
0.3453528583049774
0.3485349714756012
0.5985003709793091
0.3172253966331482
0.3878660798072815
0.2821323275566101
0.9118582010269165
0.220135897397995
0.4974777102470398
0.3891020715236664
0.5460637807846069
0.3026943802833557
0.7079737782478333
0.5461611747741699
0.5388432741165161
0.271765798330307
0.5849534273147583
0.3677433729171753
0.21679306030273438
0.6341660618782043
0.30963000655174255
0.3790970742702484
0.2573344111442566
0.6322296857833862
0.10577858984470367
0.34271159768104553
0.28022563457489014
0.409672349691391
0.5445078015327454
0.6714658737182617
0.250235378742218
0.31257468461990356
0.38558512926101685
0.37363335490226746
0.33432283997535706
0.2873120903968811
0.532805323600769
0.39214661717414856
0.5546174645423889
0.44887775182724
0.3287733197212219
0.6016398668289185
0.27758491039276123
0.40458640456199646
0.5327885150909424
0.19595806300640106
0.25809139013290405
0.2865697741508484
0.18839432299137115
0.22998245060443878
0.26826992630958557
0.5729659795761108
0.33487552404403687
0.6546334624290466
0.4498145580291748
0.5196921825408936
0.6400505304336548
0.22843798995018005
0.293303906917572
0.21401306986808777
0.6039648652076721
0.2874893844127655
0.2650621831417084
0.2125575989484787
0.7941263914108276
0.3313111364841461
0.46075358986854553
0.26837217807769775
0.7192485928535461
0.6900169253349304
0.5630058646202087
0.13032232224941254
0.2369077503681183
0.13275620341300964
0.36673325300216675
0.37127259373664856
0.3691155016422272
0.38763150572776794
0.25840258598327637
0.41654086112976074
0.4377322793006897
0.5920350551605225
0.7924206256866455
0.3373117446899414
0.554946780204773
0.3770430386066437
1.032402515411377
0.16563227772712708
0.2535359263420105
0.8866173028945923
0.16862216591835022
0.18664602935314178
0.622791588306427
0.33085256814956665
0.1973433643579483
0.2750188112258911
0.45905065536499023
0.2904740273952484
0.9696242213249207
0.4056569039821625
0.52470862865448
0.8668438196182251
0.7622132897377014
0.23132821917533875
0.18415187299251556
0.5241755247116089
0.5888503193855286
0.1889110803604126
0.3034631907939911
0.2862592935562134
0.3265315294265747
0.47868043184280396
0.25876593589782715
0.18651320040225983
0.3193817734718323
0.21873359382152557
0.15641120076179504
0.5067468881607056
0.38292694091796875
0.248308464884758
0.30498355627059937
0.20486792922019958
0.39635610580444336
0.4521085321903229
0.29921823740005493
0.502985417842865
0.09906090050935745
0.15504837036132812
0.47270044684410095
0.21493478119373322
0.4787035584449768
0.3927404284477234
0.18824931979179382
0.3080872893333435
0.2348523885011673
0.7432053685188293
0.33641165494918823
0.4224494993686676
0.4415556490421295
0.6016353368759155
0.07862801849842072
0.4725639224052429
0.18006674945354462
0.06635041534900665
0.3600321114063263
0.27399519085884094
0.24109689891338348
0.5024605989456177
0.24138502776622772
0.4972268044948578
0.23742875456809998
0.5069783926010132
0.2696881592273712
0.30727487802505493
0.6174927949905396
0.5564426779747009
0.3614540994167328
0.2539483308792114
0.27344825863838196
0.5107799768447876
0.7715499401092529
0.42937785387039185
0.617875874042511
0.36136549711227417
0.21830442547798157
0.4027647078037262
0.1417527198791504
0.12971386313438416
0.3685017228126526
0.4355948567390442
0.48986420035362244
0.3406427204608917
0.2499862164258957
0.28887519240379333
0.4904855191707611
0.20294921100139618
0.5526692271232605
0.11626929044723511
0.22668392956256866
0.35619544982910156
0.4759926199913025
0.20285654067993164
0.23406235873699188
0.18829557299613953
0.18658483028411865
0.59348064661026
0.15049798786640167
0.2675669491291046
0.38785478472709656
0.7497711777687073
0.3820670247077942
0.26230886578559875
0.30526626110076904
0.5638789534568787
0.4841099679470062
0.22920818626880646
0.32841283082962036
0.2725747227668762
0.24134612083435059
0.1658639758825302
0.6027023196220398
0.5629833936691284
0.09630116820335388
0.3285254240036011
0.4110180735588074
0.2691078782081604
0.9549907445907593
0.39985641837120056
0.9567497968673706
0.53525310754776
0.18468396365642548
0.25979751348495483
0.1675269901752472
0.29088079929351807
0.2960140109062195
0.333709180355072
0.6564083695411682
0.4427550733089447
0.27984461188316345
0.28625988960266113
0.38455647230148315
1.0082095861434937
0.7367470860481262
0.5589538812637329
0.7239412069320679
0.6575323939323425
0.35306254029273987
0.27010035514831543
0.38264331221580505
0.376403272151947
0.4207313656806946
0.501822292804718
0.3389269709587097
0.26039591431617737
0.4310151934623718
0.4515334665775299
0.5431637167930603
0.3561437726020813
0.5160399675369263
0.3954516649246216
0.5696440935134888
0.42660337686538696
0.3608300983905792
0.28990301489830017
0.26136118173599243
0.16366685926914215
0.3490583896636963
0.33091920614242554
0.20397600531578064
0.6531563401222229
0.35269179940223694
0.2832035422325134
0.252847820520401
0.4543021321296692
0.1309879571199417
0.42211809754371643
1.0683070421218872
0.4820975363254547
0.7841130495071411
0.2989792823791504
0.13393595814704895
0.5417200922966003
0.46468695998191833
0.23541982471942902
0.22181177139282227
0.6360190510749817
0.5193601846694946
0.2975030541419983
0.47663503885269165
0.09735242277383804
0.39008793234825134
0.43055325746536255
0.2411828488111496
0.6148778200149536
0.3742493987083435
0.2712625563144684
0.23609940707683563
0.1455056369304657
0.6519929766654968
0.4854026436805725
0.4994058609008789
0.4036014676094055
0.31148138642311096
0.3278619945049286
0.7934118509292603
0.22616462409496307
0.6340271830558777
0.39502692222595215
0.2797953486442566
0.31201428174972534
0.3592452108860016
0.29706475138664246
0.1055937260389328
0.5669118762016296
0.5423447489738464
0.24345819652080536
0.41361719369888306
0.5035539865493774
0.40697750449180603
0.21315714716911316
0.34950774908065796
0.23502497375011444
0.48717164993286133
0.6808302402496338
0.42390233278274536
0.41018930077552795
0.4131650924682617
0.13861705362796783
0.988160252571106
0.4906741976737976
0.32998502254486084
0.4232662618160248
0.5184947848320007
0.2002880871295929
0.2759709656238556
0.3891795873641968
0.5515300035476685
0.3786732256412506
0.5891450643539429
0.1017526388168335
0.45343154668807983
0.8110416531562805
0.2487756311893463
0.20574244856834412
0.3299941122531891
0.41925549507141113
0.26081427931785583
0.27150657773017883
0.3178190290927887
0.3776385188102722
0.7959004640579224
0.24005138874053955
0.07613099366426468
0.18036441504955292
0.8378320932388306
0.37042391300201416
0.28239795565605164
0.27710074186325073
0.6701387166976929
0.9264046549797058
0.8347838521003723
0.2701890468597412
0.29413753747940063
0.25938501954078674
0.3950386047363281
0.3811182975769043
0.2606901526451111
0.5870627760887146
0.9796465039253235
0.3994729518890381
0.4555441439151764
0.4155448377132416
0.9211128354072571
0.7310134172439575
0.3391018211841583
0.671726405620575
0.26697272062301636
0.4343630373477936
0.5500362515449524
0.2990950644016266
0.8848729133605957
0.25028446316719055
0.39876317977905273
0.2877446413040161
0.2282228171825409
0.31564846634864807
0.4527912139892578
0.23446886241436005
0.3188648819923401
0.2592487037181854
0.30680882930755615
0.881193995475769
0.2988545298576355
0.5691326856613159
0.30692845582962036
0.16739284992218018
0.2892987132072449
0.2827114164829254
0.5456582307815552
0.43843287229537964
0.38448596000671387
0.515619158744812
0.331612765789032
0.4738280773162842
0.354044109582901
0.7681490182876587
0.36743971705436707
0.6342255473136902
0.7020471692085266
0.34636789560317993
0.1505616456270218
0.37103044986724854
0.6260273456573486
0.4364306926727295
0.2979007661342621
0.5577861666679382
0.3699348568916321
0.32112056016921997
0.5073498487472534
0.2422807514667511
0.5569475889205933
0.5914077162742615
0.3713372051715851
0.3308199942111969
0.31838035583496094
0.1994950920343399
0.6266844272613525
0.6689311265945435
0.2810831367969513
0.5001928210258484
0.41424474120140076
0.5602631568908691
0.18019631505012512
0.2044241726398468
0.4142457842826843
0.3140875995159149
1.3026840686798096
0.5129416584968567
0.4472355842590332
0.40213543176651
0.3220978081226349
0.7778332829475403
0.43673405051231384
0.4285303056240082
0.49565353989601135
0.2089625895023346
0.30233046412467957
0.7026137113571167
0.6590501666069031
0.30373460054397583
0.24559374153614044
0.37805843353271484
0.7373549938201904
0.6069813370704651
0.4824373126029968
0.33408308029174805
0.36680564284324646
0.4219975471496582
0.45804324746131897
0.3676774799823761
0.4864675998687744
0.3563464283943176
0.24318695068359375
0.6477501392364502
0.4120326042175293
0.5602375268936157
0.0915360078215599
0.6445218324661255
0.6921525001525879
0.5443017482757568
0.9296236038208008
0.47901850938796997
0.29475054144859314
0.4748252034187317
0.4716070592403412
0.27953019738197327
0.15282849967479706
0.5406192541122437
0.35138610005378723
0.2085311859846115
0.49824920296669006
0.22149884700775146
0.3985157907009125
0.3975978195667267
0.5875107049942017
0.7734144926071167
0.342420756816864
0.4213217794895172
0.35844141244888306
0.36446893215179443
0.16155648231506348
0.6642187833786011
0.4448188841342926
0.7370784282684326
0.3375173509120941
0.19389258325099945
0.3001342713832855
0.20081666111946106
0.12034152448177338
0.29438379406929016
0.2520345449447632
0.21487903594970703
0.2940991520881653
0.17400357127189636
0.48620373010635376
0.2835478186607361
0.5050111413002014
0.39720767736434937
0.3250215947628021
0.7177132964134216
0.43644532561302185
0.3416329026222229
0.5324671864509583
0.15994757413864136
0.4300626218318939
0.3581644594669342
0.5471087694168091
0.4316929280757904
0.18696916103363037
0.3495939373970032
0.5358446836471558
0.297047883272171
0.465878427028656
0.10130254924297333
0.4077054560184479
0.744839072227478
0.24728064239025116
0.5215955376625061
0.6427659392356873
0.20410379767417908
0.5198814272880554
0.4197843074798584
0.2452925443649292
0.22006535530090332
0.4330955147743225
0.3521133065223694
0.3241480588912964
0.30693501234054565
0.6903349757194519
0.4215329587459564
0.3317502439022064
0.28951457142829895
0.3205051124095917
0.2789415121078491
0.4053735136985779
0.5726345777511597
0.2038569450378418
0.4369959831237793
0.08597908169031143
0.5309452414512634
0.826816737651825
0.31154945492744446
0.2716766595840454
0.27247247099876404
0.29094651341438293
0.18475791811943054
0.3736412227153778
0.2954171299934387
0.45487895607948303
0.35667991638183594
0.3573893904685974
0.33855849504470825
0.449289470911026
0.12442457675933838
0.4589994549751282
0.48269549012184143
0.35917916893959045
0.3861348032951355
0.5662596821784973
0.27288398146629333
0.6896594762802124
0.32784563302993774
0.5810227394104004
0.3233160674571991
0.4782889485359192
0.1258162260055542
0.3683803081512451
0.5846390724182129
0.6287017464637756
0.3542356789112091
0.08064958453178406
0.2476687729358673
0.29199153184890747
0.22032883763313293
0.4562906324863434
0.7555955052375793
0.3967594802379608
0.11266133934259415
0.4552922248840332
0.2625408470630646
0.3511127531528473
0.6934091448783875
0.32726410031318665
0.31822189688682556
0.39020851254463196
0.2969130277633667
0.7673952579498291
0.49423733353614807
0.34807613492012024
0.45214447379112244
0.8889405131340027
0.7000812292098999
0.2791241705417633
0.9557005763053894
0.14907220005989075
0.16244307160377502
0.4478303790092468
0.3581311106681824
0.37398919463157654
0.20355696976184845
0.40485304594039917
0.06862963736057281
0.4661025404930115
0.24492256343364716
0.1978626400232315
0.27593663334846497
0.39736634492874146
0.3220626711845398
0.5988397598266602
0.1081131249666214
0.3320952355861664
0.20471079647541046
0.4433247447013855
0.5453417897224426
0.3423619866371155
0.3900373578071594
0.08093012124300003
0.40897148847579956
0.3656790554523468
0.28646963834762573
0.76627516746521
0.2305270880460739
0.449567973613739
0.1880430430173874
0.2721685767173767
0.09980049729347229
0.5041698217391968
0.42446285486221313
0.38155779242515564
0.33296999335289
0.1309310644865036
0.35159456729888916
0.3938041627407074
0.4856397211551666
0.5304195880889893
0.2916561961174011
0.20692189037799835
0.7721531987190247
0.5233423709869385
0.35940057039260864
0.2717476189136505
0.22517076134681702
1.0924850702285767
0.40685153007507324
0.3783999979496002
0.29417693614959717
0.29871782660484314
0.25533464550971985
0.44015949964523315
0.6951183676719666
0.6321464776992798
0.3020072877407074
0.2531105875968933
0.8046863675117493
0.4539138674736023
0.8186798095703125
0.38610321283340454
0.5070844888687134
0.1701604127883911
0.40992721915245056
0.31585684418678284
0.29772692918777466
0.4956994652748108
0.44775718450546265
0.1813035011291504
0.46355924010276794
0.3726436197757721
0.31921622157096863
0.4031944274902344
0.1870589554309845
0.7548760175704956
0.7282728552818298
0.20266513526439667
0.3018907904624939
0.2644731402397156
0.3353123664855957
0.3048602342605591
0.5375797152519226
0.2585463523864746
0.37711140513420105
0.15476420521736145
0.4973610043525696
0.1863776445388794
0.37829065322875977
0.3219276964664459
0.3299909830093384
0.16319657862186432
0.32240352034568787
0.25374138355255127
0.15882501006126404
0.42414307594299316
0.41722360253334045
0.6393749117851257
0.26394540071487427
0.1464020013809204
0.459270715713501
0.27478596568107605
1.1485978364944458
0.4478800296783447
0.5676798820495605
0.22941581904888153
0.3202313482761383
0.3693406581878662
0.18122598528862
0.2658144533634186
0.41452327370643616
0.47731098532676697
0.42788809537887573
0.28281188011169434
0.3941793143749237
0.5049216747283936
0.810757040977478
0.1616872251033783
0.15781061351299286
0.6191110014915466
0.3893250823020935
0.8527193069458008
0.48453831672668457
0.5171110033988953
0.1051088199019432
0.7644384503364563
0.2427368462085724
0.22322063148021698
0.2989811897277832
0.05220062658190727
0.29135996103286743
0.17266681790351868
0.38497036695480347
0.4112145006656647
0.19726145267486572
0.2939600646495819
0.47828537225723267
0.3842572271823883
0.33489543199539185
0.24641020596027374
0.22975167632102966
0.33207884430885315
0.16850262880325317
0.2452894151210785
0.22062501311302185
0.12970146536827087
0.8436975479125977
0.4865032732486725
0.8242014050483704
0.3767324388027191
0.23283521831035614
0.5016909241676331
0.6812449097633362
0.6935210824012756
0.3606650233268738
0.7517196536064148
0.17050959169864655
0.2228821963071823
0.3600890636444092
0.38076943159103394
0.10151158273220062
0.32834526896476746
0.3843320906162262
0.5513578653335571
0.37664830684661865
0.851636528968811
0.33289214968681335
0.3955684304237366
0.47154632210731506
0.6162568926811218
0.4758302569389343
0.20706656575202942
0.5845760107040405
0.39500001072883606
0.10736300051212311
0.23231998085975647
0.34912896156311035
0.38855162262916565
0.4666171967983246
0.24742670357227325
0.25939786434173584
0.818291187286377
0.2608141303062439
0.4164983630180359
0.5067960023880005
0.3134961724281311
0.43439245223999023
0.8005345463752747
0.2753903567790985
0.4090577960014343
0.22120745480060577
0.6495286226272583
0.5078790783882141
0.8500502705574036
0.42300766706466675
0.6455012559890747
0.22457890212535858
0.3500250577926636
0.7420341968536377
0.2393558919429779
0.2861049473285675
0.7658814787864685
0.31202852725982666
0.4610162675380707
0.3172827959060669
0.448151171207428
0.7214373350143433
0.37102454900741577
0.3538876175880432
0.19032499194145203
0.5670958161354065
0.33984270691871643
0.6604688167572021
0.10328242927789688
0.41418734192848206
0.28616124391555786
0.12357409298419952
0.3501860797405243
0.3515106439590454
0.3100094199180603
0.5222547054290771
0.2514224052429199
0.29928821325302124
0.2866174876689911
0.24305586516857147
0.15000919997692108
0.43847331404685974
0.660405158996582
0.22211138904094696
0.578192949295044
0.548674464225769
0.578835129737854
0.23279127478599548
0.23142175376415253
0.49818867444992065
0.1664101630449295
0.5291253328323364
0.09490988403558731
0.44589120149612427
0.19922806322574615
0.38650089502334595
0.4456654489040375
0.4032135009765625
0.3574870824813843
0.42288240790367126
0.26877474784851074
0.5555376410484314
0.5632051825523376
0.4593813419342041
0.5086135864257812
0.5084178447723389
0.5527921915054321
0.18908627331256866
0.4767375886440277
0.49227315187454224
0.08511678874492645
0.950462818145752
0.37729984521865845
0.8062543869018555
0.2215280830860138
0.31370705366134644
0.4763404428958893
0.25962182879447937
0.3548438251018524
0.09391437470912933
0.4273599088191986
0.5347546339035034
0.302256315946579
0.5939229130744934
0.3766912817955017
0.3925172984600067
0.3898366689682007
0.27048105001449585
0.5245548486709595
0.2219723016023636
0.4167221188545227
0.50673907995224
0.6637482047080994
0.5469120740890503
0.18315598368644714
0.4046875536441803
0.36208951473236084
0.45041173696517944
0.48824772238731384
0.3094189167022705
0.714396595954895
0.408963680267334
0.3928096890449524
0.36392951011657715
0.31646233797073364
0.17219820618629456
0.35956698656082153
0.4156666696071625
0.3927721381187439
0.40534156560897827
0.17995670437812805
0.4838145673274994
0.39886319637298584
0.5339038968086243
0.5562199354171753
0.535145103931427
0.4194229245185852
0.29888296127319336
0.3036390244960785
0.45080485939979553
0.31822919845581055
0.5634297728538513
0.6624181270599365
0.33099400997161865
0.31114453077316284
0.23543787002563477
0.1349363476037979
0.39861443638801575
0.5867401957511902
0.6351117491722107
0.4907699227333069
0.5544547438621521
0.7046597599983215
0.6570844054222107
0.31492605805397034
0.34637075662612915
0.4004344046115875
0.2940806746482849
0.1426037847995758
0.31498897075653076
0.3065248131752014
0.23965688049793243
0.30992788076400757
0.24497702717781067
0.38069459795951843
0.5221360921859741
0.33552250266075134
0.9226675033569336
0.6843965649604797
0.9459956288337708
0.4204779267311096
0.3039571940898895
0.31738734245300293
0.18410342931747437
0.6981841325759888
0.23107917606830597
0.47050681710243225
0.72276771068573
0.0370972566306591
0.27242380380630493
0.3998875916004181
0.5179673433303833
0.21430334448814392
0.43290385603904724
0.4305698871612549
0.2900117039680481
0.35363975167274475
0.21325235068798065
0.4722155034542084
0.23742663860321045
0.3237120509147644
0.32805487513542175
0.3033125698566437
0.45597878098487854
0.3505256474018097
0.3789522647857666
0.25262898206710815
0.24141904711723328
0.529656708240509
0.08846031129360199
0.22498801350593567
0.1736864149570465
0.2698597013950348
0.2483709156513214
0.44368815422058105
0.11151536554098129
0.1503031700849533
0.21577540040016174
0.4095073640346527
0.12804833054542542
0.4304882884025574
0.32065972685813904
0.2762569785118103
0.3715208172798157
0.3009971082210541
0.17622599005699158
0.16286024451255798
0.47648295760154724
0.5498143434524536
0.3290858864784241
0.32428398728370667
0.48476141691207886
0.09927885979413986
0.28607600927352905
0.4123435616493225
0.6608258485794067
0.6032963991165161
0.3388002812862396
0.5167020559310913
0.7317336797714233
0.4348108768463135
0.41532760858535767
0.38018032908439636
0.4040447175502777
0.5650261044502258
0.6956228017807007
0.4139128625392914
0.5465488433837891
0.24706527590751648
0.6947405338287354
0.6272105574607849
0.5757008790969849
0.3148128092288971
0.9019080400466919
0.5746580362319946
0.7070294618606567
0.16033194959163666
0.4402974545955658
0.5127435922622681
0.15863856673240662
0.445492684841156
0.3809739649295807
0.6355986595153809
0.23976700007915497
0.37738949060440063
0.3455857038497925
0.3788381814956665
0.6185122132301331
0.36765938997268677
0.22378429770469666
0.4239276945590973
0.7317162156105042
0.28073543310165405
0.13969698548316956
0.470781147480011
0.33266177773475647
0.3966366648674011
0.2060372531414032
0.3894403874874115
0.4033253788948059
0.39475423097610474
0.27656322717666626
0.4015948176383972
0.39865225553512573
0.10944707691669464
0.5834754705429077
0.5367183685302734
0.6335070133209229
0.3523350954055786
0.4154179096221924
0.29316434264183044
0.48867934942245483
0.29757556319236755
0.3542785942554474
0.4407469630241394
0.3965969681739807
0.7895070910453796
0.37899279594421387
0.28806746006011963
0.2066727876663208
0.525706946849823
0.26827874779701233
0.342609167098999
0.197947159409523
0.42586374282836914
0.5587865114212036
0.46345287561416626
0.6118687391281128
0.1679944097995758
0.38422805070877075
0.12700217962265015
0.2311062514781952
0.382946640253067
0.41842445731163025
0.6862127780914307
0.31438785791397095
0.5252524614334106
0.1602506786584854
0.3895121216773987
0.4222290515899658
0.2820882797241211
0.23170629143714905
0.22491785883903503
0.5136247873306274
0.30647480487823486
0.3416532874107361
0.40435895323753357
0.5484223961830139
0.0971178263425827
0.2846340537071228
0.4741295278072357
0.4839998185634613
0.4981760084629059
0.5034127235412598
0.441073477268219
0.25395283102989197
0.1682358682155609
0.47556233406066895
0.34953704476356506
0.1898908019065857
0.39191168546676636
0.34547632932662964
0.4344332218170166
0.5997744798660278
0.43814095854759216
0.31843072175979614
0.21599121391773224
0.38496214151382446
0.7864689826965332
0.22551576793193817
0.4108814597129822
0.4234580397605896
0.2489137202501297
0.3477357029914856
0.5143569111824036
0.33843812346458435
0.40898483991622925
0.29053494334220886
0.4261457324028015
0.4627656042575836
0.18936787545681
0.3041388988494873
0.2033606469631195
0.7736098766326904
0.38772180676460266
0.3218592405319214
0.7203208804130554
0.8401433825492859
0.22784452140331268
0.2914743721485138
0.536098062992096
0.5579522848129272
0.35325655341148376
0.37011396884918213
0.13497820496559143
0.2513359785079956
0.45303481817245483
0.5710160136222839
0.411914587020874
0.5600761771202087
0.25100916624069214
0.4462365508079529
0.42505764961242676
0.4085482060909271
0.3538985252380371
0.3812546133995056
0.3506632149219513
0.3015870451927185
0.1694260686635971
0.6326949596405029
0.4421355724334717
0.2656763195991516
0.38854852318763733
0.3378136456012726
0.4829637408256531
0.541339635848999
0.4085128903388977
0.3931221663951874
0.3937157094478607
0.6091127395629883
0.37841880321502686
0.18623679876327515
0.36849290132522583
0.4585205912590027
0.23218750953674316
0.40752848982810974
0.10769959539175034
0.6096936464309692
0.4771748185157776
0.6290992498397827
0.3350352346897125
0.5829483270645142
0.4640137255191803
0.3767926096916199
0.3427562713623047
0.5279732346534729
0.19418840110301971
0.3833613991737366
0.4809667468070984
0.3199317753314972
0.3904051184654236
0.4315146505832672
0.49995771050453186
0.3241809010505676
0.27259108424186707
0.25644201040267944
0.8238967061042786
0.6822911500930786
1.130017638206482
0.4944128394126892
0.24500951170921326
0.7242909669876099
0.23761633038520813
0.41548195481300354
0.5139508843421936
0.1807919293642044
0.5430096387863159
0.3332729637622833
0.397795706987381
0.3299311101436615
0.23049242794513702
0.3036901354789734
0.19023457169532776
0.39672279357910156
0.4971545338630676
0.13017792999744415
0.6395745873451233
0.08674683421850204
0.3027438521385193
0.1283961832523346
0.2263929396867752
0.6578109264373779
0.3530363440513611
0.31653398275375366
0.44370269775390625
0.7125932574272156
0.2500704228878021
0.541958212852478
0.34423479437828064
0.5432601571083069
0.5678449869155884
0.3789467215538025
0.33314624428749084
0.4364556670188904
0.43849459290504456
0.5145882368087769
0.2797679305076599
0.20088955760002136
0.2537737488746643
0.5692259073257446
0.27997106313705444
1.1399470567703247
0.4446536898612976
0.5122703313827515
0.3940933346748352
0.744073212146759
0.4325186312198639
0.14375479519367218
0.44295135140419006
0.1770610809326172
0.3166455924510956
0.19562140107154846
0.4950034022331238
0.2587509751319885
0.2787584662437439
0.29905810952186584
0.1455281674861908
0.3883975148200989
0.4005298614501953
0.11592811346054077
0.2693637013435364
0.1115240678191185
0.39121049642562866
0.6295411586761475
0.3429013192653656
0.6090760827064514
0.4357331395149231
0.43073731660842896
0.41168659925460815
0.27321916818618774
0.2835765480995178
0.47969022393226624
0.28131943941116333
0.40548691153526306
0.460031658411026
0.4415375590324402
0.5742583274841309
0.17008793354034424
0.1500568985939026
0.36881062388420105
0.7309390306472778
0.253085196018219
0.17281541228294373
0.4996965825557709
0.24691596627235413
0.6007910966873169
0.36395031213760376
0.3248510956764221
0.6075367331504822
0.28667712211608887
0.344429075717926
0.782247006893158
0.15428045392036438
0.5605229735374451
0.2992212176322937
0.2034553587436676
0.5897195935249329
0.27185162901878357
0.3070829212665558
0.7489839792251587
0.13450466096401215
0.16087453067302704
0.14724522829055786
0.2527058720588684
0.8205933570861816
0.5841200351715088
0.20313158631324768
0.18827319145202637
0.29585596919059753
0.3617331087589264
0.7656527161598206
0.3576182723045349
0.31084752082824707
0.16034656763076782
0.21877343952655792
0.6381412148475647
0.3054454028606415
0.36839017271995544
0.4463210999965668
0.14014272391796112
0.24075742065906525
0.6118921041488647
0.45113295316696167
0.5013079643249512
0.6194179654121399
0.5247009992599487
0.4055832326412201
0.08358816057443619
0.17013704776763916
0.8886600732803345
0.4749084413051605
0.3320100009441376
0.6257058382034302
0.4014589786529541
0.14426928758621216
0.3343053162097931
0.5759811401367188
0.4109533429145813
0.3686555027961731
0.2246406078338623
0.6839927434921265
0.23128166794776917
0.36954814195632935
0.17023535072803497
0.6591194272041321
0.7335091233253479
0.8184801340103149
0.7043145298957825
0.19084611535072327
0.2644179165363312
0.24826905131340027
0.2658514082431793
0.33996841311454773
0.44212374091148376
0.22193697094917297
0.37762632966041565
0.40839076042175293
0.35593488812446594
0.18243977427482605
0.6954909563064575
0.7069055438041687
0.2427751123905182
0.7227866053581238
0.3807818591594696
0.4379276633262634
0.34121838212013245
0.3123491406440735
0.9982806444168091
0.24349446594715118
0.308689683675766
0.4358164370059967
0.36490848660469055
0.5891181230545044
0.5410630702972412
0.4760974049568176
0.3070916533470154
0.5640683770179749
0.3932006359100342
0.33167600631713867
0.2508940100669861
0.12159925699234009
0.5602023601531982
0.3821871876716614
0.3580816388130188
0.24239876866340637
0.6103935837745667
0.21816062927246094
0.28306281566619873
0.326890766620636
0.6988732814788818
0.6832977533340454
0.19185808300971985
0.3963990807533264
0.39334017038345337
0.1770532727241516
0.21054379642009735
0.44170433282852173
0.4562368392944336
0.1714915782213211
0.3713320791721344
0.2962256371974945
0.33324339985847473
0.2338201254606247
0.24334299564361572
0.25217756628990173
0.25239962339401245
0.27616024017333984
0.2627679109573364
0.7813647985458374
0.6845588088035583
0.21280398964881897
0.25304359197616577
0.3947427272796631
0.3365628123283386
0.5327349305152893
0.33199554681777954
0.43573999404907227
0.2143295705318451
0.1845737099647522
0.13705489039421082
0.795676052570343
0.5555862784385681
0.6558093428611755
0.5037435293197632
0.4268718361854553
0.44885021448135376
0.4372066557407379
0.3794999420642853
0.24009105563163757
0.6527467966079712
0.41225680708885193
0.5717957615852356
0.645740807056427
0.6432839035987854
0.5935087203979492
0.3132272958755493
0.3704896569252014
0.31935420632362366
0.21141429245471954
0.3122265338897705
0.4011456370353699
0.337943971157074
0.38771626353263855
0.28183385729789734
0.40258270502090454
0.19475258886814117
0.24566419422626495
0.5588592290878296
0.34424951672554016
0.5759924054145813
0.4740486145019531
0.3817799687385559
0.39578670263290405
0.31689882278442383
0.4482420086860657
0.5160151124000549
0.5240777730941772
0.26438993215560913
0.7558484673500061
0.40956467390060425
0.410057932138443
0.6112746000289917
0.35267341136932373
0.5187076330184937
0.27692604064941406
0.19361619651317596
0.5333627462387085
0.33344167470932007
0.5440526604652405
0.5327082872390747
0.41417017579078674
0.22047026455402374
0.2216281145811081
0.18247565627098083
0.6465780735015869
0.3954610526561737
0.5594984889030457
0.3673938810825348
0.2074093520641327
0.5454816818237305
0.1783350259065628
0.2661688029766083
0.35489389300346375
0.514933705329895
0.3019547462463379
0.1427479237318039
0.28353816270828247
0.6477850675582886
0.29660168290138245
0.5344768166542053
0.5854165554046631
0.22995705902576447
0.3668152391910553
0.5872880220413208
0.3574991822242737
0.9895577430725098
0.4499255120754242
0.3492383062839508
0.2349206954240799
0.3556191921234131
0.4440579414367676
0.8785378336906433
0.48959583044052124
0.30984097719192505
0.3340727984905243
0.2791222035884857
0.5919278264045715
0.3032382130622864
0.3246115744113922
0.6196105480194092
0.31708985567092896
0.056605953723192215
0.4042186141014099
0.14163146913051605
0.6024031639099121
0.182991161942482
0.5576158761978149
0.44163352251052856
0.3406619429588318
0.1593768149614334
0.9155806303024292
0.22617967426776886
0.2887573540210724
0.30323585867881775
0.5815536975860596
0.3347845673561096
0.6353256106376648
0.2960740923881531
0.22147247195243835
0.5519555807113647
0.23583047091960907
0.5873335003852844
0.3598291277885437
0.2648046910762787
0.3994137644767761
0.2465170919895172
0.4307594895362854
0.36633041501045227
0.5197097063064575
0.5906391143798828
0.3427513539791107
0.36748436093330383
0.2301732748746872
0.34117645025253296
0.3065601885318756
0.10270433127880096
0.23238639533519745
0.3356180191040039
0.4408196806907654
0.48163294792175293
0.46631351113319397
0.42075294256210327
0.1668914258480072
0.48305970430374146
0.9655070304870605
0.2994951605796814
0.1780954748392105
0.24939748644828796
0.3530006408691406
0.29945454001426697
0.3712460994720459
0.24785897135734558
0.40060386061668396
0.35171055793762207
0.2838194966316223
0.43210864067077637
0.43364518880844116
0.4992995262145996
0.4074128270149231
0.2063409388065338
0.05149507522583008
0.937174916267395
0.3931578993797302
0.25640711188316345
0.3910497725009918
0.2672181725502014
0.28336864709854126
0.5616912245750427
0.5039154291152954
0.728875994682312
0.29504552483558655
0.5584374666213989
0.8494979739189148
0.8274858593940735
0.20167629420757294
0.3436778783798218
0.0835309624671936
0.7714446783065796
0.24438945949077606
0.7167538404464722
0.9269105792045593
0.4155539870262146
0.6123183965682983
0.8483197093009949
0.47049760818481445
0.5215305089950562
0.4358440935611725
0.29287582635879517
0.4096890985965729
0.16651466488838196
0.6586376428604126
0.4135564863681793
0.18292085826396942
0.1636027991771698
0.2738243341445923
0.5032049417495728
0.2524643540382385
0.406872034072876
0.30105477571487427
0.7127877473831177
0.5289190411567688
0.13829362392425537
0.38918015360832214
0.5658131837844849
0.36054468154907227
0.724784255027771
0.23776233196258545
0.485291063785553
0.6350840330123901
0.49006909132003784
0.35246723890304565
0.6266106367111206
0.6400414705276489
0.4482874274253845
0.3779522180557251
0.5438804626464844
0.46555328369140625
0.19363047182559967
0.38493257761001587
0.9174801707267761
0.13375408947467804
0.4640512466430664
0.23955567181110382
0.4218920171260834
0.3383617699146271
0.8783343434333801
0.7523366212844849
0.49044090509414673
0.21377389132976532
0.27670881152153015
0.38830167055130005
0.37932872772216797
0.301559180021286
0.6024216413497925
0.3934345841407776
0.2180720567703247
0.4101439118385315
0.45932134985923767
0.3596126437187195
0.5468388795852661
0.2557187080383301
0.26994985342025757
0.5969772338867188
1.0565444231033325
0.12081368267536163
0.5189579129219055
0.46683841943740845
0.31533879041671753
0.41774025559425354
0.3636859655380249
0.34480899572372437
0.32542386651039124
0.58177649974823
0.46140527725219727
0.11429490894079208
1.0995051860809326
0.5008975863456726
0.6152633428573608
0.14097358286380768
0.17201650142669678
0.3816205859184265
0.4471611976623535
0.7785339951515198
0.44748836755752563
0.4688774049282074
0.37172967195510864
0.8377014994621277
0.2859731614589691
0.8555575609207153
0.2303711473941803
0.41763991117477417
0.42110157012939453
0.29228928685188293
0.34286612272262573
0.39838653802871704
0.06237388774752617
0.17259171605110168
0.6931771636009216
0.18180353939533234
0.2769196331501007
0.3839293122291565
0.4639342725276947
0.3799377381801605
0.22226981818675995
0.13330648839473724
0.6214731931686401
0.49650120735168457
0.3673844039440155
0.428122341632843
0.20643308758735657
0.4698566496372223
0.18377019464969635
0.3577158749103546
0.9183330535888672
0.36247891187667847
0.4014894962310791
0.7256811857223511
0.6831033825874329
0.3669670522212982
0.5934730768203735
0.2869575321674347
0.5293838381767273
0.25997576117515564
0.2547035217285156
0.3452172875404358
0.6006259322166443
0.8476543426513672
0.355940580368042
0.25236088037490845
0.6554896831512451
0.24793250858783722
0.30696919560432434
0.29129382967948914
0.2080787718296051
0.6729727983474731
0.6034497022628784
0.36037951707839966
0.5632246732711792
0.18412083387374878
0.47041717171669006
0.28566017746925354
0.6860944032669067
0.3118440508842468
0.17559367418289185
0.2696756422519684
0.164500430226326
0.08268149197101593
0.2963828146457672
0.6563682556152344
0.1100849136710167
0.19551047682762146
0.37400490045547485
0.4572124481201172
0.719990611076355
0.362357497215271
0.7209959030151367
0.37191352248191833
0.276312917470932
0.4992040693759918
0.3738681674003601
0.4167422652244568
0.5388671159744263
0.557668149471283
0.1291528046131134
0.5797915458679199
0.30157220363616943
0.46633654832839966
0.2738379240036011
0.6242590546607971
0.3592990040779114
0.5437651872634888
0.6241086721420288
0.45968514680862427
0.33671650290489197
0.3445068299770355
0.5280098915100098
0.24555301666259766
0.36136382818222046
0.5405362844467163
0.42346006631851196
0.38200369477272034
0.2197350710630417
0.24901247024536133
0.45973125100135803
0.7014474272727966
0.26834636926651
0.1768110692501068
0.6863928437232971
0.15397118031978607
0.4085629880428314
0.8571736216545105
0.32524359226226807
0.3334972560405731
0.36135879158973694
0.25243520736694336
0.3938143849372864
0.32981744408607483
0.5761992931365967
0.42146652936935425
0.32285845279693604
0.35000863671302795
0.48410969972610474
0.3214556574821472
0.5340511202812195
0.609359622001648
0.45522719621658325
0.1689901500940323
0.24565884470939636
0.6116857528686523
0.1347513645887375
0.27307161688804626
0.5177966952323914
0.2568361759185791
0.35025185346603394
0.6569772958755493
0.3502659797668457
0.43763619661331177
0.21264855563640594
0.4454098343849182
0.26321354508399963
0.2879725396633148
0.42600709199905396
0.2719579339027405
0.42235666513442993
0.1499207764863968
0.5041918754577637
0.36418142914772034
0.5904014706611633
0.1550886631011963
0.5276843309402466
0.6919213533401489
0.3227809965610504
0.6182620525360107
0.3410053849220276
0.4941331744194031
0.7681248784065247
0.38744258880615234
0.28884193301200867
0.4379652142524719
0.14854304492473602
0.19752787053585052
0.3290409445762634
0.3723950684070587
0.4559352993965149
0.40112176537513733
0.19002258777618408
0.29710227251052856
0.21127577126026154
0.35373371839523315
0.21096916496753693
0.5213005542755127
0.5375564694404602
0.4813743233680725
0.39163926243782043
0.2880381643772125
0.7148966789245605
0.39789170026779175
0.28681784868240356
0.42874249815940857
0.05260546877980232
0.5286448001861572
0.20579402148723602
0.29613447189331055
0.783677339553833
0.2659701406955719
0.24987807869911194
0.4100979268550873
0.4881730079650879
0.5974949598312378
0.595366358757019
0.4176953434944153
0.6745167970657349
0.719497799873352
0.21766772866249084
0.3916907012462616
0.3401629328727722
0.6830301284790039
0.7324188351631165
0.2641603350639343
0.23962363600730896
0.31809931993484497
0.7974175810813904
0.47470396757125854
0.22587266564369202
0.06263621896505356
0.409902423620224
0.21856477856636047
0.3033759593963623
0.8789013028144836
0.5437060594558716
0.42635107040405273
1.2571752071380615
0.6474660634994507
0.11511806398630142
0.3940559923648834
0.16272658109664917
0.3098095953464508
0.40879130363464355
0.612939715385437
0.10337692499160767
0.19034209847450256
0.630451500415802
0.394329696893692
0.3953372836112976
0.21374137699604034
0.48661646246910095
0.47425222396850586
0.3124544024467468
0.2571997344493866
0.25946366786956787
0.9159539937973022
0.3963337540626526
0.44971972703933716
0.3796182870864868
0.252693235874176
0.7255390882492065
0.3853371739387512
0.19470545649528503
0.3044082820415497
0.3133634924888611
0.190460205078125
0.6121068596839905
0.4712837338447571
0.4644392132759094
0.5225557088851929
0.45913559198379517
0.30929669737815857
0.4679330885410309
0.385668009519577
0.29388996958732605
0.5771933197975159
0.6225039958953857
0.2813853919506073
0.28661447763442993
0.38760438561439514
0.5230029821395874
0.18646088242530823
0.5249191522598267
0.2191394567489624
0.5583839416503906
0.3903554081916809
0.32988041639328003
0.5703374147415161
0.4596542418003082
0.3122066855430603
0.38402920961380005
0.2768310010433197
0.5500028133392334
0.7126205563545227
0.1041126474738121
0.5570453405380249
0.17112669348716736
0.3887485861778259
0.2747870087623596
0.16507360339164734
0.4031285345554352
0.2370985746383667
0.37125399708747864
0.315687358379364
0.21191005408763885
0.14315280318260193
0.5298413038253784
0.16189531981945038
0.4537487030029297
0.4790244996547699
0.9836556315422058
0.47783222794532776
0.4364531934261322
0.19740808010101318
0.46408724784851074
0.493999719619751
0.43885868787765503
0.5805503726005554
0.2035660296678543
0.36553922295570374
0.22872741520404816
0.4286833703517914
0.5005757808685303
0.6820812225341797
0.5179974436759949
0.3579290807247162
0.33897700905799866
0.2307829111814499
0.4215640127658844
0.5865837931632996
0.47535181045532227
0.23505982756614685
0.21944007277488708
0.41054120659828186
0.3252454698085785
0.5930640697479248
0.5805481672286987
0.8143424987792969
0.2314361035823822
0.6257578134536743
0.40266162157058716
0.3279553949832916
0.20026381313800812
0.09157732874155045
0.5155755877494812
0.287850558757782
0.3537011742591858
0.3923627436161041
0.5327001214027405
0.4554012417793274
0.7756859064102173
0.06661538779735565
0.3285783529281616
0.390633225440979
0.16334261000156403
0.3322785198688507
0.5946240425109863
0.4276677072048187
0.39818310737609863
0.1606173813343048
0.10081559419631958
0.20062553882598877
0.312568336725235
0.22949549555778503
0.44197964668273926
0.25813859701156616
0.24978911876678467
0.2585211992263794
0.3389495015144348
0.46924176812171936
0.28144267201423645
0.26569777727127075
0.26011568307876587
0.30209416151046753
0.28359854221343994
0.4228762984275818
0.4714793562889099
0.2489558756351471
0.5066293478012085
0.7108448147773743
0.46153348684310913
0.2556036114692688
0.19591638445854187
0.9367696046829224
0.33532005548477173
0.7138355374336243
0.4764999747276306
0.360572874546051
0.35724496841430664
0.35181036591529846
0.3557492196559906
0.43996214866638184
0.2766488194465637
0.2598443329334259
0.19726845622062683
0.281404584646225
0.5554118752479553
0.6987396478652954
0.4412704408168793
0.3523212969303131
0.31228935718536377
0.27020135521888733
0.610470175743103
0.21387438476085663
0.25868645310401917
0.22705844044685364
0.38509127497673035
0.2912386655807495
0.3095671534538269
0.4165872037410736
0.8879193067550659
0.32202306389808655
0.30347496271133423
0.4114144742488861
0.4738519787788391
0.22431580722332
0.1624932438135147
0.6682656407356262
0.3183392286300659
1.221638798713684
0.48436814546585083
0.4941384792327881
0.36916667222976685
0.5726763010025024
0.14812469482421875
0.23074749112129211
0.36889609694480896
0.46321845054626465
0.1862308233976364
0.6113206148147583
0.6092963814735413
0.1811128854751587
0.2785056531429291
0.3524760901927948
0.25484946370124817
0.24840626120567322
0.3372188210487366
0.2768804132938385
0.1932370513677597
0.5245658755302429
0.16125592589378357
0.1781088262796402
0.4622487425804138
0.5112307667732239
0.4032577574253082
0.38906508684158325
0.2621127665042877
0.33440035581588745
0.266670286655426
0.39549747109413147
0.1279461681842804
0.30651795864105225
0.7130211591720581
0.7825285792350769
0.4915836453437805
0.3333512246608734
0.32265833020210266
0.29835277795791626
0.2596719563007355
0.3063993453979492
0.21388888359069824
0.15198568999767303
0.1954849362373352
0.8380818367004395
0.25627338886260986
0.3196123540401459
0.38608574867248535
0.60382080078125
0.5506262183189392
0.20993728935718536
0.5576674342155457
0.3139007091522217
0.34360644221305847
0.032812636345624924
0.5076340436935425
0.6116257309913635
0.23662209510803223
0.24704411625862122
0.3768213391304016
0.4763954281806946
0.25014275312423706
0.4789561331272125
0.16459773480892181
0.3636070191860199
0.16995839774608612
0.536625325679779
0.6264118552207947
0.3812665343284607
0.7157595753669739
0.30733799934387207
0.5826016068458557
0.7338553667068481
0.47690343856811523
0.2700468897819519
0.17994263768196106
0.4292324185371399
0.1687389761209488
0.5928587317466736
0.36130696535110474
0.1693459451198578
0.21692824363708496
0.6994667053222656
0.1738748997449875
0.29392609000205994
0.4785589575767517
0.4479825496673584
0.2164676934480667
0.5495887994766235
0.646379828453064
0.392087459564209
0.20229561626911163
0.3122308850288391
0.163490429520607
0.12081532180309296
0.3112231492996216
0.5205860733985901
0.5811721086502075
0.27588769793510437
0.4485766291618347
0.48133745789527893
0.19446194171905518
0.7835615873336792
0.6867781281471252
0.30358830094337463
0.23731958866119385
0.5522242784500122
0.39215195178985596
0.45334500074386597
0.446692556142807
0.22842247784137726
0.1616978943347931
0.3336455821990967
0.9480921030044556
0.5803558230400085
0.361540287733078
0.3195825219154358
0.42299383878707886
0.1782379299402237
0.15336070954799652
0.8084834218025208
0.24415886402130127
0.2863386571407318
0.548786461353302
0.19110581278800964
0.2423572987318039
0.20389609038829803
0.6219815015792847
0.5342458486557007
0.3873940408229828
0.4023307263851166
0.27289026975631714
0.5414319634437561
0.3796069324016571
0.35171839594841003
0.330982506275177
0.30223798751831055
0.4097975194454193
0.20183038711547852
1.0852086544036865
0.49167466163635254
0.35889992117881775
0.14602240920066833
1.0463478565216064
0.08944456279277802
0.3103485703468323
0.590096116065979
0.21867874264717102
0.5298979878425598
0.3861945569515228
0.20111370086669922
0.5750218629837036
0.4932679235935211
0.31334954500198364
0.19857081770896912
0.3629900813102722
0.5816947221755981
0.3222995400428772
0.4206611216068268
0.34080231189727783
0.7665345668792725
0.48150601983070374
0.5041411519050598
0.5133942365646362
0.9907159805297852
0.49452370405197144
0.3743513524532318
0.4472730755805969
0.7738903760910034
0.6523265242576599
0.49437180161476135
0.34332701563835144
0.3123392164707184
0.2260228395462036
0.4464091658592224
0.5799239277839661
0.1740536242723465
0.3867146670818329
0.8122867345809937
0.2787072956562042
0.554374635219574
0.34202003479003906
0.309247225522995
0.18099865317344666
0.3904446065425873
0.5351313948631287
0.2923472821712494
0.17131271958351135
0.3358237147331238
0.30161982774734497
0.3613259196281433
0.5841203927993774
0.4520385265350342
0.6200494170188904
0.4816877245903015
1.0256128311157227
0.3917113244533539
0.23706865310668945
0.5182598829269409
0.5269105434417725
0.2960214912891388
0.4237820506095886
0.23599295318126678
0.575163722038269
0.1746535748243332
0.2935045659542084
0.45268145203590393
0.11931200325489044
0.07400963455438614
0.44354382157325745
0.2773554027080536
0.28462284803390503
0.1673005074262619
0.3190526068210602
0.5149272084236145
0.14870521426200867
0.23958389461040497
0.1603105217218399
0.29517287015914917
0.6796684265136719
0.5068503618240356
0.22238865494728088
0.43940359354019165
0.5872132182121277
0.19119851291179657
0.14350555837154388
0.7009122371673584
0.6223745942115784
0.8039701581001282
0.16831502318382263
0.5032520890235901
0.4026035666465759
0.21093817055225372
0.5037326812744141
0.6276382207870483
0.3510550558567047
0.4286222457885742
0.25010019540786743
0.7377127408981323
0.34746330976486206
0.18091019988059998
0.41651400923728943
0.0867975652217865
0.2177666425704956
0.263571172952652
0.918319582939148
0.3083550035953522
0.2660387456417084
0.145121768116951
0.9260088205337524
0.31908130645751953
0.6479014158248901
0.5311347246170044
0.2772397994995117
0.5236912965774536
0.2963387370109558
0.27838775515556335
0.27361613512039185
0.15419960021972656
0.3650355041027069
0.44464007019996643
0.26968899369239807
0.5937638282775879
0.25915926694869995
0.4279630184173584
0.5068976879119873
0.38882869482040405
0.16282811760902405
0.3018437623977661
0.2594669759273529
0.25218015909194946
0.5452321767807007
0.4556259512901306
0.5460742712020874
0.4626937508583069
0.3044474124908447
0.41645389795303345
0.6376292109489441
0.25701090693473816
0.2125205546617508
0.25435200333595276
0.18636322021484375
0.35677072405815125
0.209598109126091
0.23310880362987518
0.10041850805282593
0.267231822013855
0.06407014280557632
0.30223309993743896
0.4818313717842102
0.47404345870018005
0.26454880833625793
0.47271233797073364
0.4654829502105713
0.6550688147544861
0.18526214361190796
0.2848026156425476
0.4812745451927185
0.21215471625328064
0.37797701358795166
0.347734272480011
0.7964564561843872
0.4884902536869049
0.14442941546440125
0.500882089138031
0.31679219007492065
0.15464672446250916
0.3064373731613159
0.38230061531066895
0.6513026356697083
0.4157702922821045
0.621756911277771
0.1896781623363495
0.26202622056007385
0.4352918267250061
0.050276439636945724
0.18784359097480774
0.3281983733177185
0.22934481501579285
0.36161142587661743
0.09796068072319031
0.1655299961566925
0.49507516622543335
0.3460162281990051
0.10631822049617767
0.5643969774246216
0.3592973053455353
0.6344014406204224
0.7618984580039978
0.47898751497268677
0.2017408162355423
0.24908940494060516
0.4177984595298767
0.28127968311309814
0.29232555627822876
0.3693021237850189
0.3515761196613312
0.18484416604042053
0.38328996300697327
0.7294450402259827
0.2259015589952469
0.3814285099506378
0.16998876631259918
0.30328142642974854
0.2434547394514084
0.2897928059101105
0.31104570627212524
0.15161140263080597
0.3757574260234833
0.5110116600990295
0.48625898361206055
0.498422771692276
0.7033566236495972
0.23548373579978943
0.3187406659126282
0.046164557337760925
0.1928931027650833
0.6620652079582214
0.3331601321697235
0.4154297411441803
0.47444915771484375
0.16117045283317566
0.4316028654575348
0.24566225707530975
0.928386390209198
0.9584261775016785
0.523611843585968
0.40774211287498474
0.7241294384002686
0.17132309079170227
0.4727462828159332
0.5104350447654724
0.5047956109046936
0.19215695559978485
0.8072656393051147
0.3102149963378906
0.20215220749378204
1.7050392627716064
0.27009567618370056
0.4819994866847992
0.4813266694545746
0.6070104837417603
0.35829854011535645
0.23160973191261292
0.3533993363380432
0.31428098678588867
0.1794719249010086
0.6665607690811157
0.6438772082328796
0.5042175054550171
0.38335514068603516
0.5973432660102844
0.6385654211044312
0.8354001045227051
0.29762738943099976
0.5569280385971069
0.2103942185640335
0.36760321259498596
0.5508853793144226
0.4752957820892334
0.15411795675754547
0.12741760909557343
0.39139729738235474
0.3532683253288269
0.3400741517543793
0.16938576102256775
0.260577529668808
0.4712086319923401
0.9096981883049011
0.4512721002101898
0.38519757986068726
0.3849408030509949
0.08638475835323334
0.25860896706581116
0.22332315146923065
0.2886620759963989
0.3365670144557953
0.1835101693868637
0.4951407015323639
0.3572503626346588
0.30708974599838257
0.24290701746940613
0.6782896518707275
0.1445532888174057
0.16055801510810852
0.5893884897232056
0.3286563456058502
0.344230592250824
0.48045283555984497
0.4142785966396332
0.9287060499191284
0.5014966130256653
0.3280700147151947
0.6244663596153259
0.32079896330833435
0.4988548159599304
0.32341432571411133
0.7336043119430542
0.232879638671875
0.2731797397136688
0.32456517219543457
0.9389488101005554
0.18273712694644928
0.4520292282104492
0.4604182243347168
0.3950592875480652
0.253097265958786
0.5105090141296387
0.27391141653060913
0.2502906918525696
0.3554772138595581
0.1961696892976761
0.6856163740158081
0.15417106449604034
0.35966357588768005
0.9638376235961914
0.17145100235939026
0.6711639165878296
0.20476193726062775
0.25683683156967163
0.24865500628948212
0.46706923842430115
0.48865947127342224
0.22879603505134583
0.47702527046203613
0.21584752202033997
0.2615453004837036
0.9070396423339844
0.20339849591255188
0.2683165967464447
0.6853073835372925
1.041152834892273
0.4787982404232025
1.0375263690948486
0.44497108459472656
0.32652825117111206
0.47934669256210327
0.5659855604171753
0.40288394689559937
0.44297295808792114
0.28963127732276917
0.4582308232784271
0.25733330845832825
0.2626693844795227
0.4682775139808655
0.14693644642829895
0.1824682056903839
0.12797550857067108
0.5570448637008667
0.3622986078262329
0.4385681748390198
1.0764360427856445
0.43669015169143677
0.8719100952148438
0.21009448170661926
0.22931647300720215
0.25103241205215454
0.6386823654174805
0.23511159420013428
0.7724999785423279
0.12874707579612732
0.5434548854827881
0.2828974723815918
0.7912486791610718
0.39996010065078735
1.3550262451171875
0.3669013977050781
0.32228389382362366
0.4108025133609772
0.5146034955978394
0.4014694094657898
0.38746634125709534
0.6353058815002441
0.4950559735298157
0.3534369468688965
0.5067232847213745
0.1457679718732834
1.0237869024276733
0.35986119508743286
0.5284806489944458
0.38839420676231384
0.8653866052627563
0.1791340559720993
0.48435693979263306
0.5827842950820923
0.27462393045425415
0.3558187782764435
0.43286290764808655
0.7727036476135254
0.29587864875793457
0.570692777633667
0.26682761311531067
0.3697734475135803
0.3129865825176239
0.31220102310180664
0.3184678852558136
0.1195729523897171
0.7944905757904053
0.33275794982910156
0.48121732473373413
0.5643632411956787
0.2845972180366516
0.4464278221130371
0.615575909614563
0.4795108437538147
0.1840604841709137
0.6220639944076538
0.1818963587284088
0.17948803305625916
0.39520323276519775
0.3390102982521057
0.5478144884109497
0.4147934913635254
0.23558783531188965
0.6461256146430969
0.22110363841056824
0.2969130575656891
0.7319633960723877
0.3974609076976776
0.08435726165771484
0.2878391146659851
0.4388647675514221
0.2991647720336914
0.26373058557510376
0.2890439033508301
0.1883188784122467
0.3234536945819855
0.35712555050849915
0.5547738075256348
0.43324071168899536
0.3502521812915802
0.2937183678150177
0.352944552898407
0.5696370601654053
0.3008648455142975
0.5654072761535645
0.36120808124542236
0.4543359875679016
0.27676594257354736
0.3859313130378723
0.3020726144313812
0.12648126482963562
0.3518431484699249
0.32608968019485474
0.6013943552970886
0.6773771047592163
0.40127772092819214
0.4510363042354584
0.3337191641330719
0.378632128238678
0.4188999533653259
0.43208345770835876
0.519670307636261
0.11961762607097626
0.9245104789733887
0.4368165135383606
0.9355674982070923
0.27736741304397583
0.3694361746311188
0.23849427700042725
0.28077971935272217
0.4664310812950134
0.4707776606082916
0.16326741874217987
0.2973986268043518
0.34551146626472473
0.31496796011924744
0.1748569905757904
0.20816484093666077
0.25052228569984436
0.6916393041610718
0.2637485861778259
0.1931266188621521
0.6046366691589355
0.1768631935119629
0.2971941828727722
0.45835012197494507
0.45827966928482056
0.2963927090167999
0.7322807312011719
0.4045320451259613
0.336591899394989
0.37423133850097656
0.44703540205955505
0.3619438111782074
0.3896162211894989
0.2911723554134369
0.20970287919044495
0.41859427094459534
0.6697822213172913
0.4361332356929779
0.6716048717498779
0.16108962893486023
0.2114393413066864
0.4665222764015198
0.112337127327919
0.256364643573761
0.5083480477333069
0.19335801899433136
0.7057509422302246
0.24995799362659454
0.2888222932815552
0.4069979190826416
0.20040181279182434
0.13458964228630066
0.6648752689361572
0.2508648931980133
0.25914332270622253
0.5532652139663696
0.6051621437072754
0.23189571499824524
0.35970619320869446
0.28606051206588745
0.7953216433525085
0.20753204822540283
0.6506036520004272
0.34446626901626587
0.36631637811660767
0.25646311044692993
0.19769874215126038
0.568144679069519
0.44637584686279297
0.32485097646713257
0.3865472078323364
0.24829480051994324
0.4514774680137634
0.5564117431640625
0.4654925465583801
0.2643182873725891
0.4908048212528229
0.3829701542854309
0.16256186366081238
0.9649235606193542
0.133916974067688
0.43446117639541626
0.47665101289749146
0.6189290285110474
0.14624658226966858
0.2242581844329834
0.6280620694160461
0.38554030656814575
0.17204561829566956
0.47444015741348267
0.17496347427368164
0.33500155806541443
0.5841366052627563
0.23498472571372986
0.29607412219047546
0.6815277338027954
0.6051385402679443
0.36549562215805054
0.6482759118080139
0.2852822244167328
0.616603672504425
0.17160573601722717
0.9448583722114563
0.47446638345718384
0.33216720819473267
0.4810940623283386
0.14951737225055695
0.19903860986232758
0.358826220035553
0.4099392294883728
0.2203676700592041
0.43031901121139526
0.30904263257980347
0.40124616026878357
0.5519407391548157
0.9224736094474792
0.25158172845840454
0.22636885941028595
0.22340282797813416
0.29778197407722473
0.4752783179283142
0.5882372856140137
0.21833042800426483
0.5348502993583679
0.4256352484226227
0.422353595495224
0.12380620092153549
0.6676087379455566
0.26252520084381104
0.15106196701526642
0.2985878586769104
0.3213576376438141
0.20560748875141144
0.5040287375450134
0.3562164902687073
0.7284454107284546
0.2782194912433624
0.9341453313827515
0.3662855625152588
0.2331254929304123
0.1121581643819809
0.5244508981704712
0.22132806479930878
0.40390023589134216
0.21131682395935059
0.4323226809501648
0.42621928453445435
0.417700856924057
0.16588062047958374
0.4245483875274658
0.5496454238891602
0.21479633450508118
0.2134496420621872
0.654615581035614
0.244196817278862
0.534658670425415
0.47166305780410767
0.3936801850795746
0.20533497631549835
0.5885074138641357
0.3249236047267914
0.7438890337944031
0.22310717403888702
0.3800027370452881
0.4161953926086426
0.3782527446746826
0.1724337786436081
0.3246626853942871
0.2873120903968811
0.713922917842865
0.3794425427913666
0.5561262369155884
0.2807597815990448
0.4471933841705322
0.09926469624042511
0.1868305504322052
0.8226755261421204
0.47675418853759766
0.4076693058013916
0.44582313299179077
0.2426302433013916
0.7792078256607056
0.26008063554763794
0.2032899409532547
0.190708726644516
0.2770874798297882
0.43133145570755005
0.5800797343254089
0.149454727768898
0.08646566420793533
0.8306666612625122
0.5415552258491516
0.4852677881717682
0.6147834062576294
0.296682208776474
0.3791966140270233
0.7544220685958862
0.5560821294784546
0.25815263390541077
0.30170395970344543
0.24386155605316162
0.7712829113006592
0.5815193057060242
0.26221415400505066
0.3369830250740051
0.3859494626522064
0.14924070239067078
0.4270936846733093
0.35533055663108826
0.6295300722122192
0.32332104444503784
0.6073471903800964
0.20972371101379395
0.5161663889884949
0.2882421910762787
0.5882542133331299
0.3622286319732666
0.2515637278556824
0.1541123241186142
0.3134195804595947
0.4561685621738434
0.3814912438392639
0.7369913458824158
0.2562726140022278
0.14382512867450714
0.42229795455932617
0.3842028081417084
0.14094741642475128
0.32143205404281616
0.2439659833908081
0.9020174145698547
0.30974116921424866
0.8289041519165039
0.24916978180408478
0.44102802872657776
0.41324034333229065
0.2833307385444641
0.40420156717300415
0.12256292253732681
0.5696474313735962
0.5074556469917297
0.5483493804931641
0.23638753592967987
0.34808820486068726
0.2838006019592285
0.7984737157821655
0.4565807282924652
0.3799557089805603
0.2532176673412323
0.2954196631908417
0.5071455240249634
0.33635565638542175
0.1353490650653839
0.1410781741142273
0.29252538084983826
0.7218733429908752
0.3670628070831299
0.2967095375061035
0.16091926395893097
0.48282790184020996
0.7466665506362915
0.410355806350708
0.5063275098800659
0.1471421718597412
0.41155967116355896
0.5938321948051453
0.7100855112075806
0.40608325600624084
0.18782195448875427
0.4961603581905365
0.3774740397930145
0.12924425303936005
0.3028118312358856
0.15495580434799194
0.5609059929847717
0.3087269365787506
0.19684956967830658
0.3280162215232849
0.35342997312545776
0.31822508573532104
0.3312391936779022
0.46131786704063416
0.2750515043735504
0.17907853424549103
0.36269816756248474
0.7491171360015869
0.44842666387557983
0.42195039987564087
0.5048880577087402
0.13021501898765564
0.2366163432598114
0.41272181272506714
0.20130805671215057
0.7519213557243347
0.24422280490398407
0.5305846929550171
0.16860327124595642
0.3175916075706482
0.29087895154953003
0.2713896930217743
0.25687679648399353
0.8034541010856628
0.44006839394569397
0.6668616533279419
0.19200262427330017
0.33323919773101807
0.2167385369539261
0.5887673497200012
0.6018380522727966
0.6163007616996765
0.41473203897476196
0.13267484307289124
0.4526641368865967
0.7115978598594666
0.2257576286792755
0.4283294677734375
0.4026450514793396
0.39785826206207275
0.5000133514404297
0.2079342156648636
0.26458659768104553
0.4395853877067566
0.1704443395137787
0.5398763418197632
0.5661138296127319
0.19981059432029724
0.425312340259552
0.3215140402317047
0.21519255638122559
0.39587709307670593
0.24430246651172638
0.23409023880958557
0.3151169419288635
0.5849902033805847
0.7355181574821472
0.6086680293083191
0.2929272949695587
1.2049424648284912
0.24791064858436584
0.21604041755199432
0.22456708550453186
0.9137483835220337
0.9128854870796204
0.660385251045227
0.3689534366130829
0.15787385404109955
0.6253460049629211
0.5644180774688721
0.20664791762828827
0.35992148518562317
0.6040886044502258
0.39490193128585815
0.40941864252090454
0.31416743993759155
0.5304304361343384
0.3919137120246887
0.2644421458244324
0.537239134311676
0.43242746591567993
0.6706942319869995
0.21500174701213837
0.4851812720298767
0.777464747428894
0.6025067567825317
0.41082867980003357
0.15752269327640533
0.39759600162506104
0.23828642070293427
0.19090703129768372
0.5585740804672241
0.21039554476737976
0.5853663682937622
0.4007163941860199
0.33866387605667114
0.3506886959075928
0.5946385860443115
0.31547290086746216
0.3881826102733612
0.27822381258010864
0.9081811904907227
0.2182992398738861
0.4900728166103363
0.38447412848472595
0.5409618616104126
0.3028854727745056
0.6941593289375305
0.5447156429290771
0.5361586809158325
0.27287134528160095
0.5815707445144653
0.3648877739906311
0.22062912583351135
0.624468207359314
0.3092864155769348
0.3801960051059723
0.2592480778694153
0.6180950403213501
0.10279400646686554
0.33236825466156006
0.2726222574710846
0.41267910599708557
0.5345276594161987
0.6595827341079712
0.25029847025871277
0.31183236837387085
0.3880866765975952
0.3704792857170105
0.33297351002693176
0.2840401530265808
0.5308265686035156
0.3904528021812439
0.5537193417549133
0.44870296120643616
0.32108497619628906
0.6033884286880493
0.27671128511428833
0.4014487862586975
0.5252618193626404
0.1950305998325348
0.23983779549598694
0.28324246406555176
0.18688032031059265
0.229959174990654
0.2642933428287506
0.5552975535392761
0.3287127614021301
0.6477296948432922
0.44508615136146545
0.5142292380332947
0.6354647874832153
0.22568011283874512
0.2923450469970703
0.21698181331157684
0.6017974019050598
0.2904819846153259
0.2649957239627838
0.20957836508750916
0.7950356602668762
0.32944703102111816
0.45445185899734497
0.262775719165802
0.7133106589317322
0.6855829954147339
0.5619661808013916
0.1282728761434555
0.23096521198749542
0.12936276197433472
0.363413542509079
0.3724247217178345
0.3745202422142029
0.38978680968284607
0.25735583901405334
0.4066476821899414
0.4288204312324524
0.60281902551651
0.7890456318855286
0.33445316553115845
0.5470796823501587
0.37391752004623413
1.0231940746307373
0.16430184245109558
0.25544291734695435
0.8816096186637878
0.166804701089859
0.1835235208272934
0.6196445822715759
0.32842645049095154
0.19677619636058807
0.2747328579425812
0.45520228147506714
0.2908262610435486
0.9581448435783386
0.40879446268081665
0.5164000391960144
0.8696082830429077
0.7526070475578308
0.22793948650360107
0.17859014868736267
0.5148404836654663
0.5836316347122192
0.18772700428962708
0.2975354790687561
0.28241610527038574
0.32260802388191223
0.47626200318336487
0.25354111194610596
0.18465648591518402
0.31585296988487244
0.21651604771614075
0.15489763021469116
0.5039703845977783
0.379954069852829
0.24866652488708496
0.3034520745277405
0.2041415423154831
0.39395028352737427
0.454943984746933
0.3028651475906372
0.4980379045009613
0.09965954720973969
0.15216128528118134
0.469815731048584
0.21261624991893768
0.4754040837287903
0.38734790682792664
0.18613187968730927
0.3056222200393677
0.23458687961101532
0.7437805533409119
0.33550411462783813
0.4206141531467438
0.4426303505897522
0.5943914651870728
0.07893270999193192
0.47357049584388733
0.1788729876279831
0.06679333746433258
0.3553187847137451
0.2688829302787781
0.24382540583610535
0.5032979846000671
0.2404870241880417
0.4970112442970276
0.2344065010547638
0.5063434839248657
0.2673001289367676
0.3052537143230438
0.6098386645317078
0.5547035932540894
0.35633549094200134
0.2503071427345276
0.2725558876991272
0.5058907270431519
0.7684078812599182
0.42544808983802795
0.6215914487838745
0.35771307349205017
0.21704979240894318
0.39972180128097534
0.14252713322639465
0.12754260003566742
0.36655354499816895
0.4341954290866852
0.488255113363266
0.33509090542793274
0.25052836537361145
0.2843007445335388
0.48822221159935
0.2006698101758957
0.5462080240249634
0.11463971436023712
0.22220054268836975
0.3354799151420593
0.4873075485229492
0.20149466395378113
0.2339315414428711
0.18123207986354828
0.18543043732643127
0.5894240140914917
0.14513333141803741
0.26402580738067627
0.380847305059433
0.7479209899902344
0.37568891048431396
0.2580965757369995
0.3042169511318207
0.5521340370178223
0.48065608739852905
0.22627615928649902
0.32915547490119934
0.2694464325904846
0.23756161332130432
0.16358721256256104
0.6005952954292297
0.5580223202705383
0.09514597058296204
0.32420989871025085
0.41462334990501404
0.2644156217575073
0.9510981440544128
0.39484506845474243
0.9345167875289917
0.5338993072509766
0.1801752895116806
0.24988126754760742
0.16581255197525024
0.2870543599128723
0.2846325933933258
0.3325534462928772
0.654863715171814
0.43407711386680603
0.27934640645980835
0.28775957226753235
0.3620755970478058
0.9956933259963989
0.7289249300956726
0.5641329884529114
0.7245576977729797
0.6526535153388977
0.34221577644348145
0.27066946029663086
0.38131171464920044
0.3571777045726776
0.4157349467277527
0.4967952370643616
0.3350685238838196
0.25689566135406494
0.41816797852516174
0.46094974875450134
0.5188286304473877
0.3568318784236908
0.5131093859672546
0.39163488149642944
0.5648974180221558
0.4277673661708832
0.36293575167655945
0.28952211141586304
0.25762516260147095
0.1621486246585846
0.34536924958229065
0.32876020669937134
0.20190973579883575
0.6623860597610474
0.35710152983665466
0.2798404395580292
0.25697484612464905
0.4628291130065918
0.12992632389068604
0.4188418388366699
1.0583232641220093
0.4817255437374115
0.7711386680603027
0.30034562945365906
0.13671907782554626
0.5389763116836548
0.4597816467285156
0.2330981194972992
0.21704837679862976
0.6410495042800903
0.5128723382949829
0.2890080213546753
0.4579518735408783
0.09449224174022675
0.38515782356262207
0.42243146896362305
0.23749013245105743
0.6020500063896179
0.3733384609222412
0.2755853235721588
0.23109230399131775
0.14871534705162048
0.6457914710044861
0.48767614364624023
0.49120888113975525
0.40334805846214294
0.31073614954948425
0.32886558771133423
0.789593517780304
0.23179347813129425
0.6492372751235962
0.391333669424057
0.27871567010879517
0.3121023178100586
0.35779693722724915
0.30190572142601013
0.10364170372486115
0.5645334124565125
0.5399723649024963
0.23413541913032532
0.4088969826698303
0.49950748682022095
0.4043542444705963
0.20824742317199707
0.35412847995758057
0.23395363986492157
0.49471616744995117
0.6965051889419556
0.41908660531044006
0.38295552134513855
0.40849393606185913
0.1385536789894104
0.9821402430534363
0.4939946234226227
0.32025498151779175
0.41661280393600464
0.5178429484367371
0.197211354970932
0.27832695841789246
0.38462358713150024
0.5608943104743958
0.38520312309265137
0.5840331315994263
0.09978308528661728
0.44925037026405334
0.8169598579406738
0.24968549609184265
0.20893922448158264
0.32755136489868164
0.4098567068576813
0.25713664293289185
0.2689250111579895
0.3127516806125641
0.3777562975883484
0.778821587562561
0.23750391602516174
0.07608457654714584
0.17923887073993683
0.8323342204093933
0.36967623233795166
0.27678558230400085
0.2711598575115204
0.6660861372947693
0.9195869565010071
0.8299016952514648
0.27140137553215027
0.2900581955909729
0.2630440592765808
0.3698625862598419
0.37729611992836
0.2600732445716858
0.5831974148750305
0.9450397491455078
0.4006775915622711
0.4544617235660553
0.4090961515903473
0.9069260358810425
0.7423786520957947
0.34885674715042114
0.668778657913208
0.2664719521999359
0.43446165323257446
0.5553911924362183
0.29175299406051636
0.8784072995185852
0.24873414635658264
0.3959335684776306
0.28001266717910767
0.23038670420646667
0.3202950954437256
0.4537782073020935
0.2309757024049759
0.31845778226852417
0.25712382793426514
0.3045259118080139
0.8611894845962524
0.30311569571495056
0.5630065202713013
0.30258169770240784
0.1680162250995636
0.28260162472724915
0.2801721394062042
0.555453360080719
0.4348978102207184
0.3878459930419922
0.5153549909591675
0.3388093411922455
0.4845448136329651
0.34737449884414673
0.760363757610321
0.35531848669052124
0.6278979182243347
0.7079042196273804
0.334977388381958
0.15037092566490173
0.34837257862091064
0.6246363520622253
0.43653878569602966
0.30490177869796753
0.5465754270553589
0.3627907633781433
0.33341315388679504
0.5026194453239441
0.24047842621803284
0.5498378872871399
0.577591598033905
0.36673593521118164
0.3231048583984375
0.3096556067466736
0.2098064422607422
0.621491014957428
0.6708115339279175
0.2762822210788727
0.49832311272621155
0.41100484132766724
0.5608237981796265
0.18080808222293854
0.20204253494739532
0.4094676375389099
0.313455194234848
1.2954738140106201
0.5073005557060242
0.445270836353302
0.40561041235923767
0.32663923501968384
0.7698682546615601
0.42910581827163696
0.43202272057533264
0.49471908807754517
0.20514464378356934
0.2936927378177643
0.7096167802810669
0.6625070571899414
0.29609179496765137
0.24628841876983643
0.37009143829345703
0.7299268245697021
0.6053696870803833
0.4783289432525635
0.3302878141403198
0.3630668520927429
0.434314101934433
0.4551693797111511
0.3669443726539612
0.474870502948761
0.35922619700431824
0.24742856621742249
0.6531800031661987
0.41067400574684143
0.563774824142456
0.0874766856431961
0.644578218460083
0.6788271069526672
0.5424524545669556
0.9264116287231445
0.4773639738559723
0.29593223333358765
0.47045761346817017
0.4770503044128418
0.2806336581707001
0.14354655146598816
0.5360801219940186
0.34763720631599426
0.20516245067119598
0.5047299861907959
0.22087781131267548
0.3941158652305603
0.3820960223674774
0.5758836269378662
0.7833872437477112
0.34123334288597107
0.415059894323349
0.3507682681083679
0.3641321063041687
0.15659914910793304
0.6542236804962158
0.4426027834415436
0.740190863609314
0.34172120690345764
0.19160179793834686
0.301382839679718
0.2018050253391266
0.11766821146011353
0.29302746057510376
0.2469528168439865
0.22618916630744934
0.2956025004386902
0.16889512538909912
0.4827260375022888
0.2839408218860626
0.507729709148407
0.3977535367012024
0.3165680766105652
0.7111705541610718
0.43096956610679626
0.33327773213386536
0.5261436700820923
0.15793564915657043
0.42778700590133667
0.358858585357666
0.5509153008460999
0.43404093384742737
0.18326397240161896
0.34698063135147095
0.5350272059440613
0.29706621170043945
0.461700439453125
0.09987387806177139
0.40670761466026306
0.7353023290634155
0.24640266597270966
0.5248038172721863
0.6406419277191162
0.2022763043642044
0.5230308771133423
0.40787753462791443
0.2458510845899582
0.2168930023908615
0.43441519141197205
0.35178041458129883
0.3246389925479889
0.30759671330451965
0.6792681217193604
0.4262208938598633
0.32472389936447144
0.2887362539768219
0.3178730905056
0.2691424787044525
0.40039896965026855
0.5741277933120728
0.19632156193256378
0.4539131224155426
0.08493320643901825
0.5234159231185913
0.8266531229019165
0.30717042088508606
0.26963379979133606
0.2740247845649719
0.2881206274032593
0.18768011033535004
0.3696037232875824
0.29507869482040405
0.4517962336540222
0.35440900921821594
0.3588043451309204
0.33179134130477905
0.4516746401786804
0.1206284761428833
0.4558536410331726
0.5007652044296265
0.36374178528785706
0.39086994528770447
0.5613929033279419
0.26804450154304504
0.6795491576194763
0.32914310693740845
0.5689302086830139
0.3162868022918701
0.479119211435318
0.12218298017978668
0.36308524012565613
0.5777028799057007
0.625180721282959
0.3523927927017212
0.07902180403470993
0.24878716468811035
0.28885072469711304
0.21092858910560608
0.460061252117157
0.7341750860214233
0.3991052508354187
0.11427778005599976
0.4468804895877838
0.26076120138168335
0.3474090099334717
0.6940006017684937
0.32298287749290466
0.31539982557296753
0.38484299182891846
0.2950740158557892
0.7545897960662842
0.4873081147670746
0.34856289625167847
0.42942628264427185
0.8710880279541016
0.6878306865692139
0.27839457988739014
0.9478310346603394
0.13517209887504578
0.16051045060157776
0.44399183988571167
0.356778085231781
0.3667844831943512
0.2048064023256302
0.40961283445358276
0.07006733119487762
0.4586208462715149
0.24253365397453308
0.1967869997024536
0.26695725321769714
0.39623957872390747
0.31270644068717957
0.5939066410064697
0.10682215541601181
0.32834887504577637
0.20186717808246613
0.4410625398159027
0.5433222055435181
0.3461953401565552
0.38955405354499817
0.07797340303659439
0.4000914990901947
0.3649633526802063
0.2833423614501953
0.7428684830665588
0.22719630599021912
0.43829545378685
0.18772360682487488
0.26396286487579346
0.09885838627815247
0.4951944351196289
0.41752609610557556
0.38286370038986206
0.3299112021923065
0.13166582584381104
0.3400384187698364
0.39266636967658997
0.48475760221481323
0.5340043902397156
0.2902600169181824
0.208836629986763
0.761025607585907
0.5167747735977173
0.35620832443237305
0.26979508996009827
0.22398118674755096
1.0945450067520142
0.3995596468448639
0.377392053604126
0.2907222509384155
0.2979956269264221
0.25487345457077026
0.4352336823940277
0.6891552209854126
0.6294182538986206
0.2913084924221039
0.25252294540405273
0.7980281114578247
0.4517733156681061
0.8101941347122192
0.38500818610191345
0.5129995346069336
0.17174503207206726
0.4222300052642822
0.3143353760242462
0.2939677834510803
0.4925166666507721
0.4457865357398987
0.17256565392017365
0.4582540988922119
0.37531858682632446
0.3017226457595825
0.4059881269931793
0.18614311516284943
0.7579299211502075
0.7252469062805176
0.20111680030822754
0.30148348212242126
0.2635939419269562
0.3340107798576355
0.3055395483970642
0.5327350497245789
0.2549058198928833
0.3748610019683838
0.1510012447834015
0.5050860643386841
0.17765328288078308
0.37555834650993347
0.31431546807289124
0.3301606774330139
0.15960678458213806
0.3176729083061218
0.254070520401001
0.15819618105888367
0.42152541875839233
0.4159383773803711
0.6337848901748657
0.2583605647087097
0.147030770778656
0.45700350403785706
0.2729288935661316
1.1544830799102783
0.4489200711250305
0.5706494450569153
0.22896090149879456
0.31869596242904663
0.36841729283332825
0.18209241330623627
0.2654378116130829
0.41556376218795776
0.4778386056423187
0.42622146010398865
0.2777661085128784
0.3967530131340027
0.505017876625061
0.8161916732788086
0.15822267532348633
0.1594696342945099
0.6175339818000793
0.38778963685035706
0.8217946887016296
0.4819301962852478
0.5107725858688354
0.10032223165035248
0.7586221694946289
0.23679104447364807
0.22068455815315247
0.29752084612846375
0.05140332132577896
0.2818757891654968
0.17256754636764526
0.3807486891746521
0.40982121229171753
0.19607478380203247
0.2768150866031647
0.47787660360336304
0.3823792338371277
0.32973361015319824
0.2457742691040039
0.22925281524658203
0.3310447335243225
0.17308977246284485
0.2459055483341217
0.2168155163526535
0.12613186240196228
0.8401229977607727
0.4878220558166504
0.825319766998291
0.3752067983150482
0.23391218483448029
0.49943265318870544
0.6815520524978638
0.6814202666282654
0.36125507950782776
0.7564610242843628
0.17135749757289886
0.22173145413398743
0.36282896995544434
0.3750138580799103
0.10181339830160141
0.3266318440437317
0.38186684250831604
0.552967369556427
0.3732406795024872
0.848302960395813
0.3311806321144104
0.39309096336364746
0.4661257863044739
0.615585207939148
0.4773411750793457
0.2078462541103363
0.5826188325881958
0.3979896605014801
0.10488049685955048
0.22960810363292694
0.3491618037223816
0.3919805884361267
0.4688866138458252
0.24806027114391327
0.26119232177734375
0.8107191324234009
0.26144906878471375
0.41229766607284546
0.5090787410736084
0.3137597143650055
0.4458584785461426
0.7615304589271545
0.2731589376926422
0.40918779373168945
0.21492502093315125
0.6406577825546265
0.5117439031600952
0.8429136276245117
0.424370139837265
0.6435927748680115
0.22165410220623016
0.347537100315094
0.7352805733680725
0.23620684444904327
0.29552245140075684
0.7740014791488647
0.30646076798439026
0.4527513086795807
0.3094175457954407
0.43455424904823303
0.713238537311554
0.3686853051185608
0.35643309354782104
0.19061990082263947
0.5640188455581665
0.3420121967792511
0.6598596572875977
0.10180504620075226
0.4181448817253113
0.2862146198749542
0.12609586119651794
0.34643739461898804
0.3455902934074402
0.3100307583808899
0.5209746956825256
0.24524402618408203
0.29680171608924866
0.28235089778900146
0.244033545255661
0.14533409476280212
0.4261934161186218
0.6502576470375061
0.2205129861831665
0.5740053057670593
0.5374831557273865
0.5787780284881592
0.2323387861251831
0.19492900371551514
0.49005383253097534
0.1579129844903946
0.522431492805481
0.09037467837333679
0.44182127714157104
0.19758953154087067
0.3851608335971832
0.4449854791164398
0.39751774072647095
0.35792750120162964
0.42058229446411133
0.2628277838230133
0.5522037744522095
0.555244505405426
0.4599636197090149
0.5081660747528076
0.5088735818862915
0.5505992770195007
0.19489018619060516
0.4824638366699219
0.5107324123382568
0.08275549113750458
0.9274263381958008
0.3690876066684723
0.8025806546211243
0.2193337380886078
0.3070211708545685
0.48230400681495667
0.2545217275619507
0.36502891778945923
0.09242051839828491
0.4233786165714264
0.5322941541671753
0.297675758600235
0.5898792147636414
0.3702901303768158
0.39554640650749207
0.3875066637992859
0.2670922875404358
0.5285636186599731
0.21875575184822083
0.41771045327186584
0.5049296617507935
0.6724753379821777
0.533454179763794
0.18657264113426208
0.4040786325931549
0.3508876860141754
0.4414817690849304
0.4915149211883545
0.3016718626022339
0.7142671346664429
0.409979909658432
0.39261335134506226
0.3677228093147278
0.32385915517807007
0.17355921864509583
0.35294559597969055
0.4049864709377289
0.3939647972583771
0.40246525406837463
0.17973431944847107
0.4834805130958557
0.3941805958747864
0.533207893371582
0.5497516989707947
0.5358379483222961
0.41700154542922974
0.29798823595046997
0.3017691671848297
0.45789211988449097
0.31215617060661316
0.5616120100021362
0.6578702330589294
0.31764620542526245
0.31521934270858765
0.2357470691204071
0.1348847895860672
0.39303964376449585
0.5840300917625427
0.6333875060081482
0.48379746079444885
0.5478153824806213
0.7039488554000854
0.64197838306427
0.31344932317733765
0.34625813364982605
0.3969150185585022
0.29024219512939453
0.14061783254146576
0.31235936284065247
0.3090382218360901
0.2491636574268341
0.31139814853668213
0.2494143545627594
0.3799135088920593
0.5123479962348938
0.33472558856010437
0.9071437120437622
0.6675929427146912
0.948235034942627
0.41604217886924744
0.29791805148124695
0.3171589970588684
0.18175315856933594
0.6971911787986755
0.2295805662870407
0.47798681259155273
0.7248642444610596
0.04034227132797241
0.2691722512245178
0.3840225636959076
0.5195159912109375
0.220680832862854
0.4307117462158203
0.4283810257911682
0.2896612286567688
0.35895657539367676
0.2142413854598999
0.47940126061439514
0.23414404690265656
0.3256323039531708
0.3283693492412567
0.2983708679676056
0.45375680923461914
0.3471388518810272
0.3731224536895752
0.2512757182121277
0.238491028547287
0.5317308306694031
0.08783333748579025
0.22627373039722443
0.17025147378444672
0.26841452717781067
0.25014179944992065
0.4326320290565491
0.1109534353017807
0.1518935263156891
0.210259348154068
0.3834548890590668
0.12808288633823395
0.43237751722335815
0.32226797938346863
0.27000653743743896
0.3729182779788971
0.2926551401615143
0.17430245876312256
0.16147468984127045
0.47182875871658325
0.5277019143104553
0.33390140533447266
0.32232600450515747
0.4759494662284851
0.09553714096546173
0.28210628032684326
0.4124777317047119
0.657048225402832
0.6002724766731262
0.33971133828163147
0.5184852480888367
0.7370773553848267
0.43090495467185974
0.4135759770870209
0.386513352394104
0.4023701250553131
0.5761094689369202
0.7001410722732544
0.41142043471336365
0.5576716661453247
0.2374512404203415
0.6938381195068359
0.6224893927574158
0.5714401006698608
0.318968802690506
0.8979241251945496
0.5740419030189514
0.7119341492652893
0.16114336252212524
0.44424566626548767
0.5085874795913696
0.15629532933235168
0.4439757764339447
0.38050955533981323
0.6308018565177917
0.2358277142047882
0.3781541883945465
0.33906570076942444
0.38457807898521423
0.6141443252563477
0.36423689126968384
0.2181093692779541
0.4192503094673157
0.7289759516716003
0.2768978774547577
0.13742348551750183
0.47065430879592896
0.3338058590888977
0.39773908257484436
0.20172002911567688
0.3826088607311249
0.39965933561325073
0.3897720277309418
0.2665402293205261
0.402852863073349
0.39406877756118774
0.10675039142370224
0.5825781226158142
0.521642804145813
0.6319405436515808
0.3515811264514923
0.4093089699745178
0.29480665922164917
0.4956967234611511
0.3044717609882355
0.354741632938385
0.43671783804893494
0.39726680517196655
0.7728005051612854
0.372820645570755
0.29241472482681274
0.20139169692993164
0.5267143249511719
0.2599512040615082
0.3377927839756012
0.19572755694389343
0.4198148846626282
0.5589771270751953
0.4545510411262512
0.6005481481552124
0.16158083081245422
0.3960888683795929
0.12635132670402527
0.23031094670295715
0.38274773955345154
0.42526936531066895
0.6909822821617126
0.31607723236083984
0.5263460874557495
0.15306456387043
0.38827893137931824
0.41972288489341736
0.28086620569229126
0.22744426131248474
0.2315244972705841
0.5028568506240845
0.29579636454582214
0.33505377173423767
0.4024905562400818
0.5432080030441284
0.0922631174325943
0.28672558069229126
0.4742658734321594
0.4824672341346741
0.49374422430992126
0.501052975654602
0.4407176971435547
0.25332021713256836
0.1672242432832718
0.4688541889190674
0.3406338095664978
0.1815584897994995
0.3949444890022278
0.3461674153804779
0.4287581443786621
0.5981436967849731
0.43458762764930725
0.3108622431755066
0.2136474847793579
0.38153955340385437
0.7827810645103455
0.2283749133348465
0.4129818081855774
0.40541306138038635
0.2520797550678253
0.34927505254745483
0.5151911973953247
0.335109680891037
0.4084116816520691
0.28872162103652954
0.4241541028022766
0.45662784576416016
0.19121097028255463
0.2951381206512451
0.2043265402317047
0.7604047060012817
0.3953979015350342
0.318614661693573
0.7143614888191223
0.8344420194625854
0.22342655062675476
0.28931549191474915
0.5303877592086792
0.5452818870544434
0.3557851016521454
0.3648534119129181
0.13293537497520447
0.24865582585334778
0.45686402916908264
0.5665832161903381
0.40524739027023315
0.5322275757789612
0.24993014335632324
0.45052796602249146
0.4241405427455902
0.4146592617034912
0.34810295701026917
0.37765249609947205
0.356609582901001
0.2997170090675354
0.16135266423225403
0.6251229047775269
0.4339776039123535
0.2556667625904083
0.3815862834453583
0.33439841866493225
0.4761897027492523
0.5388697981834412
0.4118558466434479
0.38845473527908325
0.38404765725135803
0.6054686307907104
0.37051400542259216
0.18536467850208282
0.3625670075416565
0.4531056880950928
0.23733754456043243
0.38144251704216003
0.10762794315814972
0.6167067289352417
0.47394895553588867
0.6221440434455872
0.3284401297569275
0.5781156420707703
0.45752495527267456
0.37466269731521606
0.3487013578414917
0.5202586650848389
0.19242066144943237
0.368288516998291
0.4764876961708069
0.3229049742221832
0.38626471161842346
0.4334898591041565
0.49594345688819885
0.32547226548194885
0.2666233479976654
0.2557225823402405
0.8163834810256958
0.6811006665229797
1.1257902383804321
0.49594002962112427
0.24836139380931854
0.7177189588546753
0.23429381847381592
0.4115067422389984
0.5054780840873718
0.1806669682264328
0.5395419001579285
0.32743915915489197
0.400520384311676
0.33031541109085083
0.23219594359397888
0.30354422330856323
0.1850108802318573
0.3862890303134918
0.4894861578941345
0.1307198852300644
0.6326272487640381
0.08441352099180222
0.29499876499176025
0.12721386551856995
0.22542798519134521
0.6501833200454712
0.35101595520973206
0.31008487939834595
0.43542957305908203
0.71141517162323
0.2507970929145813
0.5397166013717651
0.34107986092567444
0.5393150448799133
0.5631405711174011
0.37501659989356995
0.3329717814922333
0.4355546832084656
0.4303581118583679
0.5145543813705444
0.2779189944267273
0.1945718228816986
0.249969482421875
0.5679142475128174
0.2726860046386719
1.1435277462005615
0.4338681101799011
0.5062687397003174
0.39057081937789917
0.744198739528656
0.429497629404068
0.1445855349302292
0.4391222596168518
0.17321427166461945
0.3184770345687866
0.1932383030653
0.4588779807090759
0.2564017176628113
0.273761123418808
0.2938773036003113
0.1463627815246582
0.3872615694999695
0.3987819254398346
0.11379170417785645
0.26847413182258606
0.11048473417758942
0.3830479085445404
0.6085680723190308
0.34400251507759094
0.5998555421829224
0.42923110723495483
0.42870330810546875
0.41597121953964233
0.27142971754074097
0.2776124179363251
0.4834935665130615
0.2844589352607727
0.4062255918979645
0.4474167227745056
0.43980932235717773
0.5793347358703613
0.16292861104011536
0.14993789792060852
0.3685842752456665
0.6968726515769958
0.25161558389663696
0.17136014997959137
0.5053059458732605
0.24297039210796356
0.5965006351470947
0.36391475796699524
0.32202741503715515
0.6029138565063477
0.28675875067710876
0.3410995900630951
0.7752879858016968
0.15317709743976593
0.5740087032318115
0.30368825793266296
0.201559379696846
0.5918763279914856
0.26935118436813354
0.3083084225654602
0.7439675331115723
0.13122938573360443
0.1570158153772354
0.14429819583892822
0.2546783983707428
0.8168582916259766
0.5829247832298279
0.20124514400959015
0.18641892075538635
0.29061204195022583
0.3529776334762573
0.7620819807052612
0.3527746796607971
0.3111642897129059
0.1596309095621109
0.21207550168037415
0.6334482431411743
0.3119519352912903
0.36300280690193176
0.4394427239894867
0.1300567090511322
0.24185290932655334
0.6003865003585815
0.44907599687576294
0.49506354331970215
0.6262577772140503
0.5227116346359253
0.39797863364219666
0.0826687216758728
0.1679704487323761
0.8832094073295593
0.46992549300193787
0.3314688205718994
0.6275011301040649
0.4043366014957428
0.14317339658737183
0.33353355526924133
0.5740542411804199
0.4126080572605133
0.36797896027565
0.22202003002166748
0.6841318011283875
0.23005974292755127
0.3662682771682739
0.17164361476898193
0.656896710395813
0.745620608329773
0.8165947198867798
0.7109586000442505
0.19744226336479187
0.25986748933792114
0.2495589554309845
0.26109403371810913
0.3376227021217346
0.431913286447525
0.21748915314674377
0.365537166595459
0.41046494245529175
0.3528220057487488
0.1821068823337555
0.6922182440757751
0.7033156752586365
0.23666468262672424
0.7217908501625061
0.37621602416038513
0.4379158914089203
0.34121590852737427
0.3127484917640686
0.9643771052360535
0.24143917858600616
0.2965448498725891
0.4281708598136902
0.354845255613327
0.5934401750564575
0.5384688973426819
0.4734746515750885
0.2957368493080139
0.5660818815231323
0.386832594871521
0.3229479491710663
0.25001388788223267
0.12200149148702621
0.5590842962265015
0.3781415820121765
0.3562299609184265
0.24038498103618622
0.606134295463562
0.21732422709465027
0.2761055827140808
0.3164811432361603
0.7015692591667175
0.6871688365936279
0.19225452840328217
0.3955065608024597
0.3920401930809021
0.17552247643470764
0.21106302738189697
0.43951502442359924
0.4576714038848877
0.1678074598312378
0.369547575712204
0.2965288758277893
0.3335161805152893
0.2342611849308014
0.24115081131458282
0.24547047913074493
0.25218185782432556
0.27512601017951965
0.2612268328666687
0.775588870048523
0.6840943694114685
0.21302282810211182
0.2537223994731903
0.37023860216140747
0.3333579897880554
0.5320156812667847
0.33215782046318054
0.428332656621933
0.21296894550323486
0.18614137172698975
0.135904461145401
0.810519814491272
0.5285752415657043
0.661954402923584
0.4931139349937439
0.42590466141700745
0.44865089654922485
0.4358733296394348
0.37893247604370117
0.2365351915359497
0.6552819013595581
0.40696224570274353
0.5734983086585999
0.6488592028617859
0.6388460993766785
0.5910419821739197
0.3066510558128357
0.35895609855651855
0.3111318051815033
0.20606712996959686
0.3018442392349243
0.40215641260147095
0.33018845319747925
0.3847654461860657
0.2811890244483948
0.4013957381248474
0.19494310021400452
0.2469707727432251
0.5509331226348877
0.3405414819717407
0.5792797803878784
0.47563260793685913
0.37606412172317505
0.3993113040924072
0.32480868697166443
0.44775429368019104
0.5208519697189331
0.5249811410903931
0.26287704706192017
0.7458599805831909
0.41318249702453613
0.40828728675842285
0.6035808324813843
0.34696120023727417
0.5198425650596619
0.28016936779022217
0.1941402405500412
0.5276051759719849
0.33117377758026123
0.5367061495780945
0.528878927230835
0.4137110710144043
0.2180200070142746
0.21970410645008087
0.18265485763549805
0.6455659866333008
0.3957304358482361
0.5568960905075073
0.3624674081802368
0.20526668429374695
0.5514155626296997
0.17760971188545227
0.26582270860671997
0.353439599275589
0.5101054906845093
0.3012123703956604
0.13974405825138092
0.27996116876602173
0.6403321027755737
0.29993754625320435
0.5313034057617188
0.5884915590286255
0.22330251336097717
0.3656943440437317
0.5878356695175171
0.35522279143333435
0.9960824251174927
0.4491128921508789
0.3411587178707123
0.23595523834228516
0.35297122597694397
0.4418531060218811
0.8745685815811157
0.4931088984012604
0.30645954608917236
0.33328622579574585
0.2777814269065857
0.5937619209289551
0.3012595474720001
0.3198421001434326
0.6166530251502991
0.3157810866832733
0.05552758648991585
0.4006856381893158
0.137277752161026
0.6003932952880859
0.17867495119571686
0.5397499203681946
0.4405469000339508
0.3358241319656372
0.1534758061170578
0.920506477355957
0.22389435768127441
0.286255419254303
0.30173417925834656
0.5733238458633423
0.33404430747032166
0.6174283027648926
0.2931087613105774
0.21778301894664764
0.5476087331771851
0.2325136363506317
0.5875482559204102
0.3562561869621277
0.26111122965812683
0.39562422037124634
0.25300344824790955
0.4262464642524719
0.36270686984062195
0.5117579698562622
0.589763879776001
0.3357766568660736
0.36200258135795593
0.22659370303153992
0.3426865339279175
0.3034515678882599
0.10330386459827423
0.22695545852184296
0.3354916572570801
0.4372953474521637
0.48159122467041016
0.4586030840873718
0.4173102378845215
0.16012433171272278
0.48685869574546814
0.9581069946289062
0.29758718609809875
0.18484529852867126
0.24371245503425598
0.3437935709953308
0.2950630187988281
0.3697740137577057
0.24549591541290283
0.3995179533958435
0.350675106048584
0.28378570079803467
0.4292096495628357
0.4358248710632324
0.49471989274024963
0.4102751314640045
0.2051144391298294
0.051457326859235764
0.9350199699401855
0.3926786184310913
0.2545207738876343
0.39201781153678894
0.2629726827144623
0.28994330763816833
0.5516930818557739
0.5034462213516235
0.722812294960022
0.293593168258667
0.5536998510360718
0.8329108953475952
0.817825973033905
0.19959756731987
0.34477490186691284
0.08331100642681122
0.775264322757721
0.2473899871110916
0.702261209487915
0.9265342950820923
0.41057223081588745
0.6248413324356079
0.8458719253540039
0.46374526619911194
0.5206531286239624
0.4266568720340729
0.29296639561653137
0.40810269117355347
0.16298474371433258
0.6624863147735596
0.40670332312583923
0.1839742660522461
0.1604943871498108
0.273420512676239
0.4989870488643646
0.24808862805366516
0.4067232012748718
0.3024905323982239
0.7053728103637695
0.5254126191139221
0.1388830542564392
0.3870749771595001
0.5520363450050354
0.3433423340320587
0.7216507196426392
0.239528626203537
0.4915975034236908
0.6233446598052979
0.4863816201686859
0.35266363620758057
0.6218563318252563
0.6276348829269409
0.4492010176181793
0.3776063919067383
0.5464354157447815
0.46636733412742615
0.1896931380033493
0.38252243399620056
0.9102280735969543
0.1296996772289276
0.4501129984855652
0.23747389018535614
0.414295494556427
0.3387170732021332
0.8684653043746948
0.7433294057846069
0.49291595816612244
0.21768462657928467
0.26904410123825073
0.3850474953651428
0.3737088143825531
0.30112022161483765
0.5924032330513
0.3904954195022583
0.22140803933143616
0.40751829743385315
0.46185222268104553
0.3523140549659729
0.5420502424240112
0.24921663105487823
0.2691798210144043
0.5903661251068115
1.059057354927063
0.1246245950460434
0.5095276832580566
0.4622814655303955
0.3094232380390167
0.4180392622947693
0.36297744512557983
0.3420272469520569
0.32482051849365234
0.579835057258606
0.44738784432411194
0.11252184212207794
1.0987268686294556
0.49874815344810486
0.5978420972824097
0.1384701430797577
0.17616531252861023
0.38366422057151794
0.44376689195632935
0.7740813493728638
0.4412599503993988
0.46566519141197205
0.3691820502281189
0.83472740650177
0.2913932204246521
0.8330304026603699
0.18604843318462372
0.4203082025051117
0.4183579385280609
0.3018819987773895
0.343900203704834
0.3955584168434143
0.05988715961575508
0.16984882950782776
0.6848058700561523
0.17552272975444794
0.276760071516037
0.37647825479507446
0.4631558954715729
0.3730282485485077
0.21482396125793457
0.13105061650276184
0.6199939250946045
0.4753991961479187
0.3719865679740906
0.42059358954429626
0.20082001388072968
0.4697440266609192
0.18446867167949677
0.34612274169921875
0.9002000689506531
0.3595418930053711
0.3954557478427887
0.7184618711471558
0.6877377033233643
0.36598315834999084
0.5901544094085693
0.2886863946914673
0.5373227000236511
0.257177472114563
0.2519300580024719
0.3361784517765045
0.5980850458145142
0.8438955545425415
0.3349277973175049
0.2507336735725403
0.6479531526565552
0.2501746416091919
0.30535778403282166
0.28775298595428467
0.20835070312023163
0.6651537418365479
0.6057325005531311
0.3610808253288269
0.5711017847061157
0.18365129828453064
0.4534216821193695
0.2885843813419342
0.678684413433075
0.3095502257347107
0.17124126851558685
0.2659725546836853
0.16273143887519836
0.08314595371484756
0.28126779198646545
0.6424061059951782
0.10614410787820816
0.190379336476326
0.3719964921474457
0.45131438970565796
0.7111167907714844
0.3600814640522003
0.7196642756462097
0.36282017827033997
0.2753419578075409
0.4990937113761902
0.3611861765384674
0.4094421863555908
0.5360828638076782
0.554752767086029
0.12400879710912704
0.5736305117607117
0.29951921105384827
0.45789971947669983
0.27185216546058655
0.6297325491905212
0.36347565054893494
0.5393434762954712
0.6190325617790222
0.4602089822292328
0.33877071738243103
0.3426165282726288
0.5322055220603943
0.23338837921619415
0.36353206634521484
0.5369960069656372
0.41420474648475647
0.37688523530960083
0.21983973681926727
0.24710139632225037
0.45881110429763794
0.694520890712738
0.26358717679977417
0.17292462289333344
0.6855104565620422
0.1508500725030899
0.41234979033470154
0.8611624836921692
0.3203945755958557
0.33010944724082947
0.3626401722431183
0.24803873896598816
0.3765999376773834
0.31980857253074646
0.5641213059425354
0.41895347833633423
0.32207897305488586
0.35219523310661316
0.4803503453731537
0.3239273428916931
0.5284193754196167
0.6086413860321045
0.4572544991970062
0.16526071727275848
0.2436409294605255
0.617057204246521
0.13357894122600555
0.274262398481369
0.5214420557022095
0.2536616623401642
0.34519970417022705
0.6548106074333191
0.3537488877773285
0.43572816252708435
0.21154427528381348
0.4439791738986969
0.26075974106788635
0.28698062896728516
0.42148685455322266
0.2704392373561859
0.42301949858665466
0.14967671036720276
0.5035630464553833
0.36078956723213196
0.5871334671974182
0.1564152091741562
0.5242045521736145
0.6887409687042236
0.3168257176876068
0.6175792217254639
0.3386455178260803
0.486083984375
0.7682393789291382
0.38516396284103394
0.29114484786987305
0.4304015636444092
0.14872202277183533
0.1941598355770111
0.3284967541694641
0.3744775056838989
0.44991177320480347
0.39539650082588196
0.18713104724884033
0.2927321791648865
0.20768317580223083
0.35155245661735535
0.20866870880126953
0.5199137926101685
0.5394245982170105
0.48315852880477905
0.38801291584968567
0.28451138734817505
0.7110897302627563
0.39639702439308167
0.27916809916496277
0.42623695731163025
0.05096174404025078
0.5204870700836182
0.20119623839855194
0.29472750425338745
0.7782812118530273
0.266436368227005
0.2503586709499359
0.40702325105667114
0.48550695180892944
0.5999668836593628
0.5989067554473877
0.42459815740585327
0.673507034778595
0.7180187106132507
0.2133570909500122
0.3949123024940491
0.33959779143333435
0.6833469867706299
0.7157278060913086
0.26309555768966675
0.23678135871887207
0.31246626377105713
0.7957755923271179
0.4741614758968353
0.22464406490325928
0.061890698969364166
0.40987294912338257
0.21489915251731873
0.3052147626876831
0.8796659708023071
0.5435853004455566
0.4292956292629242
1.249441385269165
0.6376369595527649
0.11593504250049591
0.3949356973171234
0.1594877541065216
0.30408579111099243
0.4019300043582916
0.6140632033348083
0.10234806686639786
0.18867924809455872
0.6256771087646484
0.39353519678115845
0.39265722036361694
0.19877174496650696
0.4843822419643402
0.47217005491256714
0.30978238582611084
0.25026020407676697
0.2557622790336609
0.909223198890686
0.3850579857826233
0.4414389729499817
0.3765609860420227
0.25501757860183716
0.7202660441398621
0.3851185441017151
0.1910923719406128
0.2967647314071655
0.3086082637310028
0.18500620126724243
0.6038910150527954
0.4639803469181061
0.46107810735702515
0.521108090877533
0.4549936354160309
0.3012855350971222
0.4639565944671631
0.3839520812034607
0.2999373972415924
0.5718738436698914
0.6249880790710449
0.27490681409835815
0.2862655520439148
0.3894840478897095
0.5145260691642761
0.1816454529762268
0.5254095792770386
0.21448180079460144
0.5602973699569702
0.3796224594116211
0.329876184463501
0.565743088722229
0.45750436186790466
0.3036462664604187
0.38029465079307556
0.2777006924152374
0.5497835874557495
0.6991016864776611
0.10052774846553802
0.5508139729499817
0.16855542361736298
0.3828163146972656
0.2680937647819519
0.15799389779567719
0.40343204140663147
0.23944835364818573
0.36915117502212524
0.3071001172065735
0.21201464533805847
0.14377513527870178
0.5147711038589478
0.16169695556163788
0.44998425245285034
0.46886080503463745
0.9766818284988403
0.47241872549057007
0.4298204481601715
0.19420664012432098
0.46324482560157776
0.49840793013572693
0.43732109665870667
0.5739323496818542
0.20328299701213837
0.36197763681411743
0.228372722864151
0.42312318086624146
0.5067683458328247
0.6514313220977783
0.5225827693939209
0.3499598801136017
0.3377339541912079
0.22572720050811768
0.41819995641708374
0.5842569470405579
0.4778102934360504
0.23399829864501953
0.21601036190986633
0.40847253799438477
0.3243463933467865
0.5922257900238037
0.5800427794456482
0.8038371205329895
0.23645834624767303
0.6201678514480591
0.40119457244873047
0.3304637372493744
0.19850537180900574
0.09062071889638901
0.5077592730522156
0.2871520221233368
0.3492334485054016
0.38996580243110657
0.5244112610816956
0.45000356435775757
0.7611058950424194
0.06654582917690277
0.3276953399181366
0.38276150822639465
0.1616983711719513
0.32837262749671936
0.5818585157394409
0.4231453537940979
0.3921867311000824
0.16045789420604706
0.0976526290178299
0.2004937380552292
0.3127593398094177
0.22976522147655487
0.4398959279060364
0.25518134236335754
0.24838829040527344
0.2548943758010864
0.3386188745498657
0.46850818395614624
0.27966710925102234
0.25407809019088745
0.25952327251434326
0.30018898844718933
0.2826572358608246
0.42608004808425903
0.46658939123153687
0.24778607487678528
0.5081063508987427
0.7013203501701355
0.457937091588974
0.2571317255496979
0.1952877938747406
0.9388877749443054
0.3330705761909485
0.7122551798820496
0.4727378487586975
0.35989609360694885
0.36800050735473633
0.34923702478408813
0.3539787828922272
0.43785184621810913
0.27425065636634827
0.2611924111843109
0.1889982521533966
0.26663631200790405
0.5495200157165527
0.6880114674568176
0.4400250017642975
0.35730838775634766
0.3119814395904541
0.266451895236969
0.6059237718582153
0.20560729503631592
0.26108384132385254
0.22300605475902557
0.3828520178794861
0.29175370931625366
0.3063449263572693
0.40957778692245483
0.8785332441329956
0.3233204782009125
0.30118507146835327
0.41014617681503296
0.4689702093601227
0.22377638518810272
0.16007253527641296
0.6693773865699768
0.31131711602211
1.2008578777313232
0.4788788855075836
0.49013906717300415
0.36591076850891113
0.5700501203536987
0.14819148182868958
0.22854137420654297
0.36999401450157166
0.45621952414512634
0.18313585221767426
0.6056500673294067
0.6066621541976929
0.1777905970811844
0.2763010859489441
0.3489776849746704
0.2527740001678467
0.2493472397327423
0.3397133946418762
0.2799149453639984
0.19900479912757874
0.5240448713302612
0.16036702692508698
0.17201580107212067
0.45791125297546387
0.5168746709823608
0.4040018916130066
0.37753748893737793
0.25771722197532654
0.332053005695343
0.2653644382953644
0.3994012176990509
0.12790149450302124
0.3059195876121521
0.7413902878761292
0.7793465852737427
0.49524813890457153
0.33235323429107666
0.3215283453464508
0.29392167925834656
0.2546340525150299
0.3014320731163025
0.21516995131969452
0.14611731469631195
0.19778349995613098
0.8399938344955444
0.2526188790798187
0.31686609983444214
0.3815227746963501
0.6001558899879456
0.5521431565284729
0.20988313853740692
0.5575991868972778
0.310187429189682
0.34218817949295044
0.03259095922112465
0.5078632235527039
0.6119373440742493
0.23432619869709015
0.24396486580371857
0.3771424889564514
0.4753786027431488
0.2503443956375122
0.47446173429489136
0.16468313336372375
0.3608683943748474
0.1666886955499649
0.5351666808128357
0.626139223575592
0.38312971591949463
0.7112576365470886
0.3063502907752991
0.5784347653388977
0.7299275398254395
0.47073420882225037
0.27237677574157715
0.1776585876941681
0.4276058077812195
0.16705746948719025
0.6035142540931702
0.3652316927909851
0.16434630751609802
0.21486572921276093
0.6907624006271362
0.1726834923028946
0.2877035439014435
0.4728128910064697
0.44064298272132874
0.214605450630188
0.5443782210350037
0.6467046141624451
0.379239946603775
0.2020670473575592
0.3080791234970093
0.16036783158779144
0.11860275268554688
0.3110167384147644
0.5193394422531128
0.571699321269989
0.26869693398475647
0.44069820642471313
0.47993937134742737
0.19421857595443726
0.7804981470108032
0.6780261993408203
0.30556195974349976
0.23384574055671692
0.5129877924919128
0.39605429768562317
0.44669514894485474
0.44886335730552673
0.2262779176235199
0.16186389327049255
0.3325842618942261
0.9295492172241211
0.5748085379600525
0.3596498668193817
0.31179022789001465
0.42355450987815857
0.1780281811952591
0.1534043550491333
0.8025147318840027
0.24132470786571503
0.27954599261283875
0.5462226271629333
0.1958230435848236
0.2362700253725052
0.2005072832107544
0.620151937007904
0.5322614908218384
0.3889661133289337
0.39611709117889404
0.2724689841270447
0.5402094125747681
0.3813462555408478
0.3505067229270935
0.3278811573982239
0.3032488226890564
0.3944418728351593
0.20213238894939423
1.070453405380249
0.4934539794921875
0.3573102355003357
0.14345544576644897
1.0423165559768677
0.08534131944179535
0.3070889115333557
0.5824320316314697
0.2164624035358429
0.5244736075401306
0.379102885723114
0.19607731699943542
0.5731754302978516
0.4880406856536865
0.3112557828426361
0.2041795551776886
0.36220645904541016
0.5844122171401978
0.32193082571029663
0.4181019365787506
0.34096625447273254
0.7599467039108276
0.4860691428184509
0.49779802560806274
0.5101679563522339
0.9594591856002808
0.48681584000587463
0.3749257028102875
0.43612393736839294
0.7727134823799133
0.6444435119628906
0.4952276349067688
0.3373594880104065
0.31017759442329407
0.222866028547287
0.446965754032135
0.5823816657066345
0.17184312641620636
0.3757553696632385
0.8030171394348145
0.2735937237739563
0.5572675466537476
0.34322986006736755
0.30899590253829956
0.17919069528579712
0.3871418833732605
0.5308133959770203
0.29263266921043396
0.16976109147071838
0.33175626397132874
0.2999902069568634
0.35765308141708374
0.5756605863571167
0.44557276368141174
0.6207915544509888
0.482334703207016
1.020862102508545
0.3882002532482147
0.23667605221271515
0.5190629363059998
0.5279635787010193
0.2978420555591583
0.41872867941856384
0.23560845851898193
0.577179491519928
0.17414149641990662
0.2952922582626343
0.4546162486076355
0.1170775443315506
0.07258348912000656
0.44063863158226013
0.2715586721897125
0.282296359539032
0.16746124625205994
0.31661373376846313
0.509427547454834
0.14771240949630737
0.24170653522014618
0.1543389856815338
0.2915380299091339
0.6728156805038452
0.5141957402229309
0.22023501992225647
0.44079089164733887
0.5835700035095215
0.18938001990318298
0.13915790617465973
0.6902749538421631
0.6139823794364929
0.7910411357879639
0.1649923473596573
0.5061157941818237
0.3986964225769043
0.2074088156223297
0.5034304857254028
0.6265040636062622
0.3454217314720154
0.4146447777748108
0.24452371895313263
0.742308497428894
0.3395017981529236
0.1818692684173584
0.41301828622817993
0.08422291278839111
0.2129753828048706
0.26206499338150024
0.9199148416519165
0.3024837374687195
0.26825085282325745
0.14296898245811462
0.9161289930343628
0.3149747848510742
0.6459084153175354
0.5215936899185181
0.29035717248916626
0.5062897801399231
0.29646021127700806
0.2737763524055481
0.26933586597442627
0.14908671379089355
0.3623303472995758
0.43610280752182007
0.2717761695384979
0.5873493552207947
0.2623733878135681
0.4285518527030945
0.5084879994392395
0.3931519389152527
0.15965615212917328
0.28974825143814087
0.251315712928772
0.23950393497943878
0.5448924899101257
0.43791937828063965
0.5390382409095764
0.47196945548057556
0.2969372570514679
0.4172842502593994
0.6343055963516235
0.2596126198768616
0.2053445279598236
0.24801456928253174
0.18755295872688293
0.35041919350624084
0.2051672488451004
0.23436550796031952
0.1028018370270729
0.26727294921875
0.061652325093746185
0.3053317964076996
0.47848981618881226
0.4667559564113617
0.25827041268348694
0.46688312292099
0.45520320534706116
0.6539196372032166
0.18440698087215424
0.2799593508243561
0.4811449646949768
0.2103593647480011
0.38012832403182983
0.3428993821144104
0.7902499437332153
0.4844515919685364
0.1436299830675125
0.4999915659427643
0.3176441490650177
0.15088725090026855
0.3068738579750061
0.381575345993042
0.650951623916626
0.4096132814884186
0.6168721914291382
0.1865922510623932
0.2680313289165497
0.4299527704715729
0.04944855719804764
0.18713250756263733
0.32890433073043823
0.22041046619415283
0.3645212650299072
0.09901254624128342
0.1673905998468399
0.48854655027389526
0.3462139368057251
0.104489766061306
0.5470059514045715
0.35304275155067444
0.6328812837600708
0.7620790600776672
0.47357097268104553
0.2018100917339325
0.25149106979370117
0.4157322943210602
0.28691235184669495
0.2892184853553772
0.37226635217666626
0.34667617082595825
0.18735498189926147
0.3863377571105957
0.7236016392707825
0.22288236021995544
0.3698046803474426
0.16736218333244324
0.30192428827285767
0.24173998832702637
0.29316550493240356
0.3039875328540802
0.14809511601924896
0.37308749556541443
0.5145362615585327
0.4817535877227783
0.48953133821487427
0.6998648643493652
0.23116037249565125
0.31605464220046997
0.04446088522672653
0.1937873810529709
0.6659193634986877
0.3317815959453583
0.412219375371933
0.47706732153892517
0.15853214263916016
0.43865156173706055
0.24434900283813477
0.9175955653190613
0.9533170461654663
0.5194031596183777
0.40541133284568787
0.7228772640228271
0.1675332486629486
0.4708389341831207
0.5073254704475403
0.5036147236824036
0.19513823091983795
0.794922947883606
0.3142273426055908
0.19791921973228455
1.7142843008041382
0.2629111707210541
0.4761398434638977
0.47724485397338867
0.6179946064949036
0.34998515248298645
0.22939971089363098
0.3497563898563385
0.31161758303642273
0.17849020659923553
0.661392092704773
0.640961766242981
0.5019857883453369
0.38456279039382935
0.5938003659248352
0.6361039876937866
0.8105131983757019
0.29790163040161133
0.5518778562545776
0.20538528263568878
0.3665253520011902
0.5438002943992615
0.47596055269241333
0.14840565621852875
0.12298808991909027
0.38542670011520386
0.34927669167518616
0.33624956011772156
0.16850335896015167
0.25658655166625977
0.47273069620132446
0.9024497866630554
0.4486687183380127
0.38287097215652466
0.38678741455078125
0.08456285297870636
0.2587362229824066
0.22394967079162598
0.28906071186065674
0.3392735421657562
0.18014512956142426
0.5017939209938049
0.35498863458633423
0.30143144726753235
0.24346141517162323
0.6804364919662476
0.14381319284439087
0.15735499560832977
0.5798496007919312
0.32367879152297974
0.34611886739730835
0.47692903876304626
0.3962720036506653
0.9388576745986938
0.5021179914474487
0.32834380865097046
0.6230183839797974
0.32339712977409363
0.5052313208580017
0.33499258756637573
0.725412130355835
0.22824731469154358
0.265230655670166
0.3219211995601654
0.9328532218933105
0.19795246422290802
0.4419337809085846
0.4629388451576233
0.3954300880432129
0.25032946467399597
0.5139365196228027
0.26478201150894165
0.24482211470603943
0.34227728843688965
0.18974392116069794
0.6816307306289673
0.15267305076122284
0.3546414077281952
0.9474430084228516
0.16569600999355316
0.6726628541946411
0.20941361784934998
0.2686275839805603
0.24633686244487762
0.4663199484348297
0.4873129725456238
0.22259493172168732
0.468616783618927
0.20988862216472626
0.2656652331352234
0.9012327194213867
0.19839558005332947
0.27024921774864197
0.6725906133651733
1.0367282629013062
0.47540679574012756
1.0456984043121338
0.4381844103336334
0.3255234956741333
0.48178228735923767
0.5602501630783081
0.40834879875183105
0.44546017050743103
0.29255056381225586
0.4588109850883484
0.25494176149368286
0.26574409008026123
0.47284188866615295
0.14564712345600128
0.1812727302312851
0.12851014733314514
0.553226113319397
0.36146119236946106
0.4419332444667816
1.0842454433441162
0.4387141764163971
0.8659536242485046
0.20747895538806915
0.22849974036216736
0.25030282139778137
0.6436932682991028
0.23599772155284882
0.7630519270896912
0.12396053224802017
0.5508739948272705
0.2851913869380951
0.7889814972877502
0.3985654413700104
1.3478609323501587
0.3678848147392273
0.32032617926597595
0.40295132994651794
0.5163663029670715
0.4018882215023041
0.38176479935646057
0.6389502286911011
0.4938998818397522
0.34420424699783325
0.5093465447425842
0.14301827549934387
1.0160781145095825
0.3618648946285248
0.5239574909210205
0.38604921102523804
0.8628465533256531
0.17759452760219574
0.47885632514953613
0.5838521718978882
0.27368301153182983
0.3549099266529083
0.4292808175086975
0.7643617391586304
0.29481589794158936
0.5779553651809692
0.25802555680274963
0.36506688594818115
0.31006938219070435
0.3092714250087738
0.31956860423088074
0.11982814222574234
0.7945857048034668
0.3333507180213928
0.4923178553581238
0.5615749359130859
0.28249284625053406
0.4392830729484558
0.6059376001358032
0.47865405678749084
0.18522420525550842
0.6167815923690796
0.17907589673995972
0.18005087971687317
0.3889124393463135
0.3346441388130188
0.5444284677505493
0.41174015402793884
0.23314061760902405
0.6534937024116516
0.2207849770784378
0.29031306505203247
0.7173622846603394
0.3905637264251709
0.08229822665452957
0.285155713558197
0.431901216506958
0.2902669310569763
0.2634207606315613
0.2778683006763458
0.18985110521316528
0.32496246695518494
0.3594454228878021
0.5544652938842773
0.4228645861148834
0.34564468264579773
0.29255545139312744
0.3484001159667969
0.5644143223762512
0.29820483922958374
0.5697641372680664
0.35436686873435974
0.4604838490486145
0.27615684270858765
0.3805406093597412
0.29316988587379456
0.1260288655757904
0.349799782037735
0.32817572355270386
0.6003563404083252
0.6767627596855164
0.40453314781188965
0.4517478346824646
0.33395448327064514
0.37814658880233765
0.4155092239379883
0.41415509581565857
0.5165657997131348
0.11844521760940552
0.9270728230476379
0.43442845344543457
0.9371411204338074
0.27352747321128845
0.37087389826774597
0.24059557914733887
0.2656508982181549
0.46978288888931274
0.4613919258117676
0.1636471301317215
0.29509979486465454
0.3439708650112152
0.31189680099487305
0.16928286850452423
0.20441457629203796
0.25236544013023376
0.688521146774292
0.2557751536369324
0.19020113348960876
0.6076662540435791
0.1757899820804596
0.2805788815021515
0.4605614244937897
0.45239323377609253
0.2936681807041168
0.7349600195884705
0.3998963534832001
0.3378846049308777
0.37248939275741577
0.45250266790390015
0.35761600732803345
0.38983941078186035
0.2875577211380005
0.207575723528862
0.42043882608413696
0.668366014957428
0.43559402227401733
0.6597734689712524
0.1578979343175888
0.21154257655143738
0.466949462890625
0.11115183681249619
0.2578825354576111
0.5027772188186646
0.19152608513832092
0.6990566849708557
0.24908939003944397
0.28427958488464355
0.39938971400260925
0.20247991383075714
0.13356201350688934
0.6639721989631653
0.24510006606578827
0.25810807943344116
0.5568541288375854
0.5976976752281189
0.2305249720811844
0.3596634864807129
0.28561893105506897
0.7905434370040894
0.2079836130142212
0.6399644613265991
0.34263697266578674
0.36560481786727905
0.2557028532028198
0.19653743505477905
0.564449667930603
0.4476025700569153
0.3230898082256317
0.39070093631744385
0.24921171367168427
0.45062723755836487
0.5492098927497864
0.45990127325057983
0.2603214383125305
0.48811936378479004
0.3726901113986969
0.16083382070064545
0.9684815406799316
0.1329977810382843
0.43310612440109253
0.46945318579673767
0.6147453188896179
0.1476605087518692
0.22250208258628845
0.616993248462677
0.3821724057197571
0.1712931990623474
0.4878423810005188
0.17043304443359375
0.3346053957939148
0.5742615461349487
0.22513628005981445
0.29252952337265015
0.6707236170768738
0.5926074981689453
0.3660391569137573
0.6586453318595886
0.285160630941391
0.6212801337242126
0.17070259153842926
0.940544605255127
0.4758121073246002
0.3328607380390167
0.47759801149368286
0.1481366902589798
0.19734914600849152
0.3603993058204651
0.40095624327659607
0.2189927101135254
0.43226176500320435
0.3056970238685608
0.40031057596206665
0.553727924823761
0.9095994830131531
0.2503282129764557
0.224368616938591
0.2203987091779709
0.28915485739707947
0.47781920433044434
0.5869658589363098
0.20866481959819794
0.5290382504463196
0.42201167345046997
0.41748714447021484
0.12366926670074463
0.6621636748313904
0.26580095291137695
0.14998814463615417
0.3018639385700226
0.3129009008407593
0.1983911693096161
0.504253625869751
0.35161083936691284
0.712908148765564
0.28501415252685547
0.9133151173591614
0.3597108721733093
0.2284536063671112
0.11162114143371582
0.5170615911483765
0.2173336297273636
0.3887106776237488
0.2042991667985916
0.4424158036708832
0.41411131620407104
0.41570502519607544
0.16245725750923157
0.4145067632198334
0.5465992093086243
0.21121878921985626
0.2118983268737793
0.6440950036048889
0.24202695488929749
0.5418742895126343
0.4554978907108307
0.3914021849632263
0.20830321311950684
0.5850086808204651
0.31706517934799194
0.746286153793335
0.22243551909923553
0.37574338912963867
0.4120076298713684
0.3746846318244934
0.1719001829624176
0.3218216001987457
0.28121864795684814
0.7009352445602417
0.379629522562027
0.5547821521759033
0.27345597743988037
0.44373026490211487
0.09716056287288666
0.18713048100471497
0.8233027458190918
0.46891918778419495
0.40582436323165894
0.4402689039707184
0.23708489537239075
0.7792131900787354
0.2673325538635254
0.2047436684370041
0.1906127631664276
0.27746331691741943
0.427363783121109
0.5741864442825317
0.14751985669136047
0.08636397123336792
0.8219226002693176
0.5371098518371582
0.48262351751327515
0.6132398843765259
0.29015079140663147
0.3871210515499115
0.7546464800834656
0.5593322515487671
0.25685644149780273
0.3036651015281677
0.2468676120042801
0.772549033164978
0.5779516696929932
0.2612306475639343
0.33469462394714355
0.38319164514541626
0.14796629548072815
0.42254573106765747
0.349543035030365
0.6307602524757385
0.3223479986190796
0.5967811346054077
0.19766749441623688
0.5104290843009949
0.28110432624816895
0.5817257761955261
0.3577102720737457
0.2525630295276642
0.1531234085559845
0.3141170144081116
0.4533595144748688
0.38234788179397583
0.7371474504470825
0.25571343302726746
0.14385730028152466
0.4194261431694031
0.37643417716026306
0.1414490044116974
0.3220492899417877
0.23851296305656433
0.9010014533996582
0.30621618032455444
0.8318092226982117
0.245806023478508
0.43997296690940857
0.4067184329032898
0.27682405710220337
0.391876757144928
0.11910636723041534
0.5609924793243408
0.5007362961769104
0.5543116331100464
0.23408889770507812
0.34962648153305054
0.2784668207168579
0.784030556678772
0.44881582260131836
0.37840795516967773
0.2501727342605591
0.30069926381111145
0.5003248453140259
0.3380897641181946
0.13382042944431305
0.14168962836265564
0.28726720809936523
0.6986943483352661
0.361422061920166
0.29856085777282715
0.1685396134853363
0.4753093719482422
0.745019793510437
0.41293415427207947
0.4983813166618347
0.14666086435317993
0.4107627272605896
0.5913606286048889
0.7134307026863098
0.4097500741481781
0.1899469941854477
0.4916299879550934
0.3801698088645935
0.12523259222507477
0.2986857295036316
0.15462133288383484
0.5586791038513184
0.30889764428138733
0.19131484627723694
0.32319286465644836
0.3476351797580719
0.31972768902778625
0.32780879735946655
0.4600438177585602
0.2718052268028259
0.17890970408916473
0.3615023195743561
0.7413734197616577
0.443739652633667
0.4179058074951172
0.5015063285827637
0.13267861306667328
0.23319146037101746
0.40924692153930664
0.19874995946884155
0.7450586557388306
0.24280646443367004
0.5295155048370361
0.16553393006324768
0.3157995045185089
0.29135116934776306
0.2713843882083893
0.2514162063598633
0.7944727540016174
0.4423679709434509
0.6604149341583252
0.19311384856700897
0.3227585256099701
0.19782611727714539
0.5925291180610657
0.6030869483947754
0.6017760038375854
0.4166445732116699
0.1306072175502777
0.4491207003593445
0.707775890827179
0.22248545289039612
0.4307979941368103
0.4073854982852936
0.3996124267578125
0.48601239919662476
0.2048986852169037
0.25980159640312195
0.4373582899570465
0.16785477101802826
0.5380948781967163
0.5632489919662476
0.19265207648277283
0.42319607734680176
0.318625271320343
0.21781191229820251
0.3943786323070526
0.24444572627544403
0.23053061962127686
0.3135838210582733
0.58014976978302
0.7373887896537781
0.6079691052436829
0.2944154739379883
1.2012804746627808
0.2491339147090912
0.21826307475566864
0.2224133461713791
0.9204666018486023
0.9101606607437134
0.6550442576408386
0.36462491750717163
0.15668344497680664
0.6291875243186951
0.5644842982292175
0.20207098126411438
0.34957435727119446
0.6045582294464111
0.3933970332145691
0.4093462824821472
0.3082261085510254
0.5238568186759949
0.3918817639350891
0.2649678587913513
0.5302562713623047
0.42495599389076233
0.655415415763855
0.21502752602100372
0.4720991551876068
0.7626659274101257
0.5818894505500793
0.4072054922580719
0.15752407908439636
0.3995893597602844
0.24195699393749237
0.18384075164794922
0.5527788996696472
0.21048462390899658
0.5822663307189941
0.3994666337966919
0.33029666543006897
0.34760329127311707
0.5916777849197388
0.3121265172958374
0.38597571849823
0.2731446921825409
0.904853343963623
0.2169417142868042
0.4804016947746277
0.3843109607696533
0.5416029691696167
0.3038325309753418
0.6867106556892395
0.5408985614776611
0.5310925245285034
0.2707943320274353
0.5780490040779114
0.36207127571105957
0.22193345427513123
0.6175898313522339
0.31170159578323364
0.38041824102401733
0.2614328861236572
0.614149272441864
0.10026814788579941
0.3226563334465027
0.2680042088031769
0.40852195024490356
0.5303186178207397
0.6489534974098206
0.24495360255241394
0.30923667550086975
0.386474609375
0.37120506167411804
0.33105793595314026
0.28144752979278564
0.5274980068206787
0.39066049456596375
0.5549620985984802
0.44984564185142517
0.31586912274360657
0.6074456572532654
0.27026456594467163
0.40068158507347107
0.5198132395744324
0.1942366063594818
0.23293904960155487
0.2825818657875061
0.18756631016731262
0.22762417793273926
0.260627806186676
0.5503774285316467
0.3244442641735077
0.6309375166893005
0.4404706358909607
0.5112390518188477
0.6275898218154907
0.22557786107063293
0.29085052013397217
0.2179773598909378
0.6050838232040405
0.29250532388687134
0.26291781663894653
0.20696909725666046
0.7928427457809448
0.32915064692497253
0.4550103545188904
0.2609126567840576
0.7006814479827881
0.6834641098976135
0.5606390237808228
0.1265542358160019
0.22281885147094727
0.1273622065782547
0.35760095715522766
0.37104329466819763
0.3787594437599182
0.39272597432136536
0.2544368505477905
0.4023817181587219
0.4227314889431
0.6100022792816162
0.7872793078422546
0.3319537043571472
0.5381847620010376
0.3722204566001892
1.0112144947052002
0.16311350464820862
0.25784751772880554
0.8764135241508484
0.16615666449069977
0.17971104383468628
0.6193906664848328
0.3264729678630829
0.19163241982460022
0.27126002311706543
0.453169584274292
0.290876567363739
0.9509615898132324
0.4069152772426605
0.507243275642395
0.8751075863838196
0.7464298009872437
0.22347195446491241
0.1742556244134903
0.5066515207290649
0.5788687467575073
0.19026373326778412
0.2941848635673523
0.27789339423179626
0.3218286633491516
0.4764394760131836
0.249431774020195
0.18324801325798035
0.3139212727546692
0.21508291363716125
0.15274229645729065
0.5026680827140808
0.37672048807144165
0.2491029053926468
0.30067288875579834
0.204581618309021
0.39218372106552124
0.45565348863601685
0.3065813481807709
0.48909130692481995
0.09938381612300873
0.14967694878578186
0.46832171082496643
0.21134419739246368
0.47557926177978516
0.38254815340042114
0.18337856233119965
0.3035506010055542
0.23358094692230225
0.7475228309631348
0.33298468589782715
0.419752299785614
0.4428846836090088
0.5873960256576538
0.07929185777902603
0.4722203314304352
0.17713066935539246
0.06679804623126984
0.3507615625858307
0.2603752613067627
0.24396935105323792
0.5085099339485168
0.23986020684242249
0.49432262778282166
0.2290014773607254
0.5054558515548706
0.26485344767570496
0.3022644817829132
0.6065579652786255
0.5573170185089111
0.3519807755947113
0.24474628269672394
0.27241069078445435
0.49972090125083923
0.7686883211135864
0.4221510887145996
0.6276973485946655
0.356536328792572
0.21494905650615692
0.39855295419692993
0.14360126852989197
0.126109778881073
0.36408549547195435
0.43018507957458496
0.4867439866065979
0.3317106366157532
0.2511916756629944
0.2801397442817688
0.4857896864414215
0.19912348687648773
0.5421046018600464
0.11359967291355133
0.21605436503887177
0.32005324959754944
0.498768150806427
0.20088425278663635
0.2335110455751419
0.17587438225746155
0.18389829993247986
0.5815098881721497
0.14161616563796997
0.26338285207748413
0.3752121031284332
0.7496429681777954
0.37270551919937134
0.2553257942199707
0.30455148220062256
0.5431935787200928
0.4804953634738922
0.22398260235786438
0.32996252179145813
0.2665988802909851
0.23836426436901093
0.16254660487174988
0.5940390229225159
0.553779661655426
0.09722181409597397
0.3233696520328522
0.4175850450992584
0.26146674156188965
0.9484966397285461
0.39570680260658264
0.9369784593582153
0.5247164368629456
0.17368485033512115
0.23086801171302795
0.16561490297317505
0.27947086095809937
0.27548927068710327
0.3297301232814789
0.6534668207168579
0.4284017086029053
0.2781897485256195
0.2915624976158142
0.345533549785614
0.9783695936203003
0.7129360437393188
0.5667513608932495
0.7217332720756531
0.6417752504348755
0.33432987332344055
0.271222859621048
0.3786323666572571
0.3385726809501648
0.4176361560821533
0.48714685440063477
0.3348618447780609
0.2573537230491638
0.4030851423740387
0.4559114873409271
0.5024425983428955
0.358296275138855
0.5094815492630005
0.391476571559906
0.569823145866394
0.4221198558807373
0.3606910705566406
0.2870590090751648
0.2562867999076843
0.16051845252513885
0.34299641847610474
0.32608169317245483
0.19489064812660217
0.6626012921333313
0.351167768239975
0.2799670100212097
0.2566821277141571
0.46628087759017944
0.12809470295906067
0.4193175733089447
1.04863440990448
0.4839237332344055
0.7708932161331177
0.3057258427143097
0.13555213809013367
0.5373502969741821
0.45405182242393494
0.2317027598619461
0.2121988832950592
0.6435350179672241
0.5027474164962769
0.2871076166629791
0.4434727132320404
0.09202162176370621
0.38166671991348267
0.41840386390686035
0.23502369225025177
0.5893552899360657
0.37100911140441895
0.28208279609680176
0.22850415110588074
0.1544218361377716
0.6531063914299011
0.4867081642150879
0.4881446361541748
0.4006785452365875
0.3075673580169678
0.3340913951396942
0.783201277256012
0.23799732327461243
0.6478861570358276
0.3885396718978882
0.2763943076133728
0.31519654393196106
0.3538333475589752
0.308695912361145
0.09867183119058609
0.5517937541007996
0.5381366610527039
0.2242705374956131
0.41160616278648376
0.495617151260376
0.4039163589477539
0.20261327922344208
0.3513041138648987
0.2325667440891266
0.49517279863357544
0.7051234841346741
0.41222816705703735
0.37316563725471497
0.40071016550064087
0.13666865229606628
0.9784267544746399
0.4941864609718323
0.31606799364089966
0.39951735734939575
0.519098162651062
0.1936599165201187
0.2828621566295624
0.3807630240917206
0.5711451172828674
0.3896286189556122
0.5821514129638672
0.09728431701660156
0.4484005868434906
0.8286135792732239
0.2518620491027832
0.21345850825309753
0.3275254964828491
0.4024600386619568
0.2535931169986725
0.2654414176940918
0.30315813422203064
0.37631309032440186
0.7598952054977417
0.2305881679058075
0.07551991194486618
0.17698262631893158
0.8220106363296509
0.36593955755233765
0.2717210650444031
0.267220675945282
0.6707661747932434
0.9153277277946472
0.8340362310409546
0.26814356446266174
0.2875141501426697
0.27048245072364807
0.360063374042511
0.3721282482147217
0.25685933232307434
0.5849782824516296
0.9048011898994446
0.40116602182388306
0.44839930534362793
0.40039706230163574
0.8988049626350403
0.7365846037864685
0.3547366261482239
0.6660320162773132
0.2652842402458191
0.4326079785823822
0.5563606023788452
0.28402161598205566
0.8752700090408325
0.24769702553749084
0.3944520652294159
0.2780676782131195
0.23072755336761475
0.3176826536655426
0.45215052366256714
0.2263471633195877
0.31982964277267456
0.25649526715278625
0.30412542819976807
0.8345737457275391
0.3032248914241791
0.5606502890586853
0.3047336935997009
0.16528931260108948
0.27576786279678345
0.2783486843109131
0.5581651329994202
0.42874449491500854
0.3903631567955017
0.5090852975845337
0.34183889627456665
0.48715972900390625
0.34729692339897156
0.7544602155685425
0.347207248210907
0.6213540434837341
0.7032616138458252
0.3283914029598236
0.14921264350414276
0.34021851420402527
0.6328445076942444
0.4313198924064636
0.3010179400444031
0.5386235117912292
0.3562770485877991
0.33442291617393494
0.49991217255592346
0.2395188808441162
0.5476900935173035
0.566144585609436
0.3584325909614563
0.3146224617958069
0.3084285855293274
0.21147827804088593
0.6173396110534668
0.6799238324165344
0.27350059151649475
0.4922810196876526
0.40949517488479614
0.5610536336898804
0.18218405544757843
0.1990109235048294
0.40557727217674255
0.31246083974838257
1.2961055040359497
0.5030239224433899
0.44522371888160706
0.40501508116722107
0.3249654471874237
0.7587693929672241
0.423157274723053
0.43164491653442383
0.4960881173610687
0.20443594455718994
0.29155272245407104
0.7030512094497681
0.6595443487167358
0.29217785596847534
0.24587102234363556
0.364806205034256
0.7261343002319336
0.6037401556968689
0.4805632531642914
0.3270356059074402
0.364890992641449
0.4367758631706238
0.44888344407081604
0.3641989827156067
0.4676288664340973
0.35960760712623596
0.24411237239837646
0.6515946388244629
0.4066142439842224
0.5648379325866699
0.08656694740056992
0.6448125839233398
0.6852290630340576
0.5473242402076721
0.9283884167671204
0.4733545184135437
0.29834991693496704
0.4679476320743561
0.4729348123073578
0.2822265625
0.14199082553386688
0.5319033861160278
0.3386797308921814
0.20046229660511017
0.5014032125473022
0.22210200130939484
0.3900873064994812
0.3727272152900696
0.5661579370498657
0.7848896384239197
0.3418649137020111
0.4116175174713135
0.3446970582008362
0.3629840612411499
0.15355315804481506
0.6503092050552368
0.44219547510147095
0.742507815361023
0.34569746255874634
0.1926782876253128
0.2968527674674988
0.20326408743858337
0.11449667066335678
0.29195597767829895
0.2429196536540985
0.23212024569511414
0.29452985525131226
0.16521945595741272
0.48071593046188354
0.28247886896133423
0.5047877430915833
0.40044060349464417
0.3083874583244324
0.7088956832885742
0.424790620803833
0.32713285088539124
0.5185977816581726
0.15861108899116516
0.42865023016929626
0.35749030113220215
0.5484923124313354
0.43644770979881287
0.17606934905052185
0.3446655869483948
0.5323725342750549
0.2991423010826111
0.4623103141784668
0.0968819260597229
0.4048210680484772
0.7245952486991882
0.24407324194908142
0.531805157661438
0.638225257396698
0.20376145839691162
0.5234807133674622
0.40359583497047424
0.24306361377239227
0.21205322444438934
0.4334181845188141
0.3490530252456665
0.3189603388309479
0.30985623598098755
0.6661081910133362
0.42361870408058167
0.3266066908836365
0.2859717607498169
0.3152133524417877
0.26415783166885376
0.39610618352890015
0.5711157917976379
0.19061057269573212
0.4522872567176819
0.08209031820297241
0.5169996023178101
0.812609851360321
0.30582520365715027
0.2689974009990692
0.275512158870697
0.29225873947143555
0.1864745169878006
0.3684581518173218
0.2952636182308197
0.4553952217102051
0.35357940196990967
0.34950441122055054
0.3281777799129486
0.4542350172996521
0.11786117404699326
0.45388349890708923
0.5069478154182434
0.36593714356422424
0.39028623700141907
0.5575950145721436
0.2642446756362915
0.6680322885513306
0.32748645544052124
0.5544561147689819
0.3146381974220276
0.4810671806335449
0.11889383941888809
0.3634662926197052
0.5722607374191284
0.6210205554962158
0.35639235377311707
0.07903514802455902
0.25052329897880554
0.2854519188404083
0.20263078808784485
0.4584829807281494
0.7227951288223267
0.40062278509140015
0.11678097397089005
0.4384509027004242
0.25717297196388245
0.34706225991249084
0.6962653398513794
0.3206631541252136
0.307063490152359
0.3835785984992981
0.2957712709903717
0.7512109279632568
0.4869765341281891
0.3475387990474701
0.42792052030563354
0.8814855813980103
0.6841222047805786
0.28021010756492615
0.938157856464386
0.1305847465991974
0.16154946386814117
0.4421277642250061
0.3572447597980499
0.37129443883895874
0.2100065052509308
0.41129937767982483
0.06448642909526825
0.4536701738834381
0.2416895627975464
0.19454170763492584
0.2592800557613373
0.391923189163208
0.3170545995235443
0.595563530921936
0.10827413946390152
0.32293209433555603
0.19948357343673706
0.43755125999450684
0.5365825891494751
0.3505083918571472
0.3840974271297455
0.0737171322107315
0.40350693464279175
0.3643336296081543
0.2815089225769043
0.7348601818084717
0.22282874584197998
0.42805296182632446
0.18962107598781586
0.2573964595794678
0.10081187635660172
0.48563116788864136
0.4145026206970215
0.38237497210502625
0.32110506296157837
0.13127371668815613
0.3331494927406311
0.3923415541648865
0.48319554328918457
0.5326040387153625
0.2890210747718811
0.2074485719203949
0.7562183141708374
0.5080658197402954
0.3526301980018616
0.26414695382118225
0.22346682846546173
1.082919955253601
0.3950548768043518
0.3746604025363922
0.2826371490955353
0.29365596175193787
0.2523234188556671
0.4301120340824127
0.6892702579498291
0.6254377365112305
0.2849804759025574
0.2531742751598358
0.7987362146377563
0.45065194368362427
0.813064455986023
0.38268500566482544
0.5120102167129517
0.1710173785686493
0.4263914227485657
0.3117828369140625
0.2886350154876709
0.4881524443626404
0.44640693068504333
0.1679689735174179
0.45067447423934937
0.37532705068588257
0.30323049426078796
0.40139859914779663
0.18433694541454315
0.7559749484062195
0.7191654443740845
0.20059199631214142
0.2983124852180481
0.26012375950813293
0.3311210572719574
0.30292588472366333
0.5295571088790894
0.252725213766098
0.3716060519218445
0.14787639677524567
0.5059893727302551
0.17085711658000946
0.37394484877586365
0.31007274985313416
0.32452601194381714
0.1544891744852066
0.32172584533691406
0.24965770542621613
0.1585242599248886
0.4175620675086975
0.40972256660461426
0.6276715397834778
0.25435709953308105
0.14583449065685272
0.45237278938293457
0.270634263753891
1.1539896726608276
0.44554847478866577
0.56950843334198
0.23395124077796936
0.3166373074054718
0.3915841281414032
0.17860107123851776
0.269972562789917
0.4154280126094818
0.4739537239074707
0.42137426137924194
0.27402156591415405
0.39631733298301697
0.49498915672302246
0.8154560923576355
0.15508857369422913
0.15959607064723969
0.6114376783370972
0.38578832149505615
0.7944854497909546
0.4801170825958252
0.5028995275497437
0.09712695330381393
0.7528938055038452
0.23397418856620789
0.218318909406662
0.2943064272403717
0.0492052398622036
0.27111539244651794
0.16999462246894836
0.377313494682312
0.40372785925865173
0.18883225321769714
0.26273074746131897
0.4761410355567932
0.382901132106781
0.32976821064949036
0.24479635059833527
0.2301582545042038
0.3284366726875305
0.17310211062431335
0.24474148452281952
0.21822817623615265
0.1253218650817871
0.8400608897209167
0.49302512407302856
0.8224613070487976
0.3701801896095276
0.22967705130577087
0.49662041664123535
0.684313178062439
0.6767297983169556
0.3608246445655823
0.7573858499526978
0.1716969758272171
0.22161650657653809
0.3612634837627411
0.3691265285015106
0.09988592565059662
0.3274632394313812
0.38561007380485535
0.5540600419044495
0.3762841522693634
0.8443325757980347
0.3292349874973297
0.390789657831192
0.46048760414123535
0.6194667220115662
0.4733622670173645
0.2112860381603241
0.5863114595413208
0.40349656343460083
0.10141007602214813
0.23083753883838654
0.3468310832977295
0.3952758312225342
0.46818608045578003
0.24808499217033386
0.265927791595459
0.8047571182250977
0.26350274682044983
0.40547052025794983
0.5124272108078003
0.31529659032821655
0.44585227966308594
0.7511578798294067
0.27280908823013306
0.41192179918289185
0.20846936106681824
0.6324371099472046
0.5148022174835205
0.8272601962089539
0.4182804524898529
0.6459489464759827
0.22048158943653107
0.34393519163131714
0.7233699560165405
0.24271312355995178
0.29993849992752075
0.7799504995346069
0.30688247084617615
0.4492533802986145
0.3100550174713135
0.42266765236854553
0.7101742029190063
0.36218228936195374
0.3592521548271179
0.189814954996109
0.5605034828186035
0.3413289189338684
0.6560932397842407
0.10187254101037979
0.4174552857875824
0.2879033088684082
0.12650102376937866
0.34904471039772034
0.33974796533584595
0.31102070212364197
0.5205873847007751
0.2441616952419281
0.29345566034317017
0.28222694993019104
0.24535632133483887
0.14199914038181305
0.4108272194862366
0.639451801776886
0.2175525724887848
0.570290744304657
0.5293704867362976
0.5767086744308472
0.22282817959785461
0.17324043810367584
0.48823532462120056
0.14738471806049347
0.5181213021278381
0.08758529275655746
0.4448312819004059
0.19683454930782318
0.3841368854045868
0.4446702003479004
0.39345690608024597
0.35839882493019104
0.42100223898887634
0.2607119679450989
0.5486311912536621
0.5523627400398254
0.4611542224884033
0.5058379769325256
0.5073829889297485
0.5482668876647949
0.19680006802082062
0.4761030077934265
0.48426708579063416
0.07965691387653351
0.8996265530586243
0.36059510707855225
0.7991414666175842
0.21816608309745789
0.30243584513664246
0.48475727438926697
0.25299161672592163
0.36795172095298767
0.09160031378269196
0.42232686281204224
0.5286151170730591
0.2947555482387543
0.5763713717460632
0.36265015602111816
0.39908725023269653
0.38128477334976196
0.2636980414390564
0.5285135507583618
0.21233968436717987
0.4200060963630676
0.5025161504745483
0.6791546940803528
0.5304056406021118
0.19095753133296967
0.40623244643211365
0.3486380875110626
0.4365648329257965
0.49279293417930603
0.29663392901420593
0.7121526002883911
0.40980440378189087
0.3955077528953552
0.37124770879745483
0.33085107803344727
0.17359612882137299
0.3596018850803375
0.3991543650627136
0.39682161808013916
0.40014418959617615
0.18050526082515717
0.4861256182193756
0.3834034502506256
0.5281142592430115
0.5437853932380676
0.5342133045196533
0.4139792025089264
0.29728612303733826
0.296525776386261
0.46189212799072266
0.30800661444664
0.559657871723175
0.6538883447647095
0.31092357635498047
0.31731486320495605
0.23476776480674744
0.13455432653427124
0.3875313401222229
0.5771838426589966
0.6383994817733765
0.48077598214149475
0.5429269075393677
0.7093134522438049
0.6343542337417603
0.3116946816444397
0.3459591269493103
0.39843109250068665
0.28486746549606323
0.1382099837064743
0.31157198548316956
0.3079327642917633
0.2547532618045807
0.3141874372959137
0.24480924010276794
0.386826753616333
0.5200017690658569
0.3339499235153198
0.8932809829711914
0.6676012873649597
0.946933925151825
0.4074411392211914
0.2965024411678314
0.3183453381061554
0.18683581054210663
0.6973261833190918
0.22697770595550537
0.4861063063144684
0.721638023853302
0.04208666831254959
0.2650112509727478
0.3692830502986908
0.5135570168495178
0.21387669444084167
0.4296875
0.4264259934425354
0.2895577847957611
0.360639750957489
0.20991428196430206
0.481361448764801
0.22927364706993103
0.3280729651451111
0.33031773567199707
0.2877022325992584
0.45040392875671387
0.3430190086364746
0.37466830015182495
0.2443092316389084
0.2396305799484253
0.5274884700775146
0.08810311555862427
0.22562146186828613
0.16975662112236023
0.2689305543899536
0.2507752478122711
0.4256367087364197
0.110590860247612
0.1538131982088089
0.20766325294971466
0.35590335726737976
0.1302001178264618
0.4314168095588684
0.3238276243209839
0.2663004994392395
0.36874812841415405
0.2889060974121094
0.16942116618156433
0.162457674741745
0.45202359557151794
0.5212832689285278
0.3303419351577759
0.3175865709781647
0.46935901045799255
0.09049026668071747
0.27896031737327576
0.418113648891449
0.6577256321907043
0.5993891954421997
0.34081602096557617
0.5199248194694519
0.7474734783172607
0.42766961455345154
0.41383543610572815
0.38739699125289917
0.4012191891670227
0.574508011341095
0.7142090797424316
0.40981921553611755
0.5569812655448914
0.22855699062347412
0.6910855770111084
0.6149035096168518
0.5657852292060852
0.31170281767845154
0.8932405710220337
0.5769817233085632
0.7152906060218811
0.16255253553390503
0.44751375913619995
0.5032083988189697
0.15572229027748108
0.43817511200904846
0.38209325075149536
0.6318001747131348
0.23491421341896057
0.37859997153282166
0.3329659402370453
0.3882628381252289
0.6080726981163025
0.3668566942214966
0.21328695118427277
0.39969000220298767
0.7163699865341187
0.27036887407302856
0.13522391021251678
0.46509987115859985
0.335840106010437
0.4000348448753357
0.203100323677063
0.3874984383583069
0.3964877426624298
0.3831501305103302
0.2566927373409271
0.41231274604797363
0.39209192991256714
0.10616336017847061
0.5759665369987488
0.5066466927528381
0.6343750953674316
0.34934931993484497
0.4027663767337799
0.29142412543296814
0.4946223199367523
0.3076554536819458
0.35170695185661316
0.4354639947414398
0.39117005467414856
0.7587183117866516
0.37095165252685547
0.2925218939781189
0.19911369681358337
0.5268537402153015
0.2473764419555664
0.3357016444206238
0.19366522133350372
0.41877204179763794
0.558183491230011
0.44565123319625854
0.5961859226226807
0.15041474997997284
0.3934054374694824
0.12586477398872375
0.2307671308517456
0.381835401058197
0.421440064907074
0.700055718421936
0.3192870616912842
0.5208041071891785
0.1505730152130127
0.3853102922439575
0.4144945740699768
0.28020066022872925
0.2225176841020584
0.22114305198192596
0.49785342812538147
0.2902566194534302
0.3350556790828705
0.40132054686546326
0.5415138006210327
0.08788155019283295
0.2825084328651428
0.4817933142185211
0.48170819878578186
0.48495611548423767
0.49794405698776245
0.4373522400856018
0.24644258618354797
0.16397790610790253
0.46964797377586365
0.3387492597103119
0.17831948399543762
0.3982001841068268
0.34553536772727966
0.42396825551986694
0.5972535014152527
0.43321219086647034
0.3060099482536316
0.21302089095115662
0.37487277388572693
0.7729164361953735
0.23221798241138458
0.4117885231971741
0.39304882287979126
0.2543574869632721
0.3426847457885742
0.5237174034118652
0.3312034010887146
0.40843287110328674
0.2878037691116333
0.4256454110145569
0.45323771238327026
0.189259335398674
0.2867389917373657
0.20622673630714417
0.7545329332351685
0.39285022020339966
0.3163141906261444
0.7123757004737854
0.8295329809188843
0.21978171169757843
0.2846095561981201
0.5315991640090942
0.5320240259170532
0.36197906732559204
0.3577548861503601
0.1327851563692093
0.24706511199474335
0.4585753381252289
0.5722659826278687
0.40514081716537476
0.5147485136985779
0.24951377511024475
0.4543093740940094
0.4206298887729645
0.41674524545669556
0.34201914072036743
0.37174904346466064
0.3646198809146881
0.30014365911483765
0.15561841428279877
0.6200829148292542
0.43199220299720764
0.24905863404273987
0.3794534206390381
0.32448190450668335
0.46533218026161194
0.5293036103248596
0.41673168540000916
0.38653525710105896
0.37888309359550476
0.6060560941696167
0.3618071675300598
0.18876366317272186
0.35324960947036743
0.4518652558326721
0.24536851048469543
0.3652656674385071
0.10549338161945343
0.6043516397476196
0.46641284227371216
0.6142531037330627
0.32326632738113403
0.5720897912979126
0.4605046808719635
0.3733740448951721
0.35165831446647644
0.5460737347602844
0.19004198908805847
0.3643031120300293
0.46310433745384216
0.32402604818344116
0.3862481117248535
0.4415448307991028
0.4956713616847992
0.32313379645347595
0.2683772146701813
0.2573770582675934
0.8132520914077759
0.6704663038253784
1.1359437704086304
0.4972103238105774
0.2521684169769287
0.705888569355011
0.2292114943265915
0.4121483266353607
0.5004657506942749
0.17722484469413757
0.5324188470840454
0.32071787118911743
0.4011159837245941
0.3350975513458252
0.22988183796405792
0.3064619302749634
0.1855856478214264
0.38067907094955444
0.47374671697616577
0.12967665493488312
0.6156930327415466
0.08047401160001755
0.28315380215644836
0.12552936375141144
0.22054441273212433
0.6427677273750305
0.34742385149002075
0.30365413427352905
0.4295199513435364
0.7085086107254028
0.2555285394191742
0.5317861437797546
0.3394213318824768
0.5377100110054016
0.5594326257705688
0.37785130739212036
0.33197349309921265
0.43890199065208435
0.4193882346153259
0.5022827386856079
0.27727144956588745
0.1873084455728531
0.24705520272254944
0.5735030174255371
0.26529237627983093
1.1447961330413818
0.4263179302215576
0.5024236440658569
0.38945120573043823
0.7492343187332153
0.42666226625442505
0.14351657032966614
0.4368850290775299
0.16897721588611603
0.31699758768081665
0.19068075716495514
0.4040951728820801
0.25492560863494873
0.27060696482658386
0.2845921218395233
0.14787808060646057
0.3893817365169525
0.39852845668792725
0.11126688867807388
0.265654981136322
0.11003152281045914
0.37930840253829956
0.6009515523910522
0.3411666750907898
0.5970487594604492
0.42506200075149536
0.42817869782447815
0.41500958800315857
0.2721596360206604
0.2740955352783203
0.4836463928222656
0.2843596339225769
0.4022601544857025
0.4360857903957367
0.43644899129867554
0.5824022889137268
0.15953442454338074
0.14966653287410736
0.3691716194152832
0.6482210755348206
0.25516992807388306
0.16983428597450256
0.5081592798233032
0.23912981152534485
0.5991314053535461
0.35811346769332886
0.31966519355773926
0.5944355130195618
0.2878536880016327
0.3430428206920624
0.7666880488395691
0.15273723006248474
0.5820244550704956
0.30802473425865173
0.20254671573638916
0.5937271118164062
0.2685432434082031
0.311039000749588
0.7418516874313354
0.1287337839603424
0.1536853015422821
0.14002971351146698
0.25753137469291687
0.8155199289321899
0.5810584425926208
0.2020881175994873
0.18491677939891815
0.2830057442188263
0.3460790812969208
0.7585097551345825
0.34878116846084595
0.3088899850845337
0.15877413749694824
0.20724251866340637
0.6344870328903198
0.31598716974258423
0.35854989290237427
0.43155163526535034
0.1264270544052124
0.24271635711193085
0.5914407968521118
0.44627127051353455
0.4973897933959961
0.6188434362411499
0.5000894665718079
0.38671940565109253
0.08178217709064484
0.16646048426628113
0.8772062063217163
0.45951563119888306
0.32758933305740356
0.6266711950302124
0.4063888490200043
0.14282986521720886
0.33103278279304504
0.5761470794677734
0.41792112588882446
0.3651253581047058
0.21945703029632568
0.6832534074783325
0.229730486869812
0.3648928701877594
0.17584970593452454
0.6570452451705933
0.7612395882606506
0.8144881129264832
0.7135366201400757
0.20260491967201233
0.2531542181968689
0.2468203604221344
0.25757795572280884
0.33359578251838684
0.42686086893081665
0.21397054195404053
0.35587945580482483
0.4119367003440857
0.3542672097682953
0.1830226480960846
0.6937257051467896
0.7094821333885193
0.2321121245622635
0.7258225679397583
0.36751577258110046
0.4390908181667328
0.33808964490890503
0.3145751655101776
0.9055873155593872
0.24121078848838806
0.2837623357772827
0.4230991005897522
0.34569504857063293
0.5968025922775269
0.5386937260627747
0.4743351936340332
0.28617286682128906
0.5670748949050903
0.38492557406425476
0.31428831815719604
0.2503491938114166
0.12246274948120117
0.55302894115448
0.3760393261909485
0.35674914717674255
0.23616066575050354
0.5995281338691711
0.2166283130645752
0.27332231402397156
0.30577352643013
0.7004736661911011
0.694956362247467
0.19084197282791138
0.39726176857948303
0.39151695370674133
0.1727796494960785
0.2108606994152069
0.4392785429954529
0.45399752259254456
0.1649484485387802
0.3680063486099243
0.2968243956565857
0.33266928791999817
0.23740482330322266
0.23950481414794922
0.24394074082374573
0.2526630759239197
0.2740960717201233
0.25958937406539917
0.771618664264679
0.6799013614654541
0.21229465305805206
0.25444602966308594
0.3502862751483917
0.32836365699768066
0.531313955783844
0.3263474106788635
0.42402321100234985
0.2113604098558426
0.18698838353157043
0.1349908858537674
0.8329346776008606
0.5234162211418152
0.6697578430175781
0.48677676916122437
0.423825740814209
0.4482493996620178
0.4339308738708496
0.37982437014579773
0.23195485770702362
0.6566482186317444
0.40271204710006714
0.5740908980369568
0.6512712240219116
0.6347529888153076
0.5873109698295593
0.3005882799625397
0.3494572341442108
0.3050468862056732
0.20274010300636292
0.2962489724159241
0.4008106589317322
0.3324705958366394
0.38103657960891724
0.2815074622631073
0.4016743302345276
0.19988557696342468
0.25077104568481445
0.5458300709724426
0.3385511636734009
0.5802921056747437
0.47542768716812134
0.3747827410697937
0.40118274092674255
0.33558106422424316
0.4427386224269867
0.5281134843826294
0.5253119468688965
0.2638004422187805
0.7315849661827087
0.41221481561660767
0.4068306088447571
0.5897939205169678
0.3472444713115692
0.518804669380188
0.2831753194332123
0.19285611808300018
0.5277559161186218
0.3286292254924774
0.5299396514892578
0.529117226600647
0.41386017203330994
0.21636688709259033
0.2205517739057541
0.1749413162469864
0.6459857225418091
0.3927842676639557
0.5579549074172974
0.3579246997833252
0.20239141583442688
0.5551764965057373
0.1753002256155014
0.26337912678718567
0.3498374819755554
0.4911174774169922
0.29960814118385315
0.13651904463768005
0.2762390077114105
0.633360743522644
0.30143362283706665
0.5307031869888306
0.5906298756599426
0.2163459062576294
0.3643966615200043
0.5865346193313599
0.3544246554374695
1.0054397583007812
0.4506695866584778
0.33254003524780273
0.23708638548851013
0.3571779131889343
0.43762874603271484
0.8752757906913757
0.49382367730140686
0.3041391968727112
0.3281930983066559
0.2801169753074646
0.5973848104476929
0.2992674708366394
0.31407058238983154
0.6186402440071106
0.313535213470459
0.05510999634861946
0.3972935080528259
0.13603860139846802
0.6001564264297485
0.17492732405662537
0.5198168158531189
0.43759697675704956
0.3325890898704529
0.1536988765001297
0.926834225654602
0.2159721851348877
0.28442350029945374
0.2990514636039734
0.5511557459831238
0.32667773962020874
0.6031557321548462
0.2902940511703491
0.21468773484230042
0.5452297925949097
0.23121023178100586
0.5906797647476196
0.35325270891189575
0.25837230682373047
0.3905712962150574
0.2521149516105652
0.42480772733688354
0.3598729968070984
0.5086779594421387
0.5857471227645874
0.32185450196266174
0.3577880263328552
0.2227301299571991
0.3505171835422516
0.3017248213291168
0.10419966280460358
0.22059278190135956
0.33310309052467346
0.4374222159385681
0.4824811816215515
0.4522995352745056
0.4105660915374756
0.15359161794185638
0.4800568222999573
0.9562644958496094
0.2938508093357086
0.18314696848392487
0.23825176060199738
0.34764760732650757
0.2928771674633026
0.3679637908935547
0.24480047821998596
0.39508506655693054
0.3462528884410858
0.2852312922477722
0.42367857694625854
0.4347263276576996
0.4905373156070709
0.41188865900039673
0.2050299346446991
0.052702657878398895
0.9321576952934265
0.3936702609062195
0.250966340303421
0.3932627737522125
0.2603122591972351
0.29669082164764404
0.5445592403411865
0.5045515298843384
0.72029709815979
0.29256755113601685
0.5540655851364136
0.8003991842269897
0.8122556805610657
0.20190933346748352
0.3441086411476135
0.08247114717960358
0.7769821882247925
0.24952244758605957
0.6953576803207397
0.9179024696350098
0.40910443663597107
0.617174506187439
0.8416123390197754
0.4602622091770172
0.5171016454696655
0.42113247513771057
0.29474395513534546
0.4123441278934479
0.16279540956020355
0.6621212959289551
0.40260380506515503
0.1850215494632721
0.16198648512363434
0.26935726404190063
0.4951622486114502
0.24032051861286163
0.40642109513282776
0.30226701498031616
0.7050834894180298
0.5230337381362915
0.13575825095176697
0.38729578256607056
0.5484062433242798
0.34193602204322815
0.7189489006996155
0.2398795336484909
0.4910149574279785
0.6145655512809753
0.48579731583595276
0.34719306230545044
0.6175352334976196
0.6188903450965881
0.4626536965370178
0.37982144951820374
0.5451294183731079
0.4673077166080475
0.1867232322692871
0.38002705574035645
0.9164602160453796
0.1307772696018219
0.44297876954078674
0.23338541388511658
0.4071643352508545
0.33624547719955444
0.8646363019943237
0.7343766093254089
0.492501437664032
0.21862733364105225
0.25791648030281067
0.3831028938293457
0.36702337861061096
0.30105385184288025
0.5785229206085205
0.3899163603782654
0.21525044739246368
0.40633806586265564
0.4657459259033203
0.34600839018821716
0.5367750525474548
0.24774399399757385
0.2685656249523163
0.5886262655258179
1.0643969774246216
0.1276460736989975
0.5026956796646118
0.45979228615760803
0.30404406785964966
0.4129732549190521
0.3586137890815735
0.33879005908966064
0.322003573179245
0.5787039995193481
0.43270277976989746
0.11019867658615112
1.098961591720581
0.48724833130836487
0.5967901945114136
0.13527463376522064
0.1754036247730255
0.3845253586769104
0.4372963309288025
0.7760845422744751
0.43591222167015076
0.46294036507606506
0.36714109778404236
0.8317276239395142
0.29485467076301575
0.8211961984634399
0.19262705743312836
0.42487987875938416
0.41644397377967834
0.31265443563461304
0.34659332036972046
0.39390984177589417
0.055716902017593384
0.16541364789009094
0.6745079755783081
0.1671411693096161
0.2767276167869568
0.36813825368881226
0.4586752951145172
0.37096482515335083
0.21165168285369873
0.13655684888362885
0.6187730431556702
0.4685981869697571
0.37824493646621704
0.41310596466064453
0.19801093637943268
0.4666019082069397
0.18031218647956848
0.33900243043899536
0.870103657245636
0.35567420721054077
0.39722898602485657
0.7172206044197083
0.6872162222862244
0.36454087495803833
0.5860987305641174
0.2880290746688843
0.5406626462936401
0.25388187170028687
0.2496945559978485
0.32672351598739624
0.5955204367637634
0.8436449766159058
0.3306795060634613
0.24936768412590027
0.6376152038574219
0.25194406509399414
0.30834582448005676
0.28619927167892456
0.209559828042984
0.6613410115242004
0.6094123125076294
0.36304032802581787
0.5761873722076416
0.18212075531482697
0.4485093653202057
0.292072594165802
0.6745861172676086
0.31023988127708435
0.16681838035583496
0.25996753573417664
0.16349391639232635
0.08337357640266418
0.27468761801719666
0.6201432347297668
0.10355237871408463
0.18584688007831573
0.3727513551712036
0.4440482258796692
0.7006564140319824
0.3654473125934601
0.7191295027732849
0.3538115322589874
0.27632907032966614
0.49275559186935425
0.3496134877204895
0.3966972827911377
0.5289371013641357
0.5445790886878967
0.12103156745433807
0.5712565183639526
0.30224981904029846
0.4524955153465271
0.2717686593532562
0.6312562823295593
0.36650875210762024
0.5324834585189819
0.612472414970398
0.4582105576992035
0.34076637029647827
0.3414821922779083
0.5285313725471497
0.21836957335472107
0.3654960095882416
0.5317965149879456
0.41305631399154663
0.37148982286453247
0.21842265129089355
0.2451617419719696
0.4582841992378235
0.6879926919937134
0.26658356189727783
0.17196503281593323
0.6855085492134094
0.1469174176454544
0.4142538607120514
0.8686330914497375
0.3149377703666687
0.32857784628868103
0.35948270559310913
0.24449746310710907
0.36773166060447693
0.3179892897605896
0.5513469576835632
0.41789454221725464
0.32139796018600464
0.35307788848876953
0.4722110629081726
0.3250439763069153
0.5231102705001831
0.6020539402961731
0.45295920968055725
0.16335543990135193
0.23963713645935059
0.6193653345108032
0.1334667205810547
0.2742665112018585
0.5169177651405334
0.2513299286365509
0.3398938775062561
0.6502049565315247
0.3551187217235565
0.43150395154953003
0.20694077014923096
0.4423104226589203
0.2569878399372101
0.2899669110774994
0.41913121938705444
0.26782292127609253
0.4253620505332947
0.14989152550697327
0.5046408772468567
0.35063669085502625
0.5854600071907043
0.1569763571023941
0.5169889330863953
0.6825956106185913
0.3074374794960022
0.6167488694190979
0.3367356061935425
0.4775850772857666
0.7680457830429077
0.38243603706359863
0.2932029366493225
0.42798033356666565
0.14790430665016174
0.2030036449432373
0.3309157192707062
0.37010884284973145
0.44749993085861206
0.386022686958313
0.18300503492355347
0.2885604798793793
0.20520567893981934
0.34966129064559937
0.20707571506500244
0.5131369233131409
0.541181206703186
0.49375781416893005
0.3851030468940735
0.2814304232597351
0.7055531740188599
0.39166420698165894
0.2719191312789917
0.4222218990325928
0.04961307719349861
0.5097150206565857
0.19622187316417694
0.29498499631881714
0.7715209722518921
0.26955488324165344
0.249812513589859
0.40672987699508667
0.4835362434387207
0.6005236506462097
0.6036429405212402
0.43204793334007263
0.6727165579795837
0.707688570022583
0.21121469140052795
0.39927390217781067
0.33899086713790894
0.6821677088737488
0.6971091032028198
0.26579949259757996
0.23673298954963684
0.3106553256511688
0.7867404818534851
0.4727187752723694
0.22565293312072754
0.0610225684940815
0.41456323862075806
0.2126350700855255
0.30548566579818726
0.8859091997146606
0.5430270433425903
0.43218308687210083
1.2375012636184692
0.6305353045463562
0.11659824848175049
0.39285808801651
0.15735220909118652
0.30092284083366394
0.39567309617996216
0.6099256277084351
0.10172824561595917
0.1867424100637436
0.6215003728866577
0.3903113007545471
0.38919687271118164
0.18053308129310608
0.482015997171402
0.473863422870636
0.3069216310977936
0.2479812204837799
0.25255370140075684
0.8976299166679382
0.3760240375995636
0.44002336263656616
0.3728063404560089
0.25495368242263794
0.7166446447372437
0.38414266705513
0.18792590498924255
0.2916186451911926
0.301909863948822
0.18066586554050446
0.5994967222213745
0.4573279917240143
0.461144357919693
0.5228148698806763
0.44996771216392517
0.2918320894241333
0.45630931854248047
0.3830363154411316
0.3038533329963684
0.5641226172447205
0.624691367149353
0.268543541431427
0.28766685724258423
0.3911840319633484
0.5084564685821533
0.1751282662153244
0.5243878364562988
0.20937633514404297
0.5628002285957336
0.36979585886001587
0.3293062746524811
0.5604938268661499
0.45566853880882263
0.29621437191963196
0.37596771121025085
0.2802867889404297
0.5481070876121521
0.7032197117805481
0.09868736565113068
0.5457323789596558
0.16899031400680542
0.379584938287735
0.26374518871307373
0.15343992412090302
0.4039478302001953
0.23931729793548584
0.36592981219291687
0.3055877685546875
0.2133163958787918
0.144321009516716
0.49347811937332153
0.16089648008346558
0.43390315771102905
0.46229085326194763
0.9690683484077454
0.46875447034835815
0.42632055282592773
0.18748588860034943
0.4651426672935486
0.498914897441864
0.45584186911582947
0.5705851316452026
0.20264451205730438
0.3599799871444702
0.22775396704673767
0.417808473110199
0.5137630701065063
0.6189499497413635
0.5256257653236389
0.3425387442111969
0.336321085691452
0.22056367993354797
0.4187023639678955
0.5760133862495422
0.478331983089447
0.2321241796016693
0.21162502467632294
0.4057285785675049
0.32216447591781616
0.591082751750946
0.5820623636245728
0.7935547232627869
0.2253073751926422
0.615209698677063
0.4017969071865082
0.32954877614974976
0.19457513093948364
0.09030105173587799
0.5027617812156677
0.2944844961166382
0.34672802686691284
0.3882454037666321
0.5177109241485596
0.44674602150917053
0.764234721660614
0.06609199196100235
0.3268202245235443
0.37096381187438965
0.15770073235034943
0.3180897533893585
0.5697785019874573
0.42035308480262756
0.38834065198898315
0.15927520394325256
0.09547896683216095
0.2025427371263504
0.31410256028175354
0.23065797984600067
0.4408693313598633
0.2535010874271393
0.24778258800506592
0.2534550428390503
0.33838778734207153
0.4675561785697937
0.27768319845199585
0.23573629558086395
0.25668686628341675
0.2951175272464752
0.2825302481651306
0.42719531059265137
0.4594026505947113
0.24170251190662384
0.5061750411987305
0.6858934164047241
0.44568926095962524
0.2593477964401245
0.19484326243400574
0.9387043118476868
0.33187541365623474
0.7076375484466553
0.4682217538356781
0.35144734382629395
0.39011961221694946
0.35367149114608765
0.3527911603450775
0.44030219316482544
0.2715469300746918
0.26617568731307983
0.17964568734169006
0.25594231486320496
0.5452042818069458
0.674085259437561
0.43456006050109863
0.36163023114204407
0.3146984577178955
0.2649856209754944
0.6125966906547546
0.20335981249809265
0.2624731659889221
0.2201184332370758
0.37706372141838074
0.29308897256851196
0.3029995560646057
0.4077230989933014
0.8599873781204224
0.3254045248031616
0.29788798093795776
0.41744083166122437
0.468989759683609
0.22221282124519348
0.15945613384246826
0.6646071076393127
0.30802637338638306
1.197717308998108
0.47496113181114197
0.4885933995246887
0.36656397581100464
0.5672118067741394
0.147517591714859
0.2306673526763916
0.36650314927101135
0.4517679810523987
0.18416938185691833
0.6037401556968689
0.6021547913551331
0.1751735955476761
0.2755278944969177
0.3504389822483063
0.24953889846801758
0.24929261207580566
0.3394628167152405
0.27026957273483276
0.19632789492607117
0.519382655620575
0.15904226899147034
0.16469953954219818
0.4552241861820221
0.5182211995124817
0.40088146924972534
0.3690550625324249
0.2582833170890808
0.33141326904296875
0.26682451367378235
0.39904552698135376
0.12801632285118103
0.3052544593811035
0.7604982852935791
0.7746526002883911
0.4958912432193756
0.3285107910633087
0.321694552898407
0.2849406898021698
0.24857822060585022
0.29605674743652344
0.21477696299552917
0.14137819409370422
0.20006152987480164
0.8483460545539856
0.2472957819700241
0.31231218576431274
0.37399861216545105
0.5934165716171265
0.550787627696991
0.21153096854686737
0.5599521994590759
0.3047121465206146
0.3409900665283203
0.032880257815122604
0.5048477053642273
0.6109811067581177
0.23130516707897186
0.23978981375694275
0.3677346110343933
0.47765660285949707
0.24385368824005127
0.4677284359931946
0.16374370455741882
0.353817880153656
0.16372820734977722
0.5323167443275452
0.6264486312866211
0.3849700093269348
0.7127015590667725
0.31668558716773987
0.5785378813743591
0.724211573600769
0.46888571977615356
0.2748450040817261
0.1810213029384613
0.41471797227859497
0.16453973948955536
0.6257932782173157
0.3647799789905548
0.1627809852361679
0.21647775173187256
0.6977864503860474
0.1725003868341446
0.28255829215049744
0.46582216024398804
0.4294413626194
0.21612146496772766
0.5357753038406372
0.6480936408042908
0.3705118000507355
0.1992257833480835
0.3031673729419708
0.15654614567756653
0.11622081696987152
0.3119916617870331
0.5182995796203613
0.5667868852615356
0.2671610414981842
0.43292778730392456
0.4781063199043274
0.19113565981388092
0.7785733342170715
0.6696473956108093
0.3039701581001282
0.2305244505405426
0.4930269122123718
0.3980211913585663
0.4393983781337738
0.45338112115859985
0.22473911941051483
0.1609439253807068
0.3319750428199768
0.9235976934432983
0.5742969512939453
0.35701876878738403
0.32511240243911743
0.42053109407424927
0.177278533577919
0.1507401317358017
0.8000437617301941
0.23908908665180206
0.27715811133384705
0.5509530305862427
0.20116353034973145
0.24070434272289276
0.19753144681453705
0.6123405694961548
0.5310549736022949
0.38836413621902466
0.389320969581604
0.27008503675460815
0.5376840829849243
0.38376253843307495
0.3478241562843323
0.32616126537323
0.3051261901855469
0.3828794062137604
0.2007943093776703
1.0583935976028442
0.4895053803920746
0.3572937846183777
0.14145956933498383
1.0368653535842896
0.08152294903993607
0.30707862973213196
0.5785848498344421
0.21602442860603333
0.5195218324661255
0.3731895685195923
0.1934719979763031
0.5723274350166321
0.48398295044898987
0.30709514021873474
0.20648165047168732
0.3620634078979492
0.5850290060043335
0.32215139269828796
0.4172520041465759
0.33960390090942383
0.7600290179252625
0.4823972284793854
0.4919150471687317
0.5075661540031433
0.951800525188446
0.4851662516593933
0.3718913793563843
0.4279244840145111
0.777891993522644
0.6574379205703735
0.500114917755127
0.3333042562007904
0.3125402331352234
0.21498434245586395
0.4448007643222809
0.5819677710533142
0.1658344715833664
0.37046369910240173
0.8124208450317383
0.27607470750808716
0.5543593168258667
0.34763652086257935
0.3077509105205536
0.1767892986536026
0.37978556752204895
0.5269356369972229
0.2961371839046478
0.16971096396446228
0.3260704278945923
0.2983354330062866
0.35699549317359924
0.5701223611831665
0.44033557176589966
0.6163201332092285
0.48350581526756287
1.029221773147583
0.390643835067749
0.23609355092048645
0.509871780872345
0.528062641620636
0.2982739806175232
0.41496577858924866
0.2310657799243927
0.5822640061378479
0.1730840653181076
0.28915688395500183
0.4502719044685364
0.11553673446178436
0.0713237002491951
0.44377484917640686
0.2666398882865906
0.2770542502403259
0.16797704994678497
0.3139614462852478
0.5076090097427368
0.1478382647037506
0.24247650802135468
0.15247571468353271
0.29003074765205383
0.6665852665901184
0.5182567834854126
0.21493275463581085
0.4406836926937103
0.5802685022354126
0.18251827359199524
0.13837727904319763
0.6818092465400696
0.6091829538345337
0.7788551449775696
0.16055813431739807
0.5109104514122009
0.3957836925983429
0.2053052932024002
0.5005849003791809
0.6204553246498108
0.3421984016895294
0.4086002707481384
0.24290218949317932
0.7368760704994202
0.33546537160873413
0.17952808737754822
0.4124222695827484
0.08346902579069138
0.20922331511974335
0.25917327404022217
0.9200448989868164
0.29984137415885925
0.26684120297431946
0.1410522162914276
0.915676474571228
0.31131643056869507
0.6515915989875793
0.5177170038223267
0.2950928807258606
0.4927864074707031
0.2916153073310852
0.26953384280204773
0.26771968603134155
0.14970797300338745
0.3653137683868408
0.4315614104270935
0.2747454047203064
0.591357946395874
0.26814740896224976
0.4244878888130188
0.5096310973167419
0.3883623778820038
0.15832138061523438
0.2899780869483948
0.25036031007766724
0.24035947024822235
0.5525950789451599
0.4330371916294098
0.5383694767951965
0.46855443716049194
0.29283228516578674
0.41473403573036194
0.6329619288444519
0.2618182301521301
0.206339031457901
0.24477508664131165
0.18614202737808228
0.34566858410835266
0.20175763964653015
0.22774848341941833
0.0998169407248497
0.266984224319458
0.060717981308698654
0.3058430850505829
0.4820677638053894
0.47127264738082886
0.2546616792678833
0.46088576316833496
0.45158499479293823
0.6531779766082764
0.1813230961561203
0.27303546667099
0.4809633195400238
0.20846346020698547
0.3804493546485901
0.3368869423866272
0.7859737277030945
0.48545390367507935
0.14085941016674042
0.4988868832588196
0.32091090083122253
0.14865444600582123
0.3053165674209595
0.3833332061767578
0.6557033061981201
0.4051612317562103
0.6095899343490601
0.1822088062763214
0.264119029045105
0.42504388093948364
0.04640781506896019
0.18793955445289612
0.32715070247650146
0.21481823921203613
0.3677915036678314
0.09925791621208191
0.16824695467948914
0.48311805725097656
0.339430034160614
0.10246257483959198
0.5428779125213623
0.34940576553344727
0.6322636008262634
0.7679764032363892
0.4715646803379059
0.19773639738559723
0.25097161531448364
0.41290730237960815
0.29053786396980286
0.2858911454677582
0.3715442717075348
0.3412996232509613
0.18620939552783966
0.3802837133407593
0.7168158292770386
0.2207036018371582
0.3536526560783386
0.1639186441898346
0.2999078035354614
0.24135108292102814
0.28584423661231995
0.30014726519584656
0.14819495379924774
0.36822229623794556
0.5183509588241577
0.47615036368370056
0.47656959295272827
0.6970323920249939
0.22315624356269836
0.31849992275238037
0.042865268886089325
0.19616453349590302
0.6605714559555054
0.3292770981788635
0.4097180962562561
0.4769722819328308
0.15996761620044708
0.4456675946712494
0.24043798446655273
0.917935848236084
0.9589241147041321
0.5165521502494812
0.40359169244766235
0.7190877199172974
0.16207362711429596
0.4634372293949127
0.49739089608192444
0.5074211359024048
0.19212612509727478
0.7975012063980103
0.309481680393219
0.18722891807556152
1.7041351795196533
0.25560659170150757
0.474337637424469
0.47252383828163147
0.622735857963562
0.34363797307014465
0.22684037685394287
0.34579557180404663
0.31031835079193115
0.180782288312912
0.6511460542678833
0.6379222869873047
0.5008909106254578
0.37587910890579224
0.5907915830612183
0.6323161125183105
0.787946343421936
0.2956722676753998
0.538103461265564
0.19598570466041565
0.36420589685440063
0.5385894775390625
0.4697190821170807
0.1522393822669983
0.11914575099945068
0.381908655166626
0.3443863093852997
0.3308635354042053
0.16917634010314941
0.2526417374610901
0.46893906593322754
0.8954137563705444
0.4541637897491455
0.38083237409591675
0.39002132415771484
0.08446810394525528
0.2579668462276459
0.2194715291261673
0.28735142946243286
0.34438714385032654
0.17432577908039093
0.5061029195785522
0.35382920503616333
0.29779988527297974
0.2425730973482132
0.6801174879074097
0.14191612601280212
0.1600918024778366
0.5692601203918457
0.31634944677352905
0.34730368852615356
0.47764119505882263
0.39342162013053894
0.9380961656570435
0.5000288486480713
0.32368481159210205
0.6200355887413025
0.3203844130039215
0.5107143521308899
0.3205510973930359
0.7241038680076599
0.23054221272468567
0.26404398679733276
0.31799134612083435
0.9309213757514954
0.19892874360084534
0.43185701966285706
0.4673922061920166
0.3920825123786926
0.24343368411064148
0.5231665968894958
0.26226091384887695
0.24104852974414825
0.343313992023468
0.18104377388954163
0.6784595251083374
0.14852146804332733
0.3523286283016205
0.9254442453384399
0.16068540513515472
0.6756867170333862
0.21126551926136017
0.2821512818336487
0.24353578686714172
0.47004109621047974
0.4877904951572418
0.2168920487165451
0.46118974685668945
0.20443828403949738
0.2701447606086731
0.9010326266288757
0.1985355168581009
0.27081000804901123
0.6551039218902588
1.0388143062591553
0.47248491644859314
1.0591806173324585
0.438393771648407
0.3260855972766876
0.48193150758743286
0.5598255395889282
0.40963274240493774
0.44555631279945374
0.29567044973373413
0.45651689171791077
0.2516547441482544
0.2670920491218567
0.47737669944763184
0.14445854723453522
0.18041127920150757
0.13043220341205597
0.5515071153640747
0.36054810881614685
0.44510188698768616
1.0951735973358154
0.44141387939453125
0.8767906427383423
0.2052721083164215
0.22633986175060272
0.25004634261131287
0.6454206705093384
0.24340955913066864
0.7593686580657959
0.12269439548254013
0.5560129284858704
0.2859381139278412
0.7882012128829956
0.39941999316215515
1.3479758501052856
0.36889559030532837
0.3215411305427551
0.3973296284675598
0.5199998021125793
0.3956383764743805
0.3735666871070862
0.6361303925514221
0.48709091544151306
0.3336099684238434
0.5098918676376343
0.1401815414428711
1.0159560441970825
0.3658682703971863
0.5155944228172302
0.38498595356941223
0.8609369993209839
0.17608527839183807
0.47507333755493164
0.5854072570800781
0.2720949649810791
0.35472241044044495
0.4249226450920105
0.7583178877830505
0.293873131275177
0.5766460299491882
0.2537606358528137
0.36278781294822693
0.31042999029159546
0.30918580293655396
0.32257702946662903
0.11894679069519043
0.7937350273132324
0.3344188630580902
0.4821872115135193
0.5543943643569946
0.2733347415924072
0.4359501302242279
0.6061550378799438
0.47949257493019104
0.18439364433288574
0.6124804019927979
0.17342045903205872
0.1786215752363205
0.38743525743484497
0.33324894309043884
0.5424906611442566
0.40865373611450195
0.22983583807945251
0.6576422452926636
0.21939770877361298
0.28440696001052856
0.7032663226127625
0.3884964883327484
0.08221530169248581
0.28454169631004333
0.42885303497314453
0.28431862592697144
0.2597656846046448
0.2611558735370636
0.1900525987148285
0.3231542408466339
0.3627063035964966
0.5486550331115723
0.42537450790405273
0.3425498604774475
0.2886458933353424
0.34746065735816956
0.5631144642829895
0.28517916798591614
0.5748446583747864
0.3528306782245636
0.46486884355545044
0.27724123001098633
0.37906163930892944
0.2930752635002136
0.1255018413066864
0.34869545698165894
0.32426685094833374
0.5974346399307251
0.6771237254142761
0.4091258943080902
0.43911194801330566
0.3341410458087921
0.37782156467437744
0.41101187467575073
0.3996807038784027
0.5136286020278931
0.11610130965709686
0.937369167804718
0.4314908981323242
0.9379743337631226
0.27022141218185425
0.3798634111881256
0.24389716982841492
0.2761247754096985
0.46903905272483826
0.4660481810569763
0.16307929158210754
0.29143109917640686
0.33688247203826904
0.309295117855072
0.16997548937797546
0.19929051399230957
0.24939414858818054
0.6842281222343445
0.2505999505519867
0.18909940123558044
0.617871105670929
0.17209860682487488
0.27212637662887573
0.45424550771713257
0.4454752504825592
0.2916214168071747
0.7335083484649658
0.390438973903656
0.3434598445892334
0.37298011779785156
0.4516039788722992
0.3563278019428253
0.3901152014732361
0.2834717631340027
0.21664956212043762
0.4249623417854309
0.6592481136322021
0.43155938386917114
0.6454423666000366
0.15361455082893372
0.21139273047447205
0.4622126519680023
0.10915245115756989
0.2626006603240967
0.49522408843040466
0.18585383892059326
0.7017518281936646
0.2479829341173172
0.27946537733078003
0.3978775441646576
0.2025291919708252
0.13060733675956726
0.6556817293167114
0.2423996478319168
0.25332990288734436
0.5583544969558716
0.5936226844787598
0.23111434280872345
0.3562532067298889
0.28773078322410583
0.7720330953598022
0.20547354221343994
0.6319328546524048
0.3419801592826843
0.3630727529525757
0.25715941190719604
0.19642804563045502
0.5623651146888733
0.44117721915245056
0.3188558518886566
0.3949832618236542
0.24582529067993164
0.45102137327194214
0.5410710573196411
0.45789414644241333
0.2567484378814697
0.4889022409915924
0.37778693437576294
0.15886516869068146
0.967240035533905
0.13324043154716492
0.4318014681339264
0.4625551700592041
0.6140682697296143
0.14591124653816223
0.22190701961517334
0.6049777269363403
0.3779107630252838
0.17119581997394562
0.5054947733879089
0.16638128459453583
0.3347471356391907
0.5692793130874634
0.22286900877952576
0.29583221673965454
0.6654946804046631
0.5862741470336914
0.3634033799171448
0.6624460220336914
0.28594398498535156
0.6236060857772827
0.16917583346366882
0.9381232261657715
0.48652634024620056
0.33764517307281494
0.4720665514469147
0.14647425711154938
0.19349941611289978
0.3614339828491211
0.39352545142173767
0.21676845848560333
0.4319232106208801
0.3034140467643738
0.39306479692459106
0.5538185238838196
0.9006866216659546
0.24744518101215363
0.2252848893404007
0.21891696751117706
0.2829235792160034
0.4781058430671692
0.5850110054016113
0.19829490780830383
0.5214675664901733
0.41788649559020996
0.4121468961238861
0.12183573096990585
0.646492600440979
0.26371175050735474
0.14562951028347015
0.2998819947242737
0.30715569853782654
0.1932820975780487
0.5060017108917236
0.3534136712551117
0.7077014446258545
0.28969240188598633
0.9007277488708496
0.3552217185497284
0.2257956564426422
0.11064466089010239
0.5177674889564514
0.2126576006412506
0.3801880478858948
0.20164711773395538
0.4520416259765625
0.41232579946517944
0.413348913192749
0.15904465317726135
0.40923696756362915
0.5468710660934448
0.20763376355171204
0.20889326930046082
0.637004017829895
0.2378125637769699
0.5470893383026123
0.44386211037635803
0.3918394446372986
0.2102169543504715
0.5793814659118652
0.31484341621398926
0.7345012426376343
0.2225051373243332
0.37457743287086487
0.4046850800514221
0.3705480694770813
0.1712961047887802
0.32013556361198425
0.2757697105407715
0.6910063028335571
0.37856099009513855
0.5468595027923584
0.27130821347236633
0.4414530396461487
0.09445850551128387
0.1849217414855957
0.8233445882797241
0.4632759094238281
0.4052451252937317
0.44033700227737427
0.23274731636047363
0.7808923125267029
0.271079957485199
0.20215561985969543
0.18806961178779602
0.27617260813713074
0.4172933101654053
0.5731430053710938
0.14469550549983978
0.0871671587228775
0.8131343722343445
0.5379027128219604
0.4826834201812744
0.6077747344970703
0.29278653860092163
0.3921831548213959
0.7540224194526672
0.5573201775550842
0.256637305021286
0.30553582310676575
0.24908117949962616
0.7815303802490234
0.5760115385055542
0.2614300847053528
0.3313625454902649
0.37951451539993286
0.14804570376873016
0.41801196336746216
0.34899550676345825
0.626473069190979
0.3277384340763092
0.5923130512237549
0.17956840991973877
0.5075069069862366
0.2797441780567169
0.5739201307296753
0.3517460227012634
0.2536899149417877
0.1527029424905777
0.3143095374107361
0.45155978202819824
0.37965014576911926
0.7392134070396423
0.25426745414733887
0.14436793327331543
0.41824841499328613
0.3696272075176239
0.1398008018732071
0.3248893618583679
0.23879460990428925
0.8934937715530396
0.30683425068855286
0.8268682360649109
0.24406468868255615
0.4306498169898987
0.4037051200866699
0.27379700541496277
0.3889060616493225
0.1172916516661644
0.5508968830108643
0.4973686635494232
0.5606932044029236
0.23305287957191467
0.34782201051712036
0.2756941318511963
0.7731057405471802
0.44462141394615173
0.3773851990699768
0.24822433292865753
0.30350983142852783
0.49780207872390747
0.33347266912460327
0.12996909022331238
0.1401921957731247
0.2823219895362854
0.6889652013778687
0.35926276445388794
0.2978202700614929
0.16610445082187653
0.461586058139801
0.7408275604248047
0.393132746219635
0.49368351697921753
0.14822134375572205
0.4105772078037262
0.5845393538475037
0.722517192363739
0.41287559270858765
0.19402095675468445
0.49423566460609436
0.378641813993454
0.12370439618825912
0.29288846254348755
0.14997342228889465
0.5650488138198853
0.3068210184574127
0.19123034179210663
0.32105815410614014
0.34308040142059326
0.3252677619457245
0.32979050278663635
0.4541681706905365
0.2692139744758606
0.1816192865371704
0.3563609719276428
0.7431179285049438
0.43825793266296387
0.4149352014064789
0.49218153953552246
0.14208601415157318
0.2333795577287674
0.40901249647140503
0.1987001597881317
0.7476651668548584
0.24328193068504333
0.5314492583274841
0.16408222913742065
0.3122061491012573
0.29260677099227905
0.27159008383750916
0.24559274315834045
0.7823593020439148
0.4457286298274994
0.6653583645820618
0.19427843391895294
0.31741681694984436
0.19593185186386108
0.5993035435676575
0.6061147451400757
0.5893579125404358
0.41833066940307617
0.12825915217399597
0.4440309405326843
0.7016041278839111
0.2246003895998001
0.43882590532302856
0.4056040346622467
0.402263343334198
0.47687965631484985
0.2052801102399826
0.26027193665504456
0.43571168184280396
0.1665768325328827
0.538768470287323
0.5636704564094543
0.18750756978988647
0.4210553765296936
0.3177420496940613
0.21855473518371582
0.39468371868133545
0.2447928488254547
0.22371594607830048
0.30787643790245056
0.5832778811454773
0.7381054759025574
0.6043173670768738
0.29887664318084717
1.1925474405288696
0.249126598238945
0.21789219975471497
0.2212032973766327
0.9166399240493774
0.9101508259773254
0.65477454662323
0.35409075021743774
0.15440353751182556
0.6287416219711304
0.5635613203048706
0.19788643717765808
0.3507100045681
0.6014033555984497
0.3894047439098358
0.4099922776222229
0.30473440885543823
0.5172387957572937
0.3934173285961151
0.2635318636894226
0.5294027328491211
0.4225589334964752
0.6451714038848877
0.21541142463684082
0.46257680654525757
0.7470773458480835
0.5783865451812744
0.40717068314552307
0.15703970193862915
0.4042065143585205
0.2467399537563324
0.17982938885688782
0.5492044687271118
0.21216610074043274
0.5819205045700073
0.3993779718875885
0.32727673649787903
0.3455405533313751
0.5909510850906372
0.3073638081550598
0.38289791345596313
0.27204275131225586
0.9043033719062805
0.21590113639831543
0.4740281105041504
0.383388876914978
0.5405778884887695
0.29882317781448364
0.6792665719985962
0.5383143424987793
0.5282052755355835
0.27001631259918213
0.5771424174308777
0.35943111777305603
0.22089271247386932
0.6136311888694763
0.3158589005470276
0.38260379433631897
0.26266616582870483
0.604277491569519
0.09799353778362274
0.316404789686203
0.2653643786907196
0.4124356806278229
0.5268898606300354
0.6365475654602051
0.2394547462463379
0.3034571707248688
0.3848470151424408
0.3721558153629303
0.32887035608291626
0.28292179107666016
0.5225892066955566
0.3898547291755676
0.5557844638824463
0.45188331604003906
0.31232303380966187
0.6013924479484558
0.27822253108024597
0.3985038995742798
0.5112096071243286
0.19317778944969177
0.22999779880046844
0.2816222310066223
0.18436799943447113
0.22835023701190948
0.2569127380847931
0.5333778858184814
0.3260374963283539
0.6292158365249634
0.4389687180519104
0.5075043439865112
0.6202942728996277
0.22359172999858856
0.2905805706977844
0.21819491684436798
0.6150875687599182
0.2926410734653473
0.261356383562088
0.20629553496837616
0.7956081628799438
0.3280152678489685
0.4523483216762543
0.2567519545555115
0.6998847723007202
0.6787118911743164
0.561083197593689
0.12380485236644745
0.21955259144306183
0.12455357611179352
0.345218688249588
0.37101924419403076
0.38506993651390076
0.39342838525772095
0.25423598289489746
0.3975285589694977
0.4169471859931946
0.6134006977081299
0.7872456908226013
0.3302767872810364
0.5293152928352356
0.3685339391231537
1.0013518333435059
0.16324175894260406
0.2612939774990082
0.8729069828987122
0.16632193326950073
0.17880183458328247
0.6264520883560181
0.3249073028564453
0.1891385167837143
0.2702397406101227
0.449296236038208
0.29148682951927185
0.9437195658683777
0.4045187532901764
0.5035281777381897
0.8733966946601868
0.7366827726364136
0.21818403899669647
0.1718003898859024
0.49999722838401794
0.570697546005249
0.19177699089050293
0.2899010181427002
0.2748587727546692
0.32245299220085144
0.47224530577659607
0.24722549319267273
0.18070080876350403
0.31110402941703796
0.21284952759742737
0.15090833604335785
0.5021318197250366
0.37384775280952454
0.24995288252830505
0.29894617199897766
0.2047749012708664
0.38644665479660034
0.455961138010025
0.312421590089798
0.4866873323917389
0.099088653922081
0.1499992161989212
0.47000518441200256
0.20995387434959412
0.47383594512939453
0.38165947794914246
0.18317236006259918
0.30423322319984436
0.23305273056030273
0.748216986656189
0.3263077139854431
0.4217355251312256
0.4396812915802002
0.5844841599464417
0.07898758351802826
0.46444177627563477
0.17877882719039917
0.06851129233837128
0.3431834876537323
0.2565414607524872
0.24187541007995605
0.5148276686668396
0.23924584686756134
0.4938400685787201
0.2228788584470749
0.5010558366775513
0.26446861028671265
0.3041384220123291
0.6002281904220581
0.5589383244514465
0.3485546410083771
0.23969905078411102
0.27184876799583435
0.4892745912075043
0.7629104256629944
0.4163126051425934
0.6336933374404907
0.35656827688217163
0.21423542499542236
0.3935278356075287
0.14659889042377472
0.12482639402151108
0.3618778884410858
0.42473068833351135
0.4826090335845947
0.32975709438323975
0.2539125084877014
0.2747245132923126
0.48205819725990295
0.19786986708641052
0.5445467829704285
0.1135718822479248
0.2129940539598465
0.3031691908836365
0.5099968910217285
0.19959953427314758
0.23365159332752228
0.17121803760528564
0.18221910297870636
0.573931097984314
0.1386125683784485
0.2604089081287384
0.37164485454559326
0.7453708052635193
0.3691105246543884
0.2536301016807556
0.30237647891044617
0.5340058207511902
0.4785333275794983
0.22148942947387695
0.33065271377563477
0.26315757632255554
0.2373269498348236
0.1605907380580902
0.5882698893547058
0.5513483285903931
0.09875499457120895
0.32166367769241333
0.4165472388267517
0.2612079977989197
0.9446535110473633
0.39852750301361084
0.9205711483955383
0.514822244644165
0.1684078872203827
0.22638294100761414
0.16387921571731567
0.27816471457481384
0.26987987756729126
0.3306577801704407
0.6502856016159058
0.42197495698928833
0.27960264682769775
0.29063963890075684
0.3317969739437103
0.9647660255432129
0.7016680240631104
0.571882963180542
0.7212525606155396
0.6387650370597839
0.32424652576446533
0.2737032175064087
0.37469685077667236
0.3155513107776642
0.41882577538490295
0.48481979966163635
0.33464476466178894
0.2529493272304535
0.39424461126327515
0.4544084966182709
0.49308881163597107
0.35895588994026184
0.5023902058601379
0.39027613401412964
0.5722448229789734
0.41617876291275024
0.3509387671947479
0.2845427095890045
0.2553858757019043
0.16011090576648712
0.34541699290275574
0.32445189356803894
0.18662071228027344
0.6626233458518982
0.3476872146129608
0.27540597319602966
0.2551968991756439
0.46760672330856323
0.12716719508171082
0.42079824209213257
1.0346705913543701
0.4805867075920105
0.757333517074585
0.30909231305122375
0.13573473691940308
0.535095751285553
0.44735056161880493
0.2292223423719406
0.21004953980445862
0.6438508629798889
0.4959350526332855
0.2860753834247589
0.4266298711299896
0.08983834832906723
0.381683886051178
0.4088040888309479
0.23301216959953308
0.5764363408088684
0.36576542258262634
0.28371769189834595
0.22653858363628387
0.15751604735851288
0.6546462774276733
0.48823484778404236
0.48480087518692017
0.39620691537857056
0.305103600025177
0.3334463834762573
0.7802714109420776
0.24005849659442902
0.6551847457885742
0.3853447735309601
0.27472853660583496
0.3123738765716553
0.3505985140800476
0.312252938747406
0.09880368411540985
0.5454453229904175
0.5358089208602905
0.2156336009502411
0.41248148679733276
0.4939437508583069
0.4010114073753357
0.19861570000648499
0.3548361659049988
0.2312200963497162
0.5029314160346985
0.7185648679733276
0.4026067852973938
0.35100919008255005
0.3960419297218323
0.13535024225711823
0.9667174220085144
0.4951169490814209
0.3147081434726715
0.38148394227027893
0.5117571353912354
0.19329315423965454
0.28525349497795105
0.379020631313324
0.5799563527107239
0.39343899488449097
0.5791242718696594
0.09570825099945068
0.4408586621284485
0.8333824276924133
0.25418519973754883
0.21326331794261932
0.32813385128974915
0.3951452672481537
0.25010988116264343
0.2638777196407318
0.29286110401153564
0.3741143047809601
0.7409106492996216
0.22844858467578888
0.07502523064613342
0.17586615681648254
0.815412163734436
0.35621193051338196
0.2668362259864807
0.26260367035865784
0.6707791686058044
0.9100527763366699
0.8305079340934753
0.2696113884449005
0.2846883535385132
0.27966317534446716
0.33876901865005493
0.3682105243206024
0.2523556649684906
0.58589768409729
0.8753304481506348
0.4043464660644531
0.4425472319126129
0.39385372400283813
0.8850182294845581
0.7176610231399536
0.3648376166820526
0.6647348403930664
0.26417580246925354
0.4305395185947418
0.5566133260726929
0.2743835151195526
0.8644260168075562
0.24649915099143982
0.39302483201026917
0.2778083384037018
0.2293863296508789
0.3130266070365906
0.4510762691497803
0.21968774497509003
0.31800737977027893
0.25417560338974
0.3051705062389374
0.8241984248161316
0.30550986528396606
0.5598844289779663
0.3015334904193878
0.16400061547756195
0.2682008445262909
0.2729244530200958
0.5627790689468384
0.430219829082489
0.396390825510025
0.5126765966415405
0.3475183844566345
0.48949670791625977
0.3518780469894409
0.751024067401886
0.3390703797340393
0.6116117835044861
0.7109038233757019
0.3192272186279297
0.15268278121948242
0.321185439825058
0.6355838179588318
0.4313031733036041
0.30172082781791687
0.530339241027832
0.3485191762447357
0.33656054735183716
0.497633695602417
0.23747214674949646
0.5414157509803772
0.5572280883789062
0.3579893708229065
0.309122771024704
0.30326735973358154
0.21543410420417786
0.6164344549179077
0.6857786178588867
0.2733687162399292
0.48971620202064514
0.40884628891944885
0.5638106465339661
0.18135559558868408
0.1968313753604889
0.40106266736984253
0.30859285593032837
1.2893776893615723
0.50165855884552
0.4476790428161621
0.4036845266819
0.325627863407135
0.7436901330947876
0.4161152243614197
0.42638176679611206
0.49483156204223633
0.2022024691104889
0.28900811076164246
0.6954917907714844
0.6585953831672668
0.29028818011283875
0.24749645590782166
0.3602718710899353
0.7261013984680176
0.6029218435287476
0.4795319437980652
0.3273034393787384
0.36209648847579956
0.4379645884037018
0.44270262122154236
0.3635236620903015
0.46420854330062866
0.35926201939582825
0.24050462245941162
0.6497024893760681
0.3987831473350525
0.5704155564308167
0.08171481639146805
0.6463581323623657
0.6932802796363831
0.550061821937561
0.9303117990493774
0.4718024730682373
0.2984409034252167
0.46782636642456055
0.47276201844215393
0.2854141592979431
0.1379934847354889
0.5282124280929565
0.3305094540119171
0.19729377329349518
0.5025002360343933
0.22491303086280823
0.3870029151439667
0.36253705620765686
0.5555917024612427
0.7838568687438965
0.34181007742881775
0.4096020758152008
0.3368859887123108
0.35994231700897217
0.14886291325092316
0.6463571786880493
0.4411866068840027
0.7446039915084839
0.3476991057395935
0.19300059974193573
0.29635804891586304
0.20566077530384064
0.11188484728336334
0.2899319529533386
0.23935730755329132
0.2396715134382248
0.2953156530857086
0.16088788211345673
0.47386622428894043
0.28329890966415405
0.5021973848342896
0.40105491876602173
0.3008200526237488
0.709202229976654
0.41874751448631287
0.3209242820739746
0.5129928588867188
0.1587233692407608
0.4333920478820801
0.3573569357395172
0.5492711067199707
0.43750739097595215
0.17319917678833008
0.3421577513217926
0.5322074890136719
0.3000470697879791
0.45943164825439453
0.09530633687973022
0.40471696853637695
0.7088532447814941
0.24415898323059082
0.5387283563613892
0.6367377042770386
0.20706644654273987
0.5272639393806458
0.39645880460739136
0.2411816567182541
0.2104424685239792
0.4344887137413025
0.34536656737327576
0.3130362629890442
0.3083638548851013
0.6594374775886536
0.423744261264801
0.31625986099243164
0.27745717763900757
0.31136637926101685
0.25721925497055054
0.39293617010116577
0.5755018591880798
0.18654011189937592
0.45138436555862427
0.08277534693479538
0.5100440382957458
0.7861451506614685
0.3005503714084625
0.2667824923992157
0.27450960874557495
0.2913263440132141
0.18575595319271088
0.3675987720489502
0.29623711109161377
0.4582725167274475
0.35165727138519287
0.3426702618598938
0.32225340604782104
0.4537220001220703
0.11873555183410645
0.4563333988189697
0.532964289188385
0.3692493438720703
0.3849824070930481
0.5473247170448303
0.2572057247161865
0.6628588438034058
0.33073553442955017
0.5343495607376099
0.30699068307876587
0.48044267296791077
0.11649128049612045
0.3581520915031433
0.5654520392417908
0.6151809096336365
0.3560783267021179
0.07885207235813141
0.25198227167129517
0.2830375134944916
0.19794604182243347
0.4594822824001312
0.7080591917037964
0.4020368456840515
0.1187862902879715
0.4266200661659241
0.25032609701156616
0.3434199392795563
0.6977201700210571
0.3179998993873596
0.30152949690818787
0.3785058259963989
0.29543787240982056
0.7428942918777466
0.4908071458339691
0.3430017828941345
0.41869115829467773
0.8617472648620605
0.6811951398849487
0.282245397567749
0.9337562322616577
0.12467046082019806
0.1612931340932846
0.44496384263038635
0.3564808964729309
0.370437353849411
0.213924378156662
0.4141855239868164
0.05980385094881058
0.44905033707618713
0.24269333481788635
0.1892903447151184
0.2534276843070984
0.38795292377471924
0.3158396780490875
0.5951963663101196
0.11080299317836761
0.3195416331291199
0.19933590292930603
0.43803930282592773
0.5258255004882812
0.35056859254837036
0.3804037868976593
0.07354357838630676
0.4016246795654297
0.363796204328537
0.28028836846351624
0.7239574790000916
0.21731650829315186
0.41994643211364746
0.19110170006752014
0.24738720059394836
0.10325874388217926
0.47645682096481323
0.41582202911376953
0.38213226199150085
0.3163585066795349
0.129824697971344
0.3280239701271057
0.39242249727249146
0.485187828540802
0.5320307612419128
0.2880728542804718
0.21257391571998596
0.7549463510513306
0.498776912689209
0.3539493680000305
0.25854671001434326
0.22316999733448029
1.0752248764038086
0.38985446095466614
0.36813169717788696
0.2762615978717804
0.289817750453949
0.24896439909934998
0.4293428361415863
0.6874802708625793
0.6196418404579163
0.28219062089920044
0.2530721426010132
0.7966691255569458
0.4485241770744324
0.8060185313224792
0.37732502818107605
0.5110324621200562
0.17076703906059265
0.4300151467323303
0.31101927161216736
0.2900206446647644
0.4849931299686432
0.44870463013648987
0.16425004601478577
0.45133447647094727
0.3726969063282013
0.29495877027511597
0.3969557285308838
0.18116186559200287
0.7507677674293518
0.7147454023361206
0.20014040172100067
0.29621821641921997
0.2590138912200928
0.334617555141449
0.3072412610054016
0.5306810140609741
0.2521553337574005
0.3667146861553192
0.1447884738445282
0.5169546008110046
0.16961395740509033
0.3727112114429474
0.30362772941589355
0.315062940120697
0.15388625860214233
0.3281966745853424
0.24569860100746155
0.15962354838848114
0.4023238718509674
0.4031224846839905
0.6198981404304504
0.2466585338115692
0.14658597111701965
0.4568353295326233
0.26750344038009644
1.1626834869384766
0.44621872901916504
0.5741857290267944
0.23751433193683624
0.3124246597290039
0.4038960039615631
0.17542150616645813
0.2724464237689972
0.41343098878860474
0.4705502986907959
0.41784629225730896
0.271668404340744
0.39674684405326843
0.4900231957435608
0.819368839263916
0.15254424512386322
0.1596563160419464
0.6048544049263
0.38719144463539124
0.7616776823997498
0.4764467179775238
0.501012921333313
0.09560728818178177
0.748836874961853
0.23109912872314453
0.21571068465709686
0.28704833984375
0.04835205525159836
0.26442641019821167
0.17021973431110382
0.3700713515281677
0.4025591313838959
0.1870194375514984
0.24902839958667755
0.47405415773391724
0.3772643208503723
0.32556140422821045
0.24492911994457245
0.22373053431510925
0.3298629820346832
0.17294463515281677
0.24658648669719696
0.21350547671318054
0.12301135063171387
0.8339236974716187
0.4874831736087799
0.8138324618339539
0.36534905433654785
0.224073126912117
0.49650007486343384
0.6901574730873108
0.6707613468170166
0.3620602488517761
0.7566657662391663
0.17237187922000885
0.22133708000183105
0.3594248592853546
0.3641784191131592
0.09970416873693466
0.32794177532196045
0.3890478014945984
0.5515414476394653
0.3762803375720978
0.8417356610298157
0.32647377252578735
0.3913271725177765
0.45429888367652893
0.629298985004425
0.4716314375400543
0.21386361122131348
0.5895675420761108
0.4081680178642273
0.10047861188650131
0.2310418337583542
0.3448790907859802
0.4008621275424957
0.4674135148525238
0.24488034844398499
0.2690178155899048
0.7945205569267273
0.2634196877479553
0.40390706062316895
0.5151171088218689
0.31412842869758606
0.44551366567611694
0.7213643789291382
0.271859347820282
0.414620965719223
0.20043280720710754
0.6193943619728088
0.5138602256774902
0.8119098544120789
0.40843287110328674
0.6443502902984619
0.21577270328998566
0.3437018096446991
0.7186104655265808
0.25101518630981445
0.30170729756355286
0.7853158712387085
0.30688703060150146
0.44732585549354553
0.2945343554019928
0.4095228612422943
0.7030987739562988
0.35690727829933167
0.36219996213912964
0.1897248774766922
0.5629910826683044
0.33664950728416443
0.6483376622200012
0.10089989751577377
0.4124101996421814
0.28353673219680786
0.12478462606668472
0.348303884267807
0.336465984582901
0.3109833598136902
0.5196256041526794
0.24007673561573029
0.29212668538093567
0.28699368238449097
0.24586279690265656
0.14048004150390625
0.39439767599105835
0.6244625449180603
0.21508482098579407
0.5674760341644287
0.5345343351364136
0.56545490026474
0.21499335765838623
0.16153858602046967
0.4849064350128174
0.13826151192188263
0.5148732662200928
0.08451051265001297
0.44480347633361816
0.1945955753326416
0.37871795892715454
0.4407990872859955
0.38847485184669495
0.35706549882888794
0.41935619711875916
0.25726455450057983
0.5484534502029419
0.5475307703018188
0.46416178345680237
0.5033676028251648
0.5067322254180908
0.5476247072219849
0.1996544748544693
0.4742676317691803
0.4737638533115387
0.07762494683265686
0.8786674737930298
0.3511062264442444
0.7961827516555786
0.21652300655841827
0.2989904582500458
0.48686009645462036
0.25203150510787964
0.36295995116233826
0.09103193134069443
0.42034417390823364
0.5217692852020264
0.2887311577796936
0.568564772605896
0.35621562600135803
0.40267413854599
0.37623658776283264
0.2599513828754425
0.5326068997383118
0.20790112018585205
0.4200576841831207
0.49940651655197144
0.6805033087730408
0.52586829662323
0.19231721758842468
0.40592440962791443
0.3469467759132385
0.43671727180480957
0.49606552720069885
0.28920671343803406
0.7152591943740845
0.41237348318099976
0.39380770921707153
0.3771960437297821
0.3345741629600525
0.17383059859275818
0.37381383776664734
0.39297720789909363
0.39823442697525024
0.4012506604194641
0.180292010307312
0.48071497678756714
0.3953547179698944
0.5228649377822876
0.5414476990699768
0.533739447593689
0.40961208939552307
0.29504066705703735
0.28767648339271545
0.46705612540245056
0.30579087138175964
0.5558172464370728
0.6510565876960754
0.3046509921550751
0.31388020515441895
0.23241882026195526
0.13394629955291748
0.3835960328578949
0.5668750405311584
0.6411464214324951
0.48281970620155334
0.54022216796875
0.7206472158432007
0.6276293992996216
0.31013068556785583
0.3450801372528076
0.39895516633987427
0.2797623872756958
0.13642777502536774
0.3104380667209625
0.3057664930820465
0.25049978494644165
0.31387946009635925
0.23991724848747253
0.39133208990097046
0.532217264175415
0.3354628086090088
0.8907903432846069
0.6730538606643677
0.9409038424491882
0.40383854508399963
0.2979297339916229
0.31994906067848206
0.19662602245807648
0.6977410316467285
0.22740189731121063
0.47851380705833435
0.7253389954566956
0.04365972802042961
0.2620305120944977
0.3601847290992737
0.5122594237327576
0.21342232823371887
0.42555251717567444
0.4273982644081116
0.2892034947872162
0.3659442663192749
0.2114803045988083
0.4873051047325134
0.222978875041008
0.33355578780174255
0.33412671089172363
0.2817208766937256
0.44858336448669434
0.3435543477535248
0.37370431423187256
0.2390928715467453
0.24113968014717102
0.5221654176712036
0.0885939821600914
0.2255088984966278
0.170718714594841
0.26661795377731323
0.2503484785556793
0.4216296076774597
0.10879144817590714
0.14931872487068176
0.20819909870624542
0.3380590081214905
0.13091827929019928
0.4378913938999176
0.32546740770339966
0.2599475383758545
0.3705900013446808
0.2843894362449646
0.16385123133659363
0.16531752049922943
0.4369867444038391
0.5020712614059448
0.32459792494773865
0.3145259916782379
0.46012407541275024
0.08632912486791611
0.2777697741985321
0.4222945272922516
0.6576406955718994
0.5992618799209595
0.3401400148868561
0.5184301137924194
0.7502503395080566
0.4201087951660156
0.41108426451683044
0.38818222284317017
0.40000590682029724
0.5615784525871277
0.7219480872154236
0.407106876373291
0.5504608154296875
0.22389523684978485
0.6879144906997681
0.6122159957885742
0.5661412477493286
0.30223292112350464
0.8891662359237671
0.5758571028709412
0.7211426496505737
0.16581977903842926
0.4496365189552307
0.493529736995697
0.15415333211421967
0.43928390741348267
0.3825156092643738
0.6300636529922485
0.23166179656982422
0.3797052800655365
0.3266724646091461
0.3925796449184418
0.6011270880699158
0.36538127064704895
0.21091051399707794
0.39616498351097107
0.7119733691215515
0.26393985748291016
0.13307586312294006
0.45835718512535095
0.3341332972049713
0.3998338282108307
0.20513863861560822
0.3910256028175354
0.39044278860092163
0.379527747631073
0.2513839602470398
0.41789665818214417
0.3906622529029846
0.10658707469701767
0.569367527961731
0.5033515691757202
0.6363559365272522
0.3487389385700226
0.4029058516025543
0.2889365553855896
0.4898095726966858
0.3085942268371582
0.3477233648300171
0.4345405101776123
0.38417333364486694
0.7312737107276917
0.36692214012145996
0.2933434844017029
0.19334201514720917
0.5209891200065613
0.2367192506790161
0.33393019437789917
0.19229771196842194
0.41734394431114197
0.5596063137054443
0.4387783110141754
0.5877543091773987
0.1413131058216095
0.3891218304634094
0.12391312420368195
0.23050811886787415
0.3773766756057739
0.41872715950012207
0.7088569402694702
0.3220112919807434
0.5142536163330078
0.14884990453720093
0.38457873463630676
0.41127896308898926
0.2766168713569641
0.2194649875164032
0.21836431324481964
0.4940459132194519
0.2828540802001953
0.3345619738101959
0.4025118947029114
0.5365546345710754
0.08442433923482895
0.28088611364364624
0.48995280265808105
0.4850354790687561
0.47718286514282227
0.4973929524421692
0.43238312005996704
0.23869100213050842
0.1597680151462555
0.4718301296234131
0.33649420738220215
0.17433598637580872
0.4032006859779358
0.34469160437583923
0.4215945601463318
0.5963666439056396
0.4305836260318756
0.30338841676712036
0.21217820048332214
0.3700757920742035
0.7739895582199097
0.23513178527355194
0.41069889068603516
0.38698163628578186
0.25458598136901855
0.33633121848106384
0.5295745730400085
0.3278804123401642
0.4064400792121887
0.28665396571159363
0.42677345871925354
0.4520350992679596
0.18795867264270782
0.28334924578666687
0.20764783024787903
0.7436103224754333
0.3922901153564453
0.3125333786010742
0.6944082975387573
0.8315631151199341
0.21670977771282196
0.27820783853530884
0.5260993838310242
0.5218786001205444
0.3599010109901428
0.3490997850894928
0.13093820214271545
0.24699075520038605
0.4617127478122711
0.5776034593582153
0.403482586145401
0.49432915449142456
0.2515661418437958
0.4547122120857239
0.41657447814941406
0.4202604293823242
0.33443981409072876
0.3703906238079071
0.37396061420440674
0.30000993609428406
0.1506355255842209
0.6073054075241089
0.43070077896118164
0.24332663416862488
0.3764936625957489
0.3189546763896942
0.46082019805908203
0.5222035646438599
0.4129771590232849
0.3845532238483429
0.3762752115726471
0.607925534248352
0.3564308285713196
0.18734832108020782
0.3459514379501343
0.4560585618019104
0.2491660863161087
0.3561263978481293
0.1073288694024086
0.5941511392593384
0.4652429223060608
0.6129959225654602
0.3215537965297699
0.5806962251663208
0.45945316553115845
0.3696022629737854
0.35410481691360474
0.5593743324279785
0.19133196771144867
0.3593643605709076
0.45060521364212036
0.3149898946285248
0.3815050423145294
0.4458358883857727
0.49873074889183044
0.31249627470970154
0.2673507034778595
0.255220502614975
0.7992331981658936
0.6730097532272339
1.1358684301376343
0.48972243070602417
0.2529659867286682
0.7049710750579834
0.22604215145111084
0.4077826142311096
0.49561285972595215
0.17794141173362732
0.5289772748947144
0.3231605589389801
0.4049738049507141
0.33606797456741333
0.2221527397632599
0.30609017610549927
0.1862805336713791
0.38240206241607666
0.47147130966186523
0.1298433542251587
0.6056269407272339
0.07639653980731964
0.2724247872829437
0.12490905821323395
0.22732245922088623
0.6380112171173096
0.341043621301651
0.29945245385169983
0.42370694875717163
0.7081054449081421
0.2577899098396301
0.5327726006507874
0.34145888686180115
0.5451836585998535
0.5566995143890381
0.38131842017173767
0.3280649483203888
0.43597227334976196
0.4106622338294983
0.4935343861579895
0.2731339633464813
0.18122929334640503
0.24169151484966278
0.5721950531005859
0.25774240493774414
1.1458135843276978
0.4165034890174866
0.49587512016296387
0.387753427028656
0.7562886476516724
0.4220113754272461
0.14184896647930145
0.43482357263565063
0.17092879116535187
0.3196028769016266
0.19125691056251526
0.3553522229194641
0.25238409638404846
0.26806241273880005
0.28127652406692505
0.14776965975761414
0.38674062490463257
0.3954373002052307
0.11172044277191162
0.26666495203971863
0.10931966453790665
0.3740905821323395
0.5904778242111206
0.34950482845306396
0.5880991220474243
0.4182654023170471
0.4267114996910095
0.4194165766239166
0.27440139651298523
0.272285521030426
0.4856281876564026
0.2844022810459137
0.40085071325302124
0.42872291803359985
0.4320058822631836
0.5809026956558228
0.1558314561843872
0.14958451688289642
0.3749943971633911
0.6127653121948242
0.25922998785972595
0.1687530279159546
0.50709068775177
0.2332417219877243
0.5967326164245605
0.352656751871109
0.31406956911087036
0.5897549390792847
0.28411203622817993
0.341758131980896
0.7559353709220886
0.15323302149772644
0.5848423838615417
0.3073977530002594
0.2013353854417801
0.5922444462776184
0.26712101697921753
0.31502199172973633
0.741584062576294
0.1226324662566185
0.1516348123550415
0.13590657711029053
0.25781989097595215
0.8125014305114746
0.5754535794258118
0.20312567055225372
0.1805024892091751
0.277204304933548
0.3361630141735077
0.7560732960700989
0.34662383794784546
0.30891671776771545
0.16019107401371002
0.2063049077987671
0.6256062388420105
0.3185642659664154
0.3528469204902649
0.4222075939178467
0.12073099613189697
0.24314847588539124
0.57923424243927
0.440455824136734
0.49417033791542053
0.6404498815536499
0.4972294270992279
0.3766038715839386
0.08138594776391983
0.1651066541671753
0.8736516237258911
0.4561771750450134
0.330844521522522
0.6298292875289917
0.40462708473205566
0.14211860299110413
0.3288837969303131
0.5733541250228882
0.40769273042678833
0.36370307207107544
0.21592144668102264
0.6795321702957153
0.22720380127429962
0.3586214482784271
0.17660552263259888
0.6562806963920593
0.7636305093765259
0.8083351850509644
0.7139254808425903
0.20681023597717285
0.24671384692192078
0.25033316016197205
0.25530144572257996
0.3295600116252899
0.4198174476623535
0.21076104044914246
0.33893752098083496
0.41708558797836304
0.35233980417251587
0.182896226644516
0.6927499771118164
0.7025722861289978
0.22790253162384033
0.7253485321998596
0.3598392605781555
0.439502477645874
0.3351760804653168
0.3153483271598816
0.9082404971122742
0.24273550510406494
0.277226984500885
0.4173400402069092
0.33833298087120056
0.6017852425575256
0.5341469049453735
0.4763915538787842
0.2792460024356842
0.5669518709182739
0.3776662051677704
0.2685447931289673
0.2516094446182251
0.12082310020923615
0.5408233404159546
0.3722129464149475
0.35491636395454407
0.23256631195545197
0.5913094282150269
0.21697823703289032
0.2735765874385834
0.3003193438053131
0.697359561920166
0.703391969203949
0.1883494257926941
0.4009786546230316
0.3898560404777527
0.172653466463089
0.2146758735179901
0.4371432662010193
0.4497047960758209
0.16307346522808075
0.36607128381729126
0.2906618118286133
0.33062201738357544
0.23461194336414337
0.23462426662445068
0.2327965497970581
0.253585547208786
0.2724081873893738
0.26028236746788025
0.7693470120429993
0.677352786064148
0.2119525969028473
0.2543182075023651
0.3221380412578583
0.3259555995464325
0.5270567536354065
0.32396799325942993
0.419421523809433
0.20915913581848145
0.189538836479187
0.13318893313407898
0.8476177453994751
0.5158978700637817
0.676308274269104
0.4779174327850342
0.4236542582511902
0.4468309283256531
0.43136686086654663
0.3785462975502014
0.22712865471839905
0.6580783724784851
0.4001537263393402
0.5734012722969055
0.6567784547805786
0.6300308704376221
0.5860182046890259
0.29706811904907227
0.33853787183761597
0.29896241426467896
0.19761542975902557
0.29123789072036743
0.3989102840423584
0.33065563440322876
0.3794378638267517
0.28291770815849304
0.4010995328426361
0.2057150900363922
0.2517828345298767
0.5426005125045776
0.3366778790950775
0.5808935165405273
0.4767552316188812
0.3753032088279724
0.40551915764808655
0.343118816614151
0.4417256712913513
0.5346373915672302
0.5277763605117798
0.264120876789093
0.7241148948669434
0.41575026512145996
0.40397772192955017
0.5771217346191406
0.34644290804862976
0.5192931890487671
0.2846245765686035
0.19386939704418182
0.5226659774780273
0.32690098881721497
0.5273423790931702
0.5296843647956848
0.41319209337234497
0.21543404459953308
0.21845591068267822
0.168707937002182
0.6485542058944702
0.3920707702636719
0.5598666071891785
0.3548804521560669
0.19856782257556915
0.557142972946167
0.1760990470647812
0.26245370507240295
0.348156213760376
0.46863222122192383
0.29521363973617554
0.1350446194410324
0.27433496713638306
0.626602292060852
0.3041468858718872
0.5288750529289246
0.5953072905540466
0.2239973098039627
0.3612386882305145
0.5842335820198059
0.35432562232017517
1.0106699466705322
0.45238929986953735
0.32988741993904114
0.23666127026081085
0.3546866476535797
0.436501681804657
0.8723966479301453
0.4933290481567383
0.30158936977386475
0.3307962119579315
0.2810428738594055
0.6006163358688354
0.2984166741371155
0.3139205574989319
0.6177303194999695
0.31333503127098083
0.054085105657577515
0.39330625534057617
0.13195864856243134
0.6002911925315857
0.1721496433019638
0.5134083032608032
0.4338598847389221
0.3316804766654968
0.14753466844558716
0.9258264303207397
0.21568667888641357
0.28201356530189514
0.29877176880836487
0.5335018634796143
0.32812967896461487
0.578440248966217
0.2862805724143982
0.21853843331336975
0.5456365346908569
0.22481516003608704
0.5905788540840149
0.34956982731819153
0.2589947283267975
0.38766294717788696
0.2460012435913086
0.42859190702438354
0.35593241453170776
0.5051367282867432
0.5762170553207397
0.3126315474510193
0.3524262309074402
0.22059014439582825
0.34750062227249146
0.2997310757637024
0.10447293519973755
0.22107887268066406
0.3322165012359619
0.4330442547798157
0.484799861907959
0.44777101278305054
0.40728265047073364
0.14793451130390167
0.49065741896629333
0.9545048475265503
0.2905162572860718
0.1853843480348587
0.2345316857099533
0.33617764711380005
0.28699713945388794
0.36979496479034424
0.24349889159202576
0.3854423761367798
0.3458075225353241
0.2852708101272583
0.42017999291419983
0.43316611647605896
0.4926401972770691
0.41084781289100647
0.20673783123493195
0.052840135991573334
0.9377830624580383
0.3938520550727844
0.24355001747608185
0.3987340033054352
0.25475525856018066
0.2969009280204773
0.5338346362113953
0.5022143125534058
0.7136383056640625
0.29145073890686035
0.5500839948654175
0.7764192819595337
0.8042219281196594
0.19856157898902893
0.34443652629852295
0.07983223348855972
0.7821651101112366
0.25373244285583496
0.6904386281967163
0.9167178273200989
0.4071215093135834
0.618148148059845
0.8440655469894409
0.456643283367157
0.511460542678833
0.41035860776901245
0.2949356734752655
0.4006245732307434
0.1609363853931427
0.6661117076873779
0.3959789574146271
0.1864766925573349
0.15912246704101562
0.26940542459487915
0.4899807870388031
0.2385283261537552
0.4058418869972229
0.3045351803302765
0.7066651582717896
0.5253781080245972
0.13713765144348145
0.38321882486343384
0.5495333075523376
0.330647736787796
0.7173090577125549
0.2403373420238495
0.48955097794532776
0.6051541566848755
0.4848778247833252
0.3475279211997986
0.6123302578926086
0.6052693724632263
0.4754597246646881
0.3781997859477997
0.5447167158126831
0.46872249245643616
0.18454715609550476
0.3802741467952728
0.9157476425170898
0.12501904368400574
0.43720507621765137
0.22912582755088806
0.3978636562824249
0.33591553568840027
0.856155276298523
0.728009819984436
0.4938198924064636
0.22383332252502441
0.24590666592121124
0.38109058141708374
0.3579947054386139
0.30078238248825073
0.5707968473434448
0.3896694779396057
0.21208477020263672
0.40598201751708984
0.47162747383117676
0.3443061411380768
0.53319251537323
0.24605748057365417
0.26935887336730957
0.5847851634025574
1.072468638420105
0.13158728182315826
0.4958418011665344
0.45672518014907837
0.30119067430496216
0.4120871126651764
0.35448509454727173
0.33483558893203735
0.31738045811653137
0.5781303644180298
0.4167376160621643
0.10803453624248505
1.0997331142425537
0.480093389749527
0.5864606499671936
0.13628417253494263
0.1790817677974701
0.38418668508529663
0.4345436692237854
0.7760671377182007
0.4298848509788513
0.46357017755508423
0.36589154601097107
0.8297282457351685
0.29862335324287415
0.8190805315971375
0.18016767501831055
0.42745962738990784
0.4105772078037262
0.3205571472644806
0.3481850326061249
0.39121073484420776
0.053316980600357056
0.16294346749782562
0.6614255905151367
0.16286055743694305
0.27901774644851685
0.36156296730041504
0.4586277902126312
0.37447410821914673
0.20530357956886292
0.14129716157913208
0.6170132756233215
0.46213680505752563
0.37790292501449585
0.40315237641334534
0.19591966271400452
0.46312910318374634
0.18130894005298615
0.3333025872707367
0.8520742654800415
0.3558916449546814
0.39777690172195435
0.7105643153190613
0.69741290807724
0.36222806572914124
0.587908148765564
0.2890610992908478
0.5402692556381226
0.25265711545944214
0.24961192905902863
0.3194374442100525
0.587283194065094
0.8390329480171204
0.33381369709968567
0.2481035739183426
0.6325963735580444
0.2549120783805847
0.3100181221961975
0.28537508845329285
0.20909862220287323
0.6563936471939087
0.6152496933937073
0.3638228476047516
0.5840567350387573
0.1796770989894867
0.44510364532470703
0.2968912124633789
0.6679829359054565
0.30949506163597107
0.16380265355110168
0.2592039108276367
0.1636795997619629
0.08430223166942596
0.26988983154296875
0.5989533066749573
0.10212264955043793
0.18286539614200592
0.36965376138687134
0.43951281905174255
0.6882495880126953
0.3627883791923523
0.7274664044380188
0.3455844223499298
0.27466070652008057
0.49131831526756287
0.34548142552375793
0.38693997263908386
0.5191986560821533
0.5420153141021729
0.11860789358615875
0.5747671723365784
0.30237919092178345
0.4469767212867737
0.26994115114212036
0.6339482665061951
0.3701772689819336
0.5270516276359558
0.608302116394043
0.45841002464294434
0.3450630307197571
0.3422836661338806
0.5261695384979248
0.20965203642845154
0.3623829483985901
0.5294581651687622
0.4123833179473877
0.3649928569793701
0.21902315318584442
0.24095351994037628
0.45797786116600037
0.6779301166534424
0.2696850895881653
0.17108629643917084
0.6845961809158325
0.14205226302146912
0.4136902391910553
0.8753299713134766
0.30957335233688354
0.3296479284763336
0.35836493968963623
0.24305781722068787
0.35676631331443787
0.31363531947135925
0.5357643365859985
0.41766485571861267
0.32153958082199097
0.35460221767425537
0.46708646416664124
0.32749229669570923
0.5183060169219971
0.5999041199684143
0.4481123983860016
0.16419264674186707
0.23665574193000793
0.6259309649467468
0.13283845782279968
0.27347514033317566
0.5095859169960022
0.24612101912498474
0.33746904134750366
0.6458787322044373
0.3504389226436615
0.42807483673095703
0.20244581997394562
0.4375338554382324
0.25492629408836365
0.2917965352535248
0.4138054847717285
0.2670888304710388
0.4276118278503418
0.15187689661979675
0.5046669840812683
0.34602978825569153
0.584585964679718
0.15816625952720642
0.505337119102478
0.6779163479804993
0.29839831590652466
0.6202298402786255
0.3338313698768616
0.4672645032405853
0.7685609459877014
0.3813064694404602
0.2946651577949524
0.4073423445224762
0.1469118595123291
0.2080673724412918
0.3295001983642578
0.37129727005958557
0.44445738196372986
0.37642279267311096
0.1809910237789154
0.2839515209197998
0.203435018658638
0.35054224729537964
0.20590779185295105
0.5068950653076172
0.5436171293258667
0.4887526035308838
0.3847898840904236
0.279124915599823
0.7053073048591614
0.39506155252456665
0.26533252000808716
0.42393940687179565
0.0481409952044487
0.5011253952980042
0.19515027105808258
0.2959303557872772
0.7645145654678345
0.27386674284935
0.24906793236732483
0.4045976996421814
0.48401498794555664
0.600913405418396
0.6047016382217407
0.4382539689540863
0.672702431678772
0.700214147567749
0.21107330918312073
0.40220576524734497
0.34070247411727905
0.6836671829223633
0.6801484823226929
0.2668554484844208
0.2345520257949829
0.3109842538833618
0.7871526479721069
0.46903616189956665
0.22655276954174042
0.059083692729473114
0.4099428653717041
0.21048226952552795
0.30609041452407837
0.8866398930549622
0.5395221710205078
0.4337548613548279
1.2296041250228882
0.6198731064796448
0.11663367599248886
0.39189186692237854
0.15747866034507751
0.29520508646965027
0.391358882188797
0.6115294098854065
0.10358955711126328
0.18665146827697754
0.6138380765914917
0.3844462037086487
0.38229164481163025
0.1722937971353531
0.47722354531288147
0.47662290930747986
0.30220311880111694
0.2461576908826828
0.2509867548942566
0.89165198802948
0.3698837459087372
0.4393463730812073
0.36846721172332764
0.25389522314071655
0.7097634077072144
0.383342981338501
0.18835827708244324
0.2858772575855255
0.3001503348350525
0.17872661352157593
0.5971812009811401
0.45369768142700195
0.46131476759910583
0.5209256410598755
0.44173431396484375
0.28498756885528564
0.4561367928981781
0.38474106788635254
0.3062674403190613
0.5545123815536499
0.6249733567237854
0.26190489530563354
0.28724825382232666
0.39077848196029663
0.5007156133651733
0.16980409622192383
0.5231938362121582
0.20231929421424866
0.5669907331466675
0.3632832467556
0.32639363408088684
0.5578662157058716
0.4500545561313629
0.29037904739379883
0.3761560320854187
0.28715723752975464
0.5472978353500366
0.6922085285186768
0.09533701837062836
0.5375168919563293
0.16688355803489685
0.3733605146408081
0.25864240527153015
0.14928855001926422
0.4045739769935608
0.24029088020324707
0.36303991079330444
0.3045079708099365
0.21552014350891113
0.14315873384475708
0.4789655804634094
0.16264232993125916
0.42583927512168884
0.46056896448135376
0.964268684387207
0.46404772996902466
0.4174956679344177
0.1833651065826416
0.46617570519447327
0.5018762946128845
0.4522067606449127
0.5727986097335815
0.20189502835273743
0.35483843088150024
0.22876384854316711
0.41100749373435974
0.5173952579498291
0.5907416343688965
0.5304808020591736
0.3338411748409271
0.3355211317539215
0.2191828191280365
0.41707563400268555
0.5710655450820923
0.47543302178382874
0.22945630550384521
0.20803037285804749
0.40653759241104126
0.32242676615715027
0.5918666124343872
0.5818125009536743
0.7824686765670776
0.2242138832807541
0.6140010952949524
0.4020053446292877
0.33097249269485474
0.1909136325120926
0.08797617256641388
0.49628782272338867
0.29365652799606323
0.3437281548976898
0.3882254958152771
0.5113152861595154
0.4432292878627777
0.7540995478630066
0.0651005208492279
0.3242722153663635
0.3629739284515381
0.15459290146827698
0.31013891100883484
0.5594965219497681
0.41472721099853516
0.3841046392917633
0.15839295089244843
0.09386645257472992
0.2029370367527008
0.309943825006485
0.23083770275115967
0.4434854984283447
0.25203007459640503
0.24608859419822693
0.2469673454761505
0.33902707695961
0.46607452630996704
0.27772146463394165
0.226240873336792
0.2536693513393402
0.2893190383911133
0.2866828441619873
0.4322674870491028
0.45771703124046326
0.2399941384792328
0.5029556751251221
0.6739411354064941
0.4344961643218994
0.2642330527305603
0.195695698261261
0.9402948617935181
0.3325531780719757
0.6981242895126343
0.46181589365005493
0.349365234375
0.39497309923171997
0.35127368569374084
0.3506292402744293
0.43938010931015015
0.26649874448776245
0.266644150018692
0.17348812520503998
0.24552705883979797
0.5464773178100586
0.6635101437568665
0.4265245795249939
0.3677665591239929
0.31651443243026733
0.26618197560310364
0.6038715839385986
0.19940336048603058
0.2669484615325928
0.2193814516067505
0.3731071949005127
0.2931005656719208
0.30035918951034546
0.39951542019844055
0.8487215042114258
0.32693567872047424
0.2983885705471039
0.39933139085769653
0.4691399037837982
0.2181393802165985
0.1576533019542694
0.6548285484313965
0.3079495131969452
1.1901788711547852
0.466718852519989
0.48626843094825745
0.36619266867637634
0.5670457482337952
0.14721520245075226
0.23056292533874512
0.3650432527065277
0.448117733001709
0.1817641407251358
0.6004699468612671
0.602496325969696
0.17103736102581024
0.2740482687950134
0.34777674078941345
0.24714934825897217
0.24845151603221893
0.34045323729515076
0.26611238718032837
0.19302675127983093
0.5164037942886353
0.1580984890460968
0.1600874960422516
0.4489685893058777
0.5216975808143616
0.39835792779922485
0.36301112174987793
0.25503620505332947
0.33227449655532837
0.2712889015674591
0.3992155194282532
0.12838728725910187
0.3068723678588867
0.78794264793396
0.772896945476532
0.4993630349636078
0.32550570368766785
0.3223888576030731
0.2762710452079773
0.2437017858028412
0.29260456562042236
0.2177462875843048
0.136890709400177
0.20246677100658417
0.851169228553772
0.24260294437408447
0.31015628576278687
0.37029632925987244
0.5913146734237671
0.5519553422927856
0.21495874226093292
0.5574834942817688
0.29908066987991333
0.3453640937805176
0.03343021497130394
0.5029587149620056
0.6115891933441162
0.22718289494514465
0.23567482829093933
0.3676927983760834
0.4793945252895355
0.24108918011188507
0.46013593673706055
0.16196246445178986
0.34883299469947815
0.158638134598732
0.5294597148895264
0.628140926361084
0.38961488008499146
0.7182713747024536
0.32033687829971313
0.5793046355247498
0.7162883877754211
0.461211621761322
0.2744864225387573
0.17790324985980988
0.4106852412223816
0.1634451448917389
0.6395075917243958
0.36141642928123474
0.1608494371175766
0.2181854248046875
0.6931288838386536
0.16949793696403503
0.27783989906311035
0.4606951177120209
0.4184579849243164
0.21791739761829376
0.5332136750221252
0.6475728750228882
0.3685172200202942
0.19951550662517548
0.30161362886428833
0.15458370745182037
0.1148081049323082
0.31059712171554565
0.5204632878303528
0.559958815574646
0.265657901763916
0.4253605902194977
0.4762148857116699
0.1884002536535263
0.7778604030609131
0.6567635536193848
0.3039045035839081
0.22705796360969543
0.4804007411003113
0.39899036288261414
0.43454331159591675
0.46976494789123535
0.22383084893226624
0.16013619303703308
0.3315824866294861
0.9087885022163391
0.5702150464057922
0.35749131441116333
0.3334287106990814
0.4187348783016205
0.17632530629634857
0.149613618850708
0.7936452031135559
0.23474112153053284
0.2744177281856537
0.5584180355072021
0.2070799171924591
0.23823395371437073
0.19514736533164978
0.6009393930435181
0.5290358066558838
0.38957029581069946
0.3826846480369568
0.2682301998138428
0.5348548293113708
0.38613224029541016
0.34428340196609497
0.32284075021743774
0.3040834069252014
0.3727523982524872
0.2009405791759491
1.043381929397583
0.49114346504211426
0.3577125072479248
0.13993413746356964
1.0308490991592407
0.07992897927761078
0.3026881814002991
0.5710002183914185
0.21403178572654724
0.5201206207275391
0.36724236607551575
0.190687894821167
0.5732866525650024
0.4828818738460541
0.3035683035850525
0.2087521106004715
0.3632449209690094
0.5909298062324524
0.31992316246032715
0.4170491099357605
0.33992689847946167
0.757188081741333
0.4883394241333008
0.4867042005062103
0.5075379014015198
0.9334085583686829
0.47436174750328064
0.37567809224128723
0.4217308461666107
0.7747162580490112
0.6566555500030518
0.4987744688987732
0.3280036151409149
0.31324097514152527
0.21153199672698975
0.44864821434020996
0.5877367258071899
0.1655367612838745
0.36621811985969543
0.801235556602478
0.2715003192424774
0.5456945896148682
0.34625935554504395
0.30536481738090515
0.17491252720355988
0.37353745102882385
0.5293982028961182
0.29984378814697266
0.16916264593601227
0.3191210627555847
0.2961179316043854
0.3510972559452057
0.5731472373008728
0.4359261393547058
0.6170608997344971
0.4835802912712097
1.0309606790542603
0.3890000283718109
0.23213204741477966
0.5063820481300354
0.5262969732284546
0.2952994406223297
0.41279396414756775
0.2289915829896927
0.5883476734161377
0.17044489085674286
0.28234949707984924
0.4515537619590759
0.1124236136674881
0.07069693505764008
0.4421500563621521
0.2607184946537018
0.2718277871608734
0.1646328866481781
0.31241726875305176
0.5055738091468811
0.14867983758449554
0.24500000476837158
0.1483970582485199
0.29090267419815063
0.6588531732559204
0.5125319361686707
0.21573248505592346
0.4445520043373108
0.5798441171646118
0.18047532439231873
0.13788019120693207
0.6810134649276733
0.6041925549507141
0.7643152475357056
0.1568777859210968
0.5151947736740112
0.3933832049369812
0.2033221423625946
0.5024235248565674
0.6178210377693176
0.3406861126422882
0.4034021496772766
0.24041776359081268
0.7302838563919067
0.32900509238243103
0.1770487129688263
0.4117838442325592
0.08397656679153442
0.20787715911865234
0.2555641531944275
0.9247366189956665
0.2949395477771759
0.2595476806163788
0.14183326065540314
0.9113627672195435
0.3088052272796631
0.660658597946167
0.5117583274841309
0.29404735565185547
0.47809281945228577
0.29049283266067505
0.265278160572052
0.26244214177131653
0.1472335308790207
0.36660462617874146
0.42157918214797974
0.27573296427726746
0.586872398853302
0.27072128653526306
0.41588741540908813
0.5152790546417236
0.3873125910758972
0.15641161799430847
0.28851956129074097
0.2464437186717987
0.2354111671447754
0.5545631647109985
0.4268801212310791
0.5369614362716675
0.47386327385902405
0.28958964347839355
0.41031375527381897
0.6327989101409912
0.26375001668930054
0.2049899399280548
0.2428331822156906
0.18579623103141785
0.3384893834590912
0.1979207694530487
0.2255374938249588
0.09921465814113617
0.26715222001075745
0.0597226545214653
0.3077046573162079
0.4823904037475586
0.46846479177474976
0.25115102529525757
0.45447540283203125
0.43790873885154724
0.6514779925346375
0.18054825067520142
0.2691516578197479
0.48419255018234253
0.20475122332572937
0.3800450563430786
0.33026036620140076
0.7877609133720398
0.4816507399082184
0.1408352106809616
0.4934743046760559
0.3207554221153259
0.14444521069526672
0.3029620349407196
0.3832855820655823
0.6571341753005981
0.4011344909667969
0.6054514050483704
0.18052928149700165
0.2634780704975128
0.4209093153476715
0.04690205678343773
0.19115063548088074
0.32848095893859863
0.21350881457328796
0.3733488619327545
0.09918220341205597
0.1703110933303833
0.4781590402126312
0.3403806686401367
0.1013631597161293
0.5386861562728882
0.34594088792800903
0.6323568820953369
0.7713291049003601
0.4686397612094879
0.19404582679271698
0.24892346560955048
0.41178616881370544
0.2905762791633606
0.28506359457969666
0.37121400237083435
0.33378323912620544
0.18500643968582153
0.3735654950141907
0.7010626196861267
0.2197677195072174
0.3463086187839508
0.16336995363235474
0.2984413802623749
0.24035465717315674
0.2832943797111511
0.30191323161125183
0.14560867846012115
0.3700352609157562
0.5200402736663818
0.46652811765670776
0.4706863760948181
0.6866282224655151
0.21841733157634735
0.3166668713092804
0.04173823446035385
0.19573161005973816
0.6524854898452759
0.3272223174571991
0.4097614288330078
0.4774174690246582
0.1590505987405777
0.4481593668460846
0.2384229600429535
0.9229451417922974
0.965872585773468
0.5108314752578735
0.40022316575050354
0.717549204826355
0.15767094492912292
0.45765647292137146
0.4895542562007904
0.5061517953872681
0.189453125
0.8052671551704407
0.3115326464176178
0.18045556545257568
1.6787052154541016
0.2533327639102936
0.4729211926460266
0.4714840352535248
0.622821569442749
0.3408428728580475
0.2209281176328659
0.34305524826049805
0.30959153175354004
0.18587644398212433
0.6398679614067078
0.6336594820022583
0.49871405959129333
0.3713361620903015
0.5808767080307007
0.6378923654556274
0.7861581444740295
0.29333436489105225
0.5249446034431458
0.18923142552375793
0.360202819108963
0.5386690497398376
0.46113142371177673
0.1527525931596756
0.1146412268280983
0.3761776089668274
0.34158650040626526
0.3320288062095642
0.1680920124053955
0.24983492493629456
0.4635712504386902
0.8894805908203125
0.4606260657310486
0.3801720142364502
0.39055806398391724
0.08636101335287094
0.2588600516319275
0.21757595241069794
0.28767600655555725
0.3500897288322449
0.17123132944107056
0.5069476366043091
0.35471946001052856
0.29327359795570374
0.2409905642271042
0.6747792959213257
0.1397262066602707
0.16171659529209137
0.5664228796958923
0.3117397725582123
0.3458036780357361
0.4756341576576233
0.38760215044021606
0.9280233383178711
0.49296003580093384
0.3202142119407654
0.6127914190292358
0.31560036540031433
0.5097318887710571
0.3026733994483948
0.7177363634109497
0.23264697194099426
0.26343223452568054
0.31549593806266785
0.9194040298461914
0.1954634040594101
0.4251556396484375
0.4658554196357727
0.391316294670105
0.2363501489162445
0.5293861627578735
0.2569214105606079
0.23899033665657043
0.3450482487678528
0.17594246566295624
0.6751644015312195
0.14436645805835724
0.3488519787788391
0.9002273678779602
0.156646266579628
0.6769317388534546
0.211339071393013
0.2913583517074585
0.24057738482952118
0.47541680932044983
0.48985132575035095
0.21436505019664764
0.45370250940322876
0.20136742293834686
0.26865485310554504
0.9047166705131531
0.19816552102565765
0.27032148838043213
0.6418614387512207
1.0422841310501099
0.46931472420692444
1.0709635019302368
0.4362567961215973
0.32202285528182983
0.48455891013145447
0.5638667345046997
0.40728530287742615
0.44910144805908203
0.2959662973880768
0.45721563696861267
0.24908661842346191
0.27193403244018555
0.4765176773071289
0.14454051852226257
0.1803797334432602
0.13124454021453857
0.5477860569953918
0.3538229465484619
0.4479227662086487
1.097143530845642
0.4412066340446472
0.8789595365524292
0.2054615467786789
0.22559697926044464
0.24867475032806396
0.6487418413162231
0.25162965059280396
0.7574388980865479
0.12387590110301971
0.5637545585632324
0.28054699301719666
0.7859376668930054
0.3992769122123718
1.338304042816162
0.37122565507888794
0.3197006583213806
0.3945119380950928
0.525639533996582
0.39352065324783325
0.3666278123855591
0.6325109601020813
0.4807530343532562
0.3314697742462158
0.5094109773635864
0.1365973949432373
1.017925500869751
0.3672010898590088
0.5043593645095825
0.3839498460292816
0.8734682202339172
0.17570695281028748
0.4730795919895172
0.5813533663749695
0.269651859998703
0.35634154081344604
0.42212486267089844
0.7598693370819092
0.29553911089897156
0.5782817602157593
0.25220125913619995
0.35892730951309204
0.31293991208076477
0.3019123375415802
0.3240587115287781
0.11769703775644302
0.794296383857727
0.33882904052734375
0.4728487432003021
0.5486072301864624
0.2677971422672272
0.433063268661499
0.6111427545547485
0.47770971059799194
0.18375830352306366
0.6142322421073914
0.16940516233444214
0.18006116151809692
0.3832426369190216
0.3289303183555603
0.5411556959152222
0.4052177369594574
0.22768230736255646
0.6659994721412659
0.22023411095142365
0.2797287702560425
0.6888219118118286
0.38884490728378296
0.08277180045843124
0.28671717643737793
0.42554059624671936
0.2777802646160126
0.2605806887149811
0.24544718861579895
0.18786056339740753
0.3220338821411133
0.366618812084198
0.5453094244003296
0.4238971769809723
0.33977311849594116
0.2840639054775238
0.34607449173927307
0.5618510246276855
0.2736721932888031
0.5720201730728149
0.3497127592563629
0.47490936517715454
0.2774515748023987
0.37363094091415405
0.28726786375045776
0.12589424848556519
0.3490312695503235
0.3233872056007385
0.595812201499939
0.67482990026474
0.41247934103012085
0.439218133687973
0.33911919593811035
0.3779037594795227
0.4095493257045746
0.3813580572605133
0.5100216269493103
0.11411086469888687
0.9418204426765442
0.43429213762283325
0.9493231773376465
0.26653406023979187
0.38315966725349426
0.24604985117912292
0.2815495431423187
0.46743255853652954
0.4723401963710785
0.16334736347198486
0.29038506746292114
0.33233195543289185
0.3101603090763092
0.16692489385604858
0.19397090375423431
0.24915213882923126
0.6805950999259949
0.24574585258960724
0.18549183011054993
0.6250075101852417
0.17110706865787506
0.2633984684944153
0.4492878317832947
0.4358079433441162
0.28937315940856934
0.7361453771591187
0.38438934087753296
0.34102076292037964
0.3743555247783661
0.4538116455078125
0.3556356430053711
0.3915477395057678
0.27858906984329224
0.22580532729625702
0.4289797842502594
0.6552813649177551
0.43026334047317505
0.6340733170509338
0.1520370990037918
0.2135368138551712
0.4570479393005371
0.10762035846710205
0.26809388399124146
0.48860710859298706
0.18068383634090424
0.7009233236312866
0.24629035592079163
0.27514728903770447
0.39824238419532776
0.20562243461608887
0.12751805782318115
0.6503289937973022
0.23820045590400696
0.2485557347536087
0.5572612881660461
0.5871433019638062
0.2328553944826126
0.35380202531814575
0.28885141015052795
0.762642502784729
0.20611830055713654
0.624112606048584
0.34160348773002625
0.3607809543609619
0.25755470991134644
0.1959335058927536
0.5656942129135132
0.4352571368217468
0.3149166703224182
0.3990814983844757
0.24232490360736847
0.4516414999961853
0.5298547744750977
0.45731121301651
0.2554742097854614
0.487947940826416
0.3860703110694885
0.1578453779220581
0.9698935747146606
0.13240927457809448
0.4304794371128082
0.4543069303035736
0.5778393745422363
0.1441268026828766
0.2194899022579193
0.5860694050788879
0.37137356400489807
0.17158982157707214
0.5090098977088928
0.16016218066215515
0.33312293887138367
0.5654546618461609
0.2359495460987091
0.2975865602493286
0.6558498740196228
0.5986534357070923
0.3590335547924042
0.6613935232162476
0.2846398949623108
0.6109699606895447
0.17107006907463074
0.9283299446105957
0.4722919464111328
0.34722521901130676
0.4738871455192566
0.14861756563186646
0.1873820275068283
0.3586815893650055
0.40101227164268494
0.2135823667049408
0.4318755269050598
0.30022531747817993
0.3774585723876953
0.5446181893348694
0.8894214630126953
0.23970463871955872
0.22309406101703644
0.217489093542099
0.27922365069389343
0.45673641562461853
0.5875498652458191
0.19464442133903503
0.5150178670883179
0.4164411425590515
0.4121483862400055
0.12008609622716904
0.6343995332717896
0.2599530816078186
0.1442267745733261
0.2934042811393738
0.30613771080970764
0.19151628017425537
0.5110989809036255
0.3609934449195862
0.7089695334434509
0.2887527644634247
0.8923757672309875
0.3535838723182678
0.22597245872020721
0.10740916430950165
0.5236309766769409
0.20731231570243835
0.37587326765060425
0.19992409646511078
0.45629748702049255
0.41228827834129333
0.40912801027297974
0.15869644284248352
0.4055684506893158
0.5466468334197998
0.20607392489910126
0.20805969834327698
0.6275023221969604
0.23542273044586182
0.5541738271713257
0.4367472231388092
0.3901001811027527
0.2114972621202469
0.5766761898994446
0.30702993273735046
0.7263263463973999
0.22205059230327606
0.3740777373313904
0.3956596851348877
0.3725643754005432
0.17384259402751923
0.3212238848209381
0.26995569467544556
0.6866008043289185
0.3788951337337494
0.5354355573654175
0.2670486867427826
0.4376823306083679
0.0891292616724968
0.1830976903438568
0.8193275332450867
0.4550688862800598
0.4067686200141907
0.4360488951206207
0.229418084025383
0.7816432118415833
0.2793184816837311
0.19780461490154266
0.18553760647773743
0.27811524271965027
0.40615835785865784
0.5703497529029846
0.14284268021583557
0.08697430789470673
0.8082547187805176
0.5350918173789978
0.480241060256958
0.604861855506897
0.2905126214027405
0.39960139989852905
0.7550778388977051
0.5642029643058777
0.2580723166465759
0.30460983514785767
0.24869099259376526
0.7877837419509888
0.5783597826957703
0.25786662101745605
0.32692068815231323
0.37756893038749695
0.14820848405361176
0.41205769777297974
0.34603166580200195
0.6260502934455872
0.33330729603767395
0.5902159214019775
0.17914323508739471
0.5033417344093323
0.27974408864974976
0.5678389668464661
0.3498690724372864
0.2547738552093506
0.15299682319164276
0.3137977719306946
0.4494854807853699
0.3771708607673645
0.7388013005256653
0.2558239698410034
0.14680714905261993
0.42642703652381897
0.36536329984664917
0.13795924186706543
0.32554763555526733
0.23618492484092712
0.8907782435417175
0.3073315918445587
0.8242582082748413
0.24288339912891388
0.41882196068763733
0.3960225582122803
0.271278440952301
0.3827996253967285
0.11473599821329117
0.5477279424667358
0.4954032301902771
0.5666138529777527
0.2331819087266922
0.3306315541267395
0.27266550064086914
0.7576943635940552
0.43708252906799316
0.375361829996109
0.2444954365491867
0.31109708547592163
0.49839773774147034
0.3266034722328186
0.1288742572069168
0.1400495320558548
0.27866774797439575
0.6668616533279419
0.3505110740661621
0.2942906618118286
0.162631094455719
0.4585696756839752
0.7314772009849548
0.3919379413127899
0.4919036328792572
0.14541730284690857
0.4116535782814026
0.5829620361328125
0.7255662083625793
0.41389209032058716
0.1944163739681244
0.4838034212589264
0.37485185265541077
0.12311619520187378
0.29076653718948364
0.14681407809257507
0.5712890625
0.30658283829689026
0.1885254830121994
0.3173866271972656
0.34663230180740356
0.3317107856273651
0.3312576115131378
0.4474581778049469
0.2650585174560547
0.17898616194725037
0.35346847772598267
0.7406777143478394
0.43302106857299805
0.4174259603023529
0.48628339171409607
0.14811283349990845
0.2282053679227829
0.40837734937667847
0.19967447221279144
0.7478422522544861
0.24366052448749542
0.5269063711166382
0.16288968920707703
0.31058281660079956
0.2947268486022949
0.2683244049549103
0.23804894089698792
0.7691853642463684
0.44849348068237305
0.660551905632019
0.1947183758020401
0.3101487159729004
0.1846437156200409
0.5987330675125122
0.611603856086731
0.5727964639663696
0.41601628065109253
0.12486375868320465
0.4429655969142914
0.6912434101104736
0.23268547654151917
0.44736677408218384
0.4014313220977783
0.4041326940059662
0.4701690673828125
0.20009596645832062
0.25952816009521484
0.438955694437027
0.1650647670030594
0.5423334836959839
0.5618491768836975
0.18143518269062042
0.4186348021030426
0.3135194480419159
0.21873359382152557
0.3922519385814667
0.2421635091304779
0.2195110023021698
0.3040944039821625
0.5856198668479919
0.7343631982803345
0.5988742709159851
0.3014281392097473
1.18782639503479
0.25041094422340393
0.22103610634803772
0.22024178504943848
0.9165974855422974
0.9123643040657043
0.6527748107910156
0.3389885425567627
0.15268319845199585
0.6274126172065735
0.5640355944633484
0.1939932107925415
0.3255830407142639
0.597138524055481
0.38462018966674805
0.40505772829055786
0.3002467453479767
0.5127619504928589
0.3917681872844696
0.2643815875053406
0.5253279805183411
0.41552630066871643
0.6328993439674377
0.21777603030204773
0.4505600333213806
0.7281045913696289
0.5469828844070435
0.4000665545463562
0.1571585237979889
0.40319353342056274
0.24651534855365753
0.1718902736902237
0.5434573888778687
0.20898973941802979
0.5847669839859009
0.3998468518257141
0.32303959131240845
0.34758493304252625
0.5886259078979492
0.3028542399406433
0.3795858323574066
0.2657948136329651
0.9063501358032227
0.21414315700531006
0.46737536787986755
0.3819965124130249
0.5413129925727844
0.29345494508743286
0.676985502243042
0.5383971929550171
0.527026355266571
0.2687641978263855
0.5720474720001221
0.3552801012992859
0.21846163272857666
0.6083809733390808
0.3158353269100189
0.3797484338283539
0.26464736461639404
0.6074519753456116
0.09715640544891357
0.31208813190460205
0.2619097828865051
0.4001081585884094
0.5250644683837891
0.6286223530769348
0.23722514510154724
0.3028627038002014
0.38398653268814087
0.3701176345348358
0.3283376097679138
0.28209933638572693
0.519366443157196
0.38882067799568176
0.5516813397407532
0.45375433564186096
0.30832892656326294
0.6024320721626282
0.26458436250686646
0.40363138914108276
0.5054540634155273
0.19133806228637695
0.2274726927280426
0.28143608570098877
0.1834685057401657
0.22689314186573029
0.2556607127189636
0.5261034965515137
0.33481365442276
0.630763828754425
0.4343208372592926
0.5021851062774658
0.6169778108596802
0.21742570400238037
0.29380112886428833
0.21679362654685974
0.6205466985702515
0.2911045253276825
0.2602286636829376
0.20594415068626404
0.7997474074363708
0.3271750211715698
0.45001333951950073
0.2514006495475769
0.7066830992698669
0.6795387268066406
0.5594135522842407
0.12296047061681747
0.2136429250240326
0.12573900818824768
0.3334512412548065
0.36787086725234985
0.3908858001232147
0.3975587487220764
0.2554122507572174
0.39639878273010254
0.4090299606323242
0.6306101083755493
0.7926411628723145
0.329617440700531
0.5217950940132141
0.3667352497577667
0.9933984875679016
0.16314825415611267
0.2638346254825592
0.8752582669258118
0.1653294861316681
0.17676149308681488
0.6055055856704712
0.3236200213432312
0.18674923479557037
0.2672407031059265
0.4514048993587494
0.29047662019729614
0.9456111788749695
0.3999359905719757
0.49554404616355896
0.862446665763855
0.7250041365623474
0.20853927731513977
0.16539257764816284
0.495124489068985
0.5610283613204956
0.18946561217308044
0.28419119119644165
0.26963186264038086
0.3188292980194092
0.4692649245262146
0.24309322237968445
0.17710241675376892
0.3093003034591675
0.20942410826683044
0.15106768906116486
0.49452343583106995
0.3702884018421173
0.24993586540222168
0.2974899411201477
0.2041790783405304
0.3828638195991516
0.4515919089317322
0.3189312815666199
0.4830032289028168
0.10024889558553696
0.14997875690460205
0.4660464823246002
0.20972725749015808
0.4716796875
0.37644457817077637
0.1816086769104004
0.30497294664382935
0.23384730517864227
0.7485566735267639
0.32413148880004883
0.4215860366821289
0.43867605924606323
0.5780489444732666
0.07965446263551712
0.4647700786590576
0.17888236045837402
0.06972583383321762
0.3408980965614319
0.2517320513725281
0.23830115795135498
0.5197667479515076
0.23890003561973572
0.4940233826637268
0.21696166694164276
0.49756401777267456
0.26186758279800415
0.30323678255081177
0.5980453491210938
0.5622003674507141
0.34280431270599365
0.23373115062713623
0.27188485860824585
0.4798263609409332
0.7576955556869507
0.41079187393188477
0.6365293264389038
0.3580385148525238
0.21202480792999268
0.39067012071609497
0.14795853197574615
0.12531977891921997
0.35850661993026733
0.42496824264526367
0.4806152880191803
0.33070147037506104
0.25429680943489075
0.2694971263408661
0.47472888231277466
0.19655677676200867
0.5454386472702026
0.11309103667736053
0.21043626964092255
0.29582875967025757
0.523389458656311
0.19943633675575256
0.23417165875434875
0.16654743254184723
0.18149761855602264
0.5669596195220947
0.13474372029304504
0.2603148818016052
0.3665944039821625
0.7397119998931885
0.36776646971702576
0.252672016620636
0.30176135897636414
0.5248736143112183
0.4761834144592285
0.21979860961437225
0.33142155408859253
0.2603863775730133
0.23768338561058044
0.15821179747581482
0.5826209783554077
0.549213707447052
0.10119400173425674
0.3219456076622009
0.42262035608291626
0.26038500666618347
0.9417484998703003
0.3999807834625244
0.9239560961723328
0.5120139718055725
0.16352121531963348
0.22558891773223877
0.16009247303009033
0.27482789754867554
0.26535701751708984
0.3283196687698364
0.6474703550338745
0.40088844299316406
0.2771448493003845
0.2925775647163391
0.32290735840797424
0.9382511973381042
0.6964083909988403
0.5782366991043091
0.7083806395530701
0.6365209817886353
0.32696211338043213
0.27309826016426086
0.3674255311489105
0.3033708930015564
0.4230462610721588
0.4807210862636566
0.31969448924064636
0.251710444688797
0.3873995542526245
0.44290822744369507
0.48596206307411194
0.3548310399055481
0.5026158094406128
0.3853914737701416
0.5750737190246582
0.41786304116249084
0.34944069385528564
0.28310802578926086
0.25514015555381775
0.16105306148529053
0.33922603726387024
0.32297664880752563
0.18146315217018127
0.6605985760688782
0.34335556626319885
0.2772279977798462
0.2544497549533844
0.46377474069595337
0.12628193199634552
0.4143391251564026
1.0283797979354858
0.48310738801956177
0.7567335367202759
0.31232118606567383
0.13615652918815613
0.5313965678215027
0.4433884024620056
0.2317732572555542
0.20817188918590546
0.6457384824752808
0.4922816753387451
0.28537723422050476
0.4114379286766052
0.08637387305498123
0.38023799657821655
0.40063443779945374
0.23213143646717072
0.5664490461349487
0.3603120446205139
0.2908320128917694
0.22472639381885529
0.1615152359008789
0.6531174778938293
0.48300838470458984
0.4805423319339752
0.3911735415458679
0.30122750997543335
0.3380383849143982
0.7696057558059692
0.24150335788726807
0.6475353837013245
0.38255709409713745
0.2729646861553192
0.31850993633270264
0.3419630825519562
0.31531113386154175
0.09452296048402786
0.5274015665054321
0.5348845720291138
0.20544591546058655
0.4129539430141449
0.48749250173568726
0.4000776708126068
0.19273902475833893
0.35354506969451904
0.23069648444652557
0.4962027072906494
0.723662257194519
0.40083417296409607
0.3543212413787842
0.3974795937538147
0.13360615074634552
0.9582115411758423
0.49293413758277893
0.31693679094314575
0.3649537265300751
0.5083202719688416
0.19334855675697327
0.2895117998123169
0.3796136677265167
0.5851407647132874
0.39042824506759644
0.5866096019744873
0.09301290661096573
0.4389362931251526
0.8419440388679504
0.2581450343132019
0.21471337974071503
0.3321932554244995
0.3824007511138916
0.24981646239757538
0.2620474398136139
0.2901248037815094
0.3718820810317993
0.7273155450820923
0.22981607913970947
0.07449312508106232
0.17563053965568542
0.8209352493286133
0.35426458716392517
0.26250526309013367
0.26054301857948303
0.6699377298355103
0.906293511390686
0.828125
0.2721763253211975
0.2824717164039612
0.2909000813961029
0.33989423513412476
0.3652782142162323
0.2472846806049347
0.5847004652023315
0.8483642339706421
0.40115317702293396
0.43297281861305237
0.39175447821617126
0.8680577278137207
0.7126549482345581
0.3705630302429199
0.6572118997573853
0.2618754506111145
0.4286465644836426
0.5584576725959778
0.27042073011398315
0.8496237993240356
0.2452857494354248
0.38939225673675537
0.2790779173374176
0.23100733757019043
0.30630654096603394
0.45210695266723633
0.22093191742897034
0.3170110285282135
0.254204124212265
0.3078194558620453
0.8101261854171753
0.3083568811416626
0.5581005811691284
0.301557719707489
0.1635277420282364
0.2633574306964874
0.27391761541366577
0.5696102380752563
0.42802295088768005
0.39066359400749207
0.5074845552444458
0.3538307249546051
0.4855469763278961
0.3579522967338562
0.751240074634552
0.33733320236206055
0.6096960306167603
0.7070638537406921
0.31105107069015503
0.15208019316196442
0.3160563111305237
0.6251594424247742
0.4333154261112213
0.30315399169921875
0.5254427194595337
0.3403114974498749
0.32102712988853455
0.49391379952430725
0.23744356632232666
0.5428028106689453
0.5406519770622253
0.3577198386192322
0.3042241930961609
0.30383145809173584
0.22084259986877441
0.6176537871360779
0.6832213401794434
0.27187594771385193
0.4847749173641205
0.4130808711051941
0.566745936870575
0.1819671243429184
0.19637127220630646
0.39986252784729004
0.30444830656051636
1.290053129196167
0.49836331605911255
0.4446686804294586
0.4035354256629944
0.3177393972873688
0.7364840507507324
0.41119226813316345
0.4252449870109558
0.4953625202178955
0.19853918254375458
0.2867145240306854
0.6887480020523071
0.6601934432983398
0.28725796937942505
0.24902474880218506
0.3584504723548889
0.7220574617385864
0.6071953773498535
0.47859901189804077
0.32526010274887085
0.3748292326927185
0.4418051838874817
0.4355483055114746
0.3634009063243866
0.4701877534389496
0.3523075580596924
0.21467439830303192
0.6528245210647583
0.3879445791244507
0.5813578963279724
0.08042377233505249
0.6530036926269531
0.6954472661018372
0.5632504224777222
0.9268844723701477
0.4726952016353607
0.29711732268333435
0.46500372886657715
0.4689628481864929
0.27692025899887085
0.1394949108362198
0.5246909260749817
0.3162468373775482
0.18909987807273865
0.49741238355636597
0.2328830063343048
0.39101070165634155
0.3704741299152374
0.5424442291259766
0.775200366973877
0.3453189730644226
0.4069003462791443
0.3314111828804016
0.35355499386787415
0.1457158327102661
0.6446511149406433
0.43469947576522827
0.744446337223053
0.34569448232650757
0.19676810503005981
0.29592645168304443
0.20168785750865936
0.1076439619064331
0.2845558822154999
0.23461301624774933
0.24205681681632996
0.2928459048271179
0.1667463779449463
0.46918320655822754
0.28254586458206177
0.4981113076210022
0.3969604969024658
0.2897406816482544
0.7018508911132812
0.4209436774253845
0.3177577555179596
0.5021330118179321
0.15963295102119446
0.44604864716529846
0.35526809096336365
0.5531725883483887
0.4390973448753357
0.16757357120513916
0.3418869972229004
0.5300360918045044
0.3007337749004364
0.46200719475746155
0.09074575453996658
0.4025307297706604
0.6959928274154663
0.24578078091144562
0.5461219549179077
0.6280325651168823
0.21082250773906708
0.5251729488372803
0.3900008797645569
0.2337140291929245
0.20899252593517303
0.43095269799232483
0.34447240829467773
0.3082684576511383
0.306931734085083
0.6366178393363953
0.4233640730381012
0.3178226053714752
0.268580824136734
0.30572405457496643
0.2553563117980957
0.3880203068256378
0.5994722843170166
0.18332907557487488
0.43769532442092896
0.08109509199857712
0.504845380783081
0.7676603198051453
0.29768627882003784
0.26249322295188904
0.27737122774124146
0.297728031873703
0.18491819500923157
0.37238433957099915
0.29388314485549927
0.46239858865737915
0.35035237669944763
0.32498699426651
0.32195040583610535
0.4571250081062317
0.11789333820343018
0.4601055681705475
0.5449711084365845
0.3670743405818939
0.3848026692867279
0.5366332530975342
0.250776082277298
0.6495183110237122
0.32980218529701233
0.5215646028518677
0.3029944896697998
0.4813458025455475
0.11268528550863266
0.35949647426605225
0.5544363260269165
0.6062569618225098
0.36285918951034546
0.07883648574352264
0.2503030300140381
0.2807295024394989
0.18786999583244324
0.4596908688545227
0.7139245271682739
0.40337687730789185
0.12365838140249252
0.4138953685760498
0.24876277148723602
0.34504836797714233
0.7004849314689636
0.3192673325538635
0.29449495673179626
0.36879226565361023
0.2952069640159607
0.7374525666236877
0.49481987953186035
0.33112719655036926
0.4359888434410095
0.8738712072372437
0.675600528717041
0.2863321304321289
0.9317169189453125
0.12716972827911377
0.16411341726779938
0.44813379645347595
0.3526557385921478
0.37711313366889954
0.21558161079883575
0.4205670952796936
0.05472125485539436
0.4427921772003174
0.23999807238578796
0.18430127203464508
0.2439766675233841
0.3840062618255615
0.32502657175064087
0.5975827574729919
0.11091810464859009
0.3163723349571228
0.1980627477169037
0.43298768997192383
0.5166995525360107
0.34920254349708557
0.37248533964157104
0.07401284575462341
0.4067988395690918
0.36396676301956177
0.27761149406433105
0.7143434286117554
0.21191684901714325
0.41849952936172485
0.19070926308631897
0.24017632007598877
0.1072784811258316
0.46680864691734314
0.41504716873168945
0.3800346851348877
0.31106898188591003
0.12855449318885803
0.32421502470970154
0.3908991515636444
0.48166871070861816
0.5259883999824524
0.28424933552742004
0.21121397614479065
0.7352028489112854
0.4870336949825287
0.3530135154724121
0.25384992361068726
0.22384893894195557
1.0709762573242188
0.3838987946510315
0.36692073941230774
0.2764015197753906
0.2903286814689636
0.24425581097602844
0.4329434335231781
0.6830695867538452
0.6175580024719238
0.27805814146995544
0.2617790102958679
0.8002565503120422
0.45161691308021545
0.8249334096908569
0.3712928891181946
0.5088927149772644
0.17608270049095154
0.4261118471622467
0.3093487322330475
0.29069557785987854
0.4832459092140198
0.45907315611839294
0.15611672401428223
0.45049843192100525
0.36979690194129944
0.31173986196517944
0.3977641463279724
0.1809174120426178
0.7567745447158813
0.7060818672180176
0.20121221244335175
0.2934916615486145
0.2583388090133667
0.33476507663726807
0.30087408423423767
0.5246227979660034
0.25161057710647583
0.36233729124069214
0.14290782809257507
0.5173671841621399
0.16568629443645477
0.37209099531173706
0.30030369758605957
0.31099733710289
0.15330395102500916
0.340825617313385
0.24403731524944305
0.16272154450416565
0.3932988941669464
0.39850401878356934
0.6122653484344482
0.2453639954328537
0.14659807085990906
0.4567670226097107
0.2676331102848053
1.1703944206237793
0.4439367651939392
0.586830735206604
0.24103248119354248
0.30939197540283203
0.4408663213253021
0.1716618835926056
0.27926352620124817
0.41363662481307983
0.46477746963500977
0.406968891620636
0.27229833602905273
0.3872629702091217
0.48358431458473206
0.8180143237113953
0.15190209448337555
0.15898862481117249
0.5945854783058167
0.3851594924926758
0.7596391439437866
0.474393755197525
0.5001651048660278
0.09554494917392731
0.7326998710632324
0.23176643252372742
0.2144729346036911
0.2807891070842743
0.04763985425233841
0.25604018568992615
0.17319843173027039
0.366524875164032
0.4023475646972656
0.18038034439086914
0.2419339418411255
0.46930989623069763
0.3724297285079956
0.3237591087818146
0.2460593283176422
0.2178443968296051
0.33350518345832825
0.17178699374198914
0.24466188251972198
0.20865483582019806
0.12025465816259384
0.8304464221000671
0.48558416962623596
0.8107722401618958
0.3515317738056183
0.2193341702222824
0.4874686598777771
0.6902011036872864
0.6719805002212524
0.360405296087265
0.7477983236312866
0.17186319828033447
0.22410938143730164
0.35680487751960754
0.3586978018283844
0.09802926331758499
0.32819125056266785
0.39127615094184875
0.5501676797866821
0.3754954934120178
0.8413602709770203
0.3249362111091614
0.38999369740486145
0.4500581622123718
0.6420616507530212
0.4718339443206787
0.21639244258403778
0.5959511995315552
0.4113679826259613
0.10021792352199554
0.2313213050365448
0.34159421920776367
0.39917659759521484
0.46154680848121643
0.24179375171661377
0.27553877234458923
0.7892012000083923
0.26168328523635864
0.4046536087989807
0.5179163217544556
0.31345874071121216
0.44419050216674805
0.7056288123130798
0.26945871114730835
0.4225400984287262
0.19355010986328125
0.6069415807723999
0.5110511183738708
0.7961356043815613
0.3976331353187561
0.6435394287109375
0.20772726833820343
0.34476497769355774
0.714475691318512
0.2647276818752289
0.2983807325363159
0.7967002987861633
0.308631956577301
0.44247061014175415
0.2858705520629883
0.3990786671638489
0.6957037448883057
0.3444271981716156
0.35989612340927124
0.18844088912010193
0.5651702284812927
0.3314935266971588
0.6447669267654419
0.10164183378219604
0.4104536473751068
0.2821785807609558
0.12437889724969864
0.3501480221748352
0.3293958008289337
0.31059759855270386
0.5225374102592468
0.2272166758775711
0.29094716906547546
0.2973143458366394
0.2501477599143982
0.13952159881591797
0.375631719827652
0.6079168319702148
0.21338562667369843
0.5665658712387085
0.5381182432174683
0.5537077784538269
0.21690551936626434
0.15359999239444733
0.4768858551979065
0.12207119166851044
0.5103951096534729
0.08258391171693802
0.44898706674575806
0.19239656627178192
0.37408173084259033
0.43743982911109924
0.3862993121147156
0.35572242736816406
0.41480904817581177
0.2513684630393982
0.5514757037162781
0.5429350137710571
0.47218793630599976
0.4966493248939514
0.5045911073684692
0.5424329042434692
0.19093771278858185
0.4645780622959137
0.45410671830177307
0.07676824182271957
0.8612769246101379
0.3362041711807251
0.7942935228347778
0.21369102597236633
0.29750940203666687
0.48521536588668823
0.2531806528568268
0.3630663752555847
0.09398521482944489
0.4224751591682434
0.515494704246521
0.2849680185317993
0.5567798614501953
0.3529510796070099
0.4102480411529541
0.370701402425766
0.2518945038318634
0.5363150238990784
0.20296430587768555
0.42379045486450195
0.49175724387168884
0.6767491102218628
0.5158140659332275
0.1963433474302292
0.40336722135543823
0.3460238575935364
0.4339902400970459
0.4886389672756195
0.2845200002193451
0.7161964178085327
0.40621599555015564
0.39399752020835876
0.3764462172985077
0.34141433238983154
0.17482890188694
0.3863159418106079
0.393683522939682
0.40207281708717346
0.40348902344703674
0.17896457016468048
0.47816890478134155
0.4050082564353943
0.5138199925422668
0.5349277257919312
0.541266143321991
0.40555793046951294
0.302509605884552
0.284297913312912
0.46174493432044983
0.2976725697517395
0.5516957640647888
0.6479460000991821
0.2991490960121155
0.30947980284690857
0.23051674664020538
0.13265451788902283
0.3804265260696411
0.5663543343544006
0.6422184705734253
0.4850715696811676
0.5398905873298645
0.7305141091346741
0.6297813653945923
0.3114103674888611
0.3453497588634491
0.3932039141654968
0.27420729398727417
0.13532915711402893
0.31310367584228516
0.3013918995857239
0.24952766299247742
0.3186118006706238
0.24403777718544006
0.3945849537849426
0.5677528977394104
0.33355453610420227
0.8910872340202332
0.6746286153793335
0.9410846829414368
0.40347617864608765
0.29814714193344116
0.3204100728034973
0.20137646794319153
0.7038864493370056
0.22748389840126038
0.48375576734542847
0.7243856191635132
0.045324649661779404
0.259544312953949
0.35230761766433716
0.5072270631790161
0.2153257578611374
0.424202024936676
0.42709293961524963
0.2882542610168457
0.36601030826568604
0.21014633774757385
0.4921932816505432
0.21920740604400635
0.3390614986419678
0.3373247981071472
0.27859067916870117
0.44565945863723755
0.3398735523223877
0.3681103587150574
0.24055270850658417
0.24542291462421417
0.512786865234375
0.08847849071025848
0.22589993476867676
0.17440000176429749
0.2645379900932312
0.2510789930820465
0.4220687448978424
0.10569927841424942
0.14511418342590332
0.21325144171714783
0.32959893345832825
0.129369854927063
0.43931645154953003
0.33138328790664673
0.25459402799606323
0.36876437067985535
0.2780836820602417
0.1572902500629425
0.16036993265151978
0.4390909671783447
0.49195680022239685
0.31951791048049927
0.314532995223999
0.4560021460056305
0.088038869202137
0.2730717062950134
0.43102240562438965
0.6530604362487793
0.5982905626296997
0.3419758677482605
0.5179095268249512
0.7505333423614502
0.40692439675331116
0.40478309988975525
0.387864351272583
0.3980545401573181
0.5479585528373718
0.7354732155799866
0.4001379609107971
0.5542241334915161
0.21839220821857452
0.6899782419204712
0.6130892038345337
0.5620683431625366
0.29329991340637207
0.8852235078811646
0.5740096569061279
0.7284510731697083
0.1682625710964203
0.4532028138637543
0.49501538276672363
0.15419097244739532
0.4388110041618347
0.3870220184326172
0.6298841238021851
0.2267960011959076
0.37808871269226074
0.31976497173309326
0.3823593258857727
0.5971471667289734
0.3707852363586426
0.20781545341014862
0.3929838240146637
0.7069240808486938
0.25755196809768677
0.13257606327533722
0.4589337706565857
0.33472102880477905
0.3970896005630493
0.2086736261844635
0.39260727167129517
0.3877949118614197
0.3758353590965271
0.2431347370147705
0.42771798372268677
0.38937920331954956
0.1059098020195961
0.5661031007766724
0.5012089014053345
0.6394983530044556
0.3481225371360779
0.40171289443969727
0.28402310609817505
0.48626160621643066
0.3091945946216583
0.34527140855789185
0.43151339888572693
0.37841084599494934
0.7102543711662292
0.36610597372055054
0.286846786737442
0.1912613958120346
0.5187749862670898
0.23043103516101837
0.33437463641166687
0.1902482807636261
0.41617661714553833
0.5601620078086853
0.4344943165779114
0.5815443396568298
0.1330316960811615
0.3819284737110138
0.12418460845947266
0.22996649146080017
0.37369704246520996
0.4121708273887634
0.70704185962677
0.320289671421051
0.5055354833602905
0.14765773713588715
0.3832666575908661
0.4101383090019226
0.2743929624557495
0.2170642912387848
0.21399471163749695
0.4936886429786682
0.2779642641544342
0.3318828344345093
0.40078407526016235
0.5318642258644104
0.08139634132385254
0.2755926251411438
0.4966376721858978
0.48533564805984497
0.4680960178375244
0.49551281332969666
0.43003612756729126
0.2314126044511795
0.1541815847158432
0.4727163314819336
0.34288281202316284
0.16890592873096466
0.4090394377708435
0.3428128659725189
0.4198518395423889
0.5925196409225464
0.4307408928871155
0.30369406938552856
0.210377499461174
0.3661152422428131
0.7711134552955627
0.23879988491535187
0.40561455488204956
0.38058045506477356
0.25543212890625
0.3299061357975006
0.5345350503921509
0.3225739002227783
0.4035049080848694
0.28500330448150635
0.4268111288547516
0.44668465852737427
0.1828749179840088
0.27880072593688965
0.2076355516910553
0.7369624376296997
0.3938472867012024
0.3105388581752777
0.6866044402122498
0.829438328742981
0.212986558675766
0.2727486491203308
0.5217934846878052
0.5072267651557922
0.3595131039619446
0.3412650227546692
0.12978841364383698
0.24687275290489197
0.4630358815193176
0.5864266157150269
0.4048377573490143
0.4887886941432953
0.25180038809776306
0.4614480137825012
0.41232919692993164
0.42969298362731934
0.326065331697464
0.3684932291507721
0.37727418541908264
0.2998991012573242
0.1465761363506317
0.5986867547035217
0.4301387667655945
0.24131396412849426
0.37090569734573364
0.31641605496406555
0.46128517389297485
0.519243597984314
0.4150009751319885
0.3880916237831116
0.3755863904953003
0.6121854186058044
0.35685041546821594
0.18609113991260529
0.34138476848602295
0.45652517676353455
0.25544804334640503
0.3726585805416107
0.10847915709018707
0.5817567110061646
0.46245867013931274
0.6118355393409729
0.3211142420768738
0.5813480019569397
0.46276673674583435
0.36922359466552734
0.3584771752357483
0.5937930345535278
0.19489070773124695
0.3555695116519928
0.4376044273376465
0.3068225383758545
0.3767094314098358
0.44671154022216797
0.5089117288589478
0.3084222078323364
0.27215081453323364
0.2561708688735962
0.7890103459358215
0.6760259866714478
1.131562352180481
0.48311877250671387
0.2572062909603119
0.6910299062728882
0.22328045964241028
0.40980738401412964
0.4933776259422302
0.17620928585529327
0.5248106122016907
0.32018178701400757
0.40606608986854553
0.3323197066783905
0.21902036666870117
0.3050781190395355
0.18782348930835724
0.38192257285118103
0.47517576813697815
0.13173136115074158
0.5963322520256042
0.0737738087773323
0.272099107503891
0.12405004352331161
0.2277991771697998
0.6352075338363647
0.3365910053253174
0.296003133058548
0.4162346422672272
0.709125280380249
0.2589173913002014
0.5423911809921265
0.3461107313632965
0.5550521612167358
0.5564473867416382
0.38749960064888
0.32533401250839233
0.4366026520729065
0.4047181010246277
0.48696669936180115
0.271608829498291
0.1758497804403305
0.2369828224182129
0.5687609910964966
0.25196337699890137
1.1493523120880127
0.4064876437187195
0.48754748702049255
0.38908737897872925
0.764913022518158
0.41935643553733826
0.13930287957191467
0.42756423354148865
0.16984973847866058
0.3214922845363617
0.1920308917760849
0.32795238494873047
0.25255948305130005
0.2626611888408661
0.2774485647678375
0.15051566064357758
0.38491183519363403
0.39246752858161926
0.11115950345993042
0.26641106605529785
0.1075037494301796
0.37094664573669434
0.5749309062957764
0.3616112172603607
0.5846995115280151
0.41287174820899963
0.42875224351882935
0.4197140634059906
0.27647119760513306
0.27313730120658875
0.4886976182460785
0.2878926992416382
0.3954634666442871
0.42529296875
0.42402154207229614
0.580769419670105
0.1533941924571991
0.14889541268348694
0.37603628635406494
0.5825612545013428
0.26247158646583557
0.16780135035514832
0.5004383325576782
0.23228085041046143
0.5954194068908691
0.3442540168762207
0.3092147409915924
0.5803095102310181
0.28014320135116577
0.3388286232948303
0.7476980686187744
0.1526409387588501
0.5785550475120544
0.294441819190979
0.20607402920722961
0.5877736806869507
0.26623985171318054
0.31449171900749207
0.7327204346656799
0.1255321502685547
0.14974196255207062
0.13678213953971863
0.2601628303527832
0.8068714141845703
0.569386899471283
0.20463356375694275
0.17484316229820251
0.2723419964313507
0.33054691553115845
0.7507507801055908
0.34492412209510803
0.3047434389591217
0.16124355792999268
0.20861077308654785
0.6376275420188904
0.3118089437484741
0.3486623764038086
0.41583457589149475
0.11864244937896729
0.2402726113796234
0.5763543248176575
0.4423657953739166
0.501375675201416
0.6226028203964233
0.460968554019928
0.3659457862377167
0.08095626533031464
0.16312047839164734
0.864926815032959
0.44343510270118713
0.31891530752182007
0.6269712448120117
0.4121902585029602
0.14137491583824158
0.3375100791454315
0.5762984156608582
0.41860485076904297
0.36504775285720825
0.21302923560142517
0.6713484525680542
0.22951826453208923
0.35595494508743286
0.1802269071340561
0.6538616418838501
0.7845133543014526
0.8095563650131226
0.7093855142593384
0.21008387207984924
0.24063058197498322
0.24695265293121338
0.25300148129463196
0.31937354803085327
0.4196349084377289
0.215511292219162
0.3369885981082916
0.4206208288669586
0.35613465309143066
0.18303295969963074
0.6979972720146179
0.716238260269165
0.2276393473148346
0.7258957624435425
0.35716715455055237
0.441450297832489
0.3317599892616272
0.317466676235199
0.8535361289978027
0.24261519312858582
0.27157774567604065
0.40813571214675903
0.3293652832508087
0.601015031337738
0.5333547592163086
0.4844353199005127
0.2758488655090332
0.5628334283828735
0.37500670552253723
0.26748648285865784
0.2540407180786133
0.12212979793548584
0.5335808992385864
0.37355756759643555
0.3538283109664917
0.22973868250846863
0.5782254338264465
0.21753457188606262
0.27173343300819397
0.29680415987968445
0.6947982311248779
0.6994810104370117
0.18403097987174988
0.3980293571949005
0.3954343795776367
0.1707267016172409
0.21342456340789795
0.4314126968383789
0.4412418007850647
0.16043083369731903
0.3654783070087433
0.2952103614807129
0.3306184709072113
0.23885460197925568
0.2333863526582718
0.23207557201385498
0.252107709646225
0.27147459983825684
0.2587730884552002
0.7577964663505554
0.6699000597000122
0.21109142899513245
0.25460174679756165
0.31427204608917236
0.3224330544471741
0.5282677412033081
0.3168718218803406
0.4176579415798187
0.20828060805797577
0.18074554204940796
0.1336108148097992
0.8570001721382141
0.5158811211585999
0.6798113584518433
0.47429490089416504
0.421642005443573
0.44491705298423767
0.42702358961105347
0.3796631693840027
0.22099463641643524
0.658432126045227
0.39738577604293823
0.570123553276062
0.6578398942947388
0.6249399781227112
0.5681184530258179
0.29784148931503296
0.33031338453292847
0.29594916105270386
0.19091399013996124
0.287696897983551
0.405618816614151
0.3367566764354706
0.37666040658950806
0.28503817319869995
0.39978715777397156
0.20758017897605896
0.25358015298843384
0.5289861559867859
0.3377586901187897
0.5824189782142639
0.475534051656723
0.37734657526016235
0.4104987680912018
0.3561098277568817
0.4391692578792572
0.5330935716629028
0.5248974561691284
0.26314496994018555
0.7151022553443909
0.41517552733421326
0.3992979824542999
0.566935658454895
0.34929606318473816
0.5193598866462708
0.2846522629261017
0.19156038761138916
0.5245116353034973
0.32242000102996826
0.5228475332260132
0.530413806438446
0.41574907302856445
0.213596373796463
0.21314164996147156
0.1684819757938385
0.6512311697006226
0.3921767473220825
0.5640078783035278
0.35166189074516296
0.19610142707824707
0.5612242221832275
0.17694193124771118
0.2630060911178589
0.34605422616004944
0.4522708058357239
0.2935730814933777
0.13309809565544128
0.27339664101600647
0.618313193321228
0.30426520109176636
0.5293065905570984
0.5987194776535034
0.20937545597553253
0.36132699251174927
0.5811403393745422
0.3515532612800598
1.007506012916565
0.44902414083480835
0.32485634088516235
0.23631417751312256
0.37578797340393066
0.43374380469322205
0.8658748865127563
0.4976124167442322
0.3048342764377594
0.31384730339050293
0.2778906524181366
0.6017243266105652
0.2912099063396454
0.30601197481155396
0.6139817237854004
0.3121875822544098
0.053252048790454865
0.38577526807785034
0.13315537571907043
0.6007516980171204
0.16749483346939087
0.4898441731929779
0.434375524520874
0.32354193925857544
0.15846768021583557
0.9369656443595886
0.20851466059684753
0.27740010619163513
0.30696359276771545
0.517838716506958
0.3262106478214264
0.5780863165855408
0.28465378284454346
0.2200411856174469
0.5517986416816711
0.22411921620368958
0.5865528583526611
0.3476732671260834
0.25619807839393616
0.38454315066337585
0.25786998867988586
0.45005226135253906
0.3487153947353363
0.4982665479183197
0.5754286050796509
0.3004051744937897
0.3458184599876404
0.2136482298374176
0.3576461374759674
0.29686394333839417
0.10621248185634613
0.22253485023975372
0.3319048285484314
0.4332512319087982
0.48369550704956055
0.44661879539489746
0.39837387204170227
0.14212509989738464
0.5414345264434814
0.9453873634338379
0.2872649133205414
0.18312294781208038
0.23454758524894714
0.3342530131340027
0.27608707547187805
0.36336031556129456
0.24166342616081238
0.3835216760635376
0.34935352206230164
0.29002511501312256
0.41759365797042847
0.44012364745140076
0.4948117136955261
0.41445866227149963
0.2092883288860321
0.05294963717460632
0.9518083333969116
0.39123907685279846
0.24345652759075165
0.39815735816955566
0.248369500041008
0.295945942401886
0.521487295627594
0.5150525569915771
0.7103315591812134
0.28812527656555176
0.5294623374938965
0.7325170636177063
0.8076604604721069
0.19265486299991608
0.3513006567955017
0.07241818308830261
0.7862508893013
0.26493364572525024
0.699996292591095
0.907167911529541
0.4034423232078552
0.6023842692375183
0.8538728952407837
0.4544340670108795
0.4972062110900879
0.40278005599975586
0.29565727710723877
0.3898453116416931
0.15811483561992645
0.6693412065505981
0.3891575336456299
0.1891619712114334
0.15525440871715546
0.2786739766597748
0.49097251892089844
0.23637859523296356
0.40630897879600525
0.30675432085990906
0.7088671922683716
0.5215826630592346
0.13681712746620178
0.38077813386917114
0.5540450215339661
0.3529983162879944
0.7156598567962646
0.2425774335861206
0.4850035607814789
0.5957790017127991
0.48310765624046326
0.34157678484916687
0.6084832549095154
0.5898412466049194
0.48414772748947144
0.3788233697414398
0.5440782308578491
0.47431597113609314
0.18100517988204956
0.37091946601867676
0.9103741645812988
0.1289992481470108
0.4306599497795105
0.22117730975151062
0.38796406984329224
0.33125585317611694
0.8523392677307129
0.7331815958023071
0.502170205116272
0.2294197529554367
0.23594555258750916
0.386886328458786
0.35033509135246277
0.30003219842910767
0.5576614141464233
0.3945462107658386
0.22442075610160828
0.40504056215286255
0.46852144598960876
0.3417360782623291
0.5303049087524414
0.24734508991241455
0.2700327932834625
0.5872019529342651
1.0815603733062744
0.13294292986392975
0.4875321388244629
0.45552682876586914
0.2988895773887634
0.4142118990421295
0.3554806113243103
0.3290811777114868
0.31889691948890686
0.576706051826477
0.40221476554870605
0.10402166843414307
1.0852373838424683
0.47232192754745483
0.5892369151115417
0.13414767384529114
0.17630413174629211
0.3823791444301605
0.43329304456710815
0.7803328037261963
0.42427825927734375
0.45947036147117615
0.3657686114311218
0.8267673254013062
0.3051808178424835
0.8326683044433594
0.13523881137371063
0.42868462204933167
0.4105989933013916
0.33056747913360596
0.35469695925712585
0.3900258541107178
0.05007532984018326
0.1624167263507843
0.6514151692390442
0.15526390075683594
0.28189530968666077
0.3641971945762634
0.45999908447265625
0.3714982867240906
0.19852863252162933
0.12155026197433472
0.6136060953140259
0.4569173753261566
0.3881019949913025
0.38438037037849426
0.18981368839740753
0.4626847803592682
0.17814123630523682
0.314726322889328
0.8512121438980103
0.3554361164569855
0.39128854870796204
0.7131373286247253
0.6861451864242554
0.35380563139915466
0.5880805850028992
0.2934970259666443
0.5477851033210754
0.25173044204711914
0.24666734039783478
0.31444135308265686
0.5868704915046692
0.833244800567627
0.27601712942123413
0.24820232391357422
0.6347512006759644
0.25875791907310486
0.3127772808074951
0.2829594612121582
0.20824508368968964
0.6460170745849609
0.6011050939559937
0.3706180155277252
0.5893295407295227
0.17570967972278595
0.4044601023197174
0.30149415135383606
0.661037266254425
0.3109205365180969
0.1572437733411789
0.258439302444458
0.16500303149223328
0.0863446295261383
0.2743886411190033
0.581649661064148
0.10116790235042572
0.18677827715873718
0.36098796129226685
0.4253026843070984
0.6771389245986938
0.35443857312202454
0.7332015037536621
0.34781163930892944
0.27239736914634705
0.4957880973815918
0.3418278098106384
0.37446993589401245
0.514548659324646
0.5346176624298096
0.11921243369579315
0.5798698663711548
0.29517796635627747
0.433328241109848
0.2724550664424896
0.6351324319839478
0.3743171989917755
0.5242136716842651
0.6108704805374146
0.460294634103775
0.3400513827800751
0.340496689081192
0.5215588808059692
0.2186792641878128
0.35330504179000854
0.5236974954605103
0.4065992832183838
0.3674772381782532
0.22213080525398254
0.2403411865234375
0.46050000190734863
0.6737252473831177
0.26768237352371216
0.1697159707546234
0.6794120669364929
0.14224117994308472
0.4130719304084778
0.8823498487472534
0.3026760518550873
0.3332638144493103
0.34125226736068726
0.2419588267803192
0.344025194644928
0.3147633373737335
0.5242925882339478
0.4214199483394623
0.315015971660614
0.3584699034690857
0.46006378531455994
0.3263235092163086
0.5242195129394531
0.5996123552322388
0.4463253915309906
0.15852685272693634
0.2336985170841217
0.6237988471984863
0.13082221150398254
0.27178898453712463
0.49714016914367676
0.2411995381116867
0.3329971432685852
0.6318079829216003
0.3471778929233551
0.43642061948776245
0.1979374885559082
0.4313758909702301
0.2546606659889221
0.2903696596622467
0.41044744849205017
0.2612106502056122
0.42746010422706604
0.15069690346717834
0.5020064115524292
0.34904953837394714
0.5806049704551697
0.1568799912929535
0.49334120750427246
0.6724249124526978
0.2929286062717438
0.6254643201828003
0.33445507287979126
0.4575873017311096
0.7735646367073059
0.37888023257255554
0.294853150844574
0.40767067670822144
0.14560091495513916
0.19366557896137238
0.33081766963005066
0.3745594918727875
0.4434560239315033
0.3721397817134857
0.18013203144073486
0.2831519544124603
0.2035774290561676
0.352510929107666
0.20552551746368408
0.503484845161438
0.5382054448127747
0.47652968764305115
0.3709753155708313
0.2693495750427246
0.6998289823532104
0.4000484347343445
0.256210595369339
0.4272523522377014
0.04726229980587959
0.49717026948928833
0.1981901228427887
0.298373818397522
0.7542456388473511
0.27108752727508545
0.24759545922279358
0.39856940507888794
0.48479413986206055
0.599961519241333
0.6057529449462891
0.4416349530220032
0.6702553033828735
0.7061599493026733
0.20761342346668243
0.40511268377304077
0.33916085958480835
0.688839316368103
0.6655963659286499
0.26433423161506653
0.22665122151374817
0.30965229868888855
0.8059991002082825
0.46869054436683655
0.2308642864227295
0.05657656118273735
0.40232715010643005
0.20722170174121857
0.30703872442245483
0.8911290168762207
0.5455149412155151
0.43568286299705505
1.2269514799118042
0.608853816986084
0.11468575894832611
0.3909505009651184
0.15658719837665558
0.29100337624549866
0.3835121989250183
0.6141117811203003
0.10589295625686646
0.1859983652830124
0.6057186126708984
0.37783700227737427
0.3797152638435364
0.18159981071949005
0.4710560441017151
0.4857761859893799
0.30303794145584106
0.24371294677257538
0.24565179646015167
0.8886265754699707
0.3654134273529053
0.4347071647644043
0.36422011256217957
0.2483471930027008
0.7016746997833252
0.3804916739463806
0.19083259999752045
0.27917084097862244
0.2907281517982483
0.17654773592948914
0.5923019647598267
0.4518454670906067
0.4610089361667633
0.5237990617752075
0.4370579719543457
0.28831711411476135
0.4528537392616272
0.38340288400650024
0.3163904547691345
0.5432814359664917
0.6433296203613281
0.2554425895214081
0.2840738296508789
0.39084312319755554
0.4963959753513336
0.16690397262573242
0.5243220329284668
0.19802960753440857
0.578219473361969
0.35735204815864563
0.33396080136299133
0.546844482421875
0.4441913962364197
0.28136152029037476
0.37229350209236145
0.2972826659679413
0.5465144515037537
0.6451076865196228
0.09141407907009125
0.5348709225654602
0.17824259400367737
0.3682639002799988
0.2603633999824524
0.1503143608570099
0.4067353308200836
0.23450656235218048
0.35531342029571533
0.3079249858856201
0.2147434502840042
0.14398694038391113
0.46377795934677124
0.1626691073179245
0.41947412490844727
0.47417768836021423
0.9634717702865601
0.45942601561546326
0.40895920991897583
0.17712244391441345
0.46539998054504395
0.5090062618255615
0.42243948578834534
0.5728464722633362
0.2001611441373825
0.3484826385974884
0.22445471584796906
0.39963504672050476
0.5229800939559937
0.5930511355400085
0.5354360342025757
0.32787761092185974
0.3351111114025116
0.21878962218761444
0.413452684879303
0.572307288646698
0.4730701446533203
0.22877144813537598
0.2042316496372223
0.4086507260799408
0.3242310881614685
0.5898722410202026
0.5753041505813599
0.7780963182449341
0.22855405509471893
0.6140235066413879
0.4003683626651764
0.3290557265281677
0.18448057770729065
0.08784169703722
0.4942622780799866
0.3052220940589905
0.34030359983444214
0.3815353810787201
0.5040503740310669
0.4404841363430023
0.7336363196372986
0.06343093514442444
0.3199837803840637
0.35733845829963684
0.15483811497688293
0.30211588740348816
0.5451816320419312
0.40761661529541016
0.37721937894821167
0.1569633036851883
0.09388589859008789
0.1973646581172943
0.30804747343063354
0.22796496748924255
0.44103121757507324
0.24701812863349915
0.2441675215959549
0.24109795689582825
0.3402222692966461
0.4655922055244446
0.2764316201210022
0.21831114590168
0.24996046721935272
0.28722506761550903
0.2854214310646057
0.4339597225189209
0.4650871157646179
0.22790858149528503
0.4962378442287445
0.6676574349403381
0.4287126958370209
0.26370760798454285
0.19636105000972748
0.9364180564880371
0.3391038775444031
0.6741984486579895
0.4499491751194
0.3339478671550751
0.38063132762908936
0.35849007964134216
0.3464728891849518
0.43991604447364807
0.2777145802974701
0.26827624440193176
0.17524354159832
0.23672640323638916
0.5503040552139282
0.6859017610549927
0.4171554148197174
0.3583942949771881
0.3105338215827942
0.2497505396604538
0.5901931524276733
0.19346776604652405
0.26785749197006226
0.21982881426811218
0.370421439409256
0.28581297397613525
0.3025393784046173
0.40054982900619507
0.8481544256210327
0.32205063104629517
0.29199081659317017
0.35525956749916077
0.46828269958496094
0.21779851615428925
0.15235528349876404
0.6537925004959106
0.30545157194137573
1.1670143604278564
0.4631461203098297
0.48516780138015747
0.3686674237251282
0.567243218421936
0.14724378287792206
0.23131003975868225
0.36143022775650024
0.44871869683265686
0.1847994327545166
0.596131443977356
0.6114492416381836
0.1658330261707306
0.2690191864967346
0.34243515133857727
0.23860891163349152
0.2457054853439331
0.33490896224975586
0.2582370638847351
0.19598114490509033
0.5163568258285522
0.16091512143611908
0.1527908891439438
0.44852250814437866
0.5205191969871521
0.3925034999847412
0.36796116828918457
0.2544246315956116
0.3475356996059418
0.27514010667800903
0.4009312093257904
0.1276729702949524
0.3062642812728882
0.8086872100830078
0.7694560289382935
0.5087014436721802
0.3181782066822052
0.3195492625236511
0.2604374289512634
0.23009781539440155
0.29021555185317993
0.21659024059772491
0.13314108550548553
0.20251698791980743
0.8506872057914734
0.23867098987102509
0.307355672121048
0.36691421270370483
0.5822690725326538
0.5530099868774414
0.213639497756958
0.5593197345733643
0.2955167293548584
0.3526804447174072
0.03388963267207146
0.49982553720474243
0.6153374314308167
0.22437401115894318
0.23286239802837372
0.39225244522094727
0.4752042293548584
0.23952600359916687
0.45717406272888184
0.15426306426525116
0.3478001356124878
0.15350385010242462
0.527722954750061
0.6348876357078552
0.39586737751960754
0.7222788333892822
0.3270801603794098
0.5743942260742188
0.7082768678665161
0.4644119143486023
0.2676464915275574
0.17272652685642242
0.4197055399417877
0.16429725289344788
0.6230796575546265
0.3506489396095276
0.15806803107261658
0.21525399386882782
0.6726272106170654
0.17048846185207367
0.2771354019641876
0.4624563157558441
0.41164010763168335
0.22019965946674347
0.5350505709648132
0.6409068703651428
0.38714295625686646
0.2050149142742157
0.3057253360748291
0.15296272933483124
0.11148476600646973
0.3088383674621582
0.5189869403839111
0.5565074682235718
0.2645055055618286
0.42602986097335815
0.4748021960258484
0.1935715526342392
0.7743414640426636
0.6411185264587402
0.30691200494766235
0.22497577965259552
0.523716151714325
0.3978801965713501
0.42993760108947754
0.4908505082130432
0.22283704578876495
0.16364845633506775
0.32694748044013977
0.9261716604232788
0.5603832006454468
0.3566761612892151
0.3191060423851013
0.4056681990623474
0.1779734492301941
0.1511944830417633
0.7811749577522278
0.229420468211174
0.2724767327308655
0.5684599280357361
0.187785804271698
0.2277245819568634
0.19793662428855896
0.5861199498176575
0.5250254273414612
0.39113759994506836
0.3819042444229126
0.26683083176612854
0.5278627276420593
0.38185393810272217
0.3398595452308655
0.32029587030410767
0.3019774258136749
0.37434840202331543
0.1984272450208664
1.0265753269195557
0.49729204177856445
0.36227190494537354
0.14213421940803528
1.018906831741333
0.07997766882181168
0.3041457235813141
0.5774500370025635
0.21083417534828186
0.5213907957077026
0.34856340289115906
0.18558791279792786
0.582785964012146
0.4838966429233551
0.30644088983535767
0.21417252719402313
0.363834947347641
0.5957191586494446
0.31679844856262207
0.42446160316467285
0.346428781747818
0.7400516271591187
0.5001339912414551
0.48694711923599243
0.5090312361717224
0.8889299631118774
0.44947901368141174
0.3840537965297699
0.4188918173313141
0.7695923447608948
0.6476594805717468
0.4938564896583557
0.32739490270614624
0.3231034278869629
0.21257932484149933
0.4504747986793518
0.5921676754951477
0.16364583373069763
0.35564643144607544
0.7854143977165222
0.2609489858150482
0.5390347242355347
0.34909510612487793
0.305553138256073
0.1746436506509781
0.3676587641239166
0.5261365175247192
0.3112186789512634
0.17017216980457306
0.30987265706062317
0.296395480632782
0.3482736349105835
0.5818668007850647
0.43414467573165894
0.6203128695487976
0.4855099618434906
1.0346238613128662
0.38285133242607117
0.23128721117973328
0.5056947469711304
0.5296312570571899
0.29215747117996216
0.41437697410583496
0.2281864583492279
0.5906911492347717
0.16671070456504822
0.2772302031517029
0.45536893606185913
0.11280083656311035
0.07105050981044769
0.43763524293899536
0.2563762962818146
0.26536354422569275
0.1629168540239334
0.31105977296829224
0.5048756003379822
0.148225337266922
0.24640007317066193
0.1456439346075058
0.29263487458229065
0.6452439427375793
0.5093914270401001
0.2147178202867508
0.44264277815818787
0.5764240622520447
0.17639032006263733
0.1387207806110382
0.6902821660041809
0.6070572733879089
0.737324059009552
0.15445318818092346
0.5141786932945251
0.3947186768054962
0.2002323865890503
0.5048681497573853
0.606934666633606
0.33931273221969604
0.40010982751846313
0.2331448346376419
0.7221752405166626
0.322364866733551
0.17771610617637634
0.40927475690841675
0.08792217075824738
0.21033278107643127
0.25217777490615845
0.9241346120834351
0.29278427362442017
0.24479666352272034
0.1414167582988739
0.8938436508178711
0.3074382245540619
0.6652379035949707
0.5092685222625732
0.2954298257827759
0.4733337461948395
0.3013097643852234
0.2626195549964905
0.2564050555229187
0.1459006816148758
0.37019792199134827
0.41145557165145874
0.2793184220790863
0.5691727995872498
0.2640429735183716
0.40656423568725586
0.522322952747345
0.3839569091796875
0.15308184921741486
0.28614550828933716
0.23959460854530334
0.22310654819011688
0.5491236448287964
0.4182163178920746
0.5285018086433411
0.47650718688964844
0.2891252636909485
0.41014546155929565
0.6377648115158081
0.26485568284988403
0.20110149681568146
0.2404446303844452
0.18825390934944153
0.33222347497940063
0.19335514307022095
0.2278996706008911
0.09992386400699615
0.26972058415412903
0.0573568120598793
0.30978792905807495
0.484183132648468
0.46051859855651855
0.24976757168769836
0.450437068939209
0.4225633144378662
0.6495432257652283
0.1829078048467636
0.2666488289833069
0.48221367597579956
0.19542516767978668
0.38437002897262573
0.32545241713523865
0.7848270535469055
0.4848395884037018
0.1393929421901703
0.49239930510520935
0.31919580698013306
0.1393941342830658
0.3048951029777527
0.38442039489746094
0.6595600843429565
0.3925977051258087
0.6013063788414001
0.18062858283519745
0.26375019550323486
0.41672343015670776
0.048548243939876556
0.1920308768749237
0.3286094069480896
0.2055083066225052
0.3779415786266327
0.10018502175807953
0.17036618292331696
0.4719671308994293
0.34149664640426636
0.10004410892724991
0.5331547856330872
0.33659690618515015
0.6276847124099731
0.7752876281738281
0.46638602018356323
0.18793237209320068
0.2402193248271942
0.41349905729293823
0.2915738821029663
0.28141480684280396
0.3732813894748688
0.32804402709007263
0.18730147182941437
0.3661820590496063
0.6953340768814087
0.21785373985767365
0.33698132634162903
0.1600574553012848
0.2993098497390747
0.23855185508728027
0.2766340672969818
0.3163962662220001
0.1462727040052414
0.3735889196395874
0.5259707570075989
0.4587215781211853
0.4629804193973541
0.6721516251564026
0.21355721354484558
0.3128661513328552
0.04119573161005974
0.19498102366924286
0.6343845129013062
0.3209865689277649
0.40809959173202515
0.47537440061569214
0.16033770143985748
0.4428133964538574
0.24098344147205353
0.9446073770523071
0.979814350605011
0.5029527544975281
0.3942747712135315
0.721288800239563
0.15274883806705475
0.4481618404388428
0.47719869017601013
0.50081866979599
0.19607099890708923
0.8113157153129578
0.3131132125854492
0.1699160486459732
1.6419836282730103
0.2516934275627136
0.47951140999794006
0.4715646803379059
0.6144680976867676
0.3357864022254944
0.21398654580116272
0.34283047914505005
0.3162546753883362
0.19554007053375244
0.634544849395752
0.6338451504707336
0.5020184516906738
0.3600383400917053
0.5681900382041931
0.651451826095581
0.7808631062507629
0.29385998845100403
0.5246250033378601
0.18563029170036316
0.355775386095047
0.537372350692749
0.44469600915908813
0.1604570895433426
0.10983048379421234
0.3698577284812927
0.3350999653339386
0.3267374038696289
0.16889320313930511
0.24882125854492188
0.4583949148654938
0.8955765962600708
0.4800746440887451
0.38922542333602905
0.3861527144908905
0.0919291228055954
0.2566479444503784
0.21788433194160461
0.2880691885948181
0.36394235491752625
0.17016169428825378
0.5149405598640442
0.3474595248699188
0.2972729802131653
0.2406633347272873
0.6698576211929321
0.13670538365840912
0.17484913766384125
0.5713716745376587
0.31023111939430237
0.342923104763031
0.4729563593864441
0.3903675973415375
0.8980348706245422
0.48223772644996643
0.3137363791465759
0.598983108997345
0.31278377771377563
0.49809470772743225
0.27764517068862915
0.7307270765304565
0.236458420753479
0.260868102312088
0.31183356046676636
0.9061309099197388
0.18466101586818695
0.42004209756851196
0.463468462228775
0.3914545476436615
0.227288156747818
0.5338706970214844
0.25755006074905396
0.23905730247497559
0.34998756647109985
0.17269578576087952
0.6683232188224792
0.13954013586044312
0.34689050912857056
0.8753690719604492
0.15723100304603577
0.6875283718109131
0.2074529230594635
0.2881545424461365
0.23973126709461212
0.48533815145492554
0.49487385153770447
0.21585556864738464
0.4465268552303314
0.20077678561210632
0.26583412289619446
0.9181429743766785
0.19924835860729218
0.2740750312805176
0.6215047240257263
1.0421706438064575
0.46285247802734375
1.0981488227844238
0.44605788588523865
0.32140016555786133
0.4823784828186035
0.5694717168807983
0.39719608426094055
0.4529956877231598
0.29926905035972595
0.46315130591392517
0.251878559589386
0.27114158868789673
0.4736603796482086
0.14366304874420166
0.17930565774440765
0.13066598773002625
0.5480707883834839
0.35023432970046997
0.4424510896205902
1.105048418045044
0.44351106882095337
0.8795282244682312
0.20638036727905273
0.22506031394004822
0.24679294228553772
0.6522616147994995
0.2612168788909912
0.7613387703895569
0.12789520621299744
0.5643935203552246
0.2765035629272461
0.7891107797622681
0.40641528367996216
1.3275638818740845
0.36924028396606445
0.3179221749305725
0.3903299868106842
0.5069494247436523
0.40847644209861755
0.35898542404174805
0.6196273565292358
0.47530651092529297
0.338157594203949
0.5077980160713196
0.13598474860191345
1.0119463205337524
0.3674701750278473
0.49048861861228943
0.381341814994812
0.889617919921875
0.17646178603172302
0.4774841368198395
0.576705813407898
0.26888805627822876
0.3589860498905182
0.4206242561340332
0.7612990140914917
0.29759660363197327
0.5793799757957458
0.2652539312839508
0.3569589853286743
0.3143880367279053
0.2996797263622284
0.32550299167633057
0.11827212572097778
0.7899168729782104
0.34481126070022583
0.46180105209350586
0.5417094826698303
0.26063042879104614
0.430670827627182
0.6152869462966919
0.473848432302475
0.17817506194114685
0.6217032074928284
0.16602201759815216
0.17738738656044006
0.3884561061859131
0.3292861878871918
0.5369990468025208
0.40450868010520935
0.22554826736450195
0.6773704290390015
0.22319874167442322
0.28063976764678955
0.6712334752082825
0.39557313919067383
0.08198820799589157
0.2844158411026001
0.42093977332115173
0.27529120445251465
0.25153928995132446
0.2428537905216217
0.1888132393360138
0.3227364420890808
0.3685024380683899
0.5310405492782593
0.4150823950767517
0.3392733931541443
0.28097397089004517
0.3483040928840637
0.5646525621414185
0.26300883293151855
0.5680724382400513
0.3447660505771637
0.4627520442008972
0.27509018778800964
0.3694026470184326
0.28072458505630493
0.12291586399078369
0.3483157455921173
0.3220864534378052
0.5870320796966553
0.6792758107185364
0.4161226153373718
0.4024910032749176
0.34152352809906006
0.37923571467399597
0.4086039066314697
0.364215224981308
0.5026376247406006
0.11147572845220566
0.9524503946304321
0.43154582381248474
0.951489269733429
0.2637348771095276
0.38405245542526245
0.24824592471122742
0.24042698740959167
0.46890196204185486
0.46468138694763184
0.16325245797634125
0.2876518964767456
0.32903966307640076
0.308318555355072
0.1670663207769394
0.1939356029033661
0.24380174279212952
0.6798641681671143
0.24625685811042786
0.18152621388435364
0.6324052810668945
0.16997070610523224
0.25182968378067017
0.4459535479545593
0.43139809370040894
0.28304651379585266
0.733528733253479
0.37488454580307007
0.3225853741168976
0.36983850598335266
0.44489678740501404
0.3513038754463196
0.38975173234939575
0.2737673223018646
0.20321902632713318
0.4311942160129547
0.6536215543746948
0.4258282780647278
0.6276902556419373
0.15072153508663177
0.21226854622364044
0.45847511291503906
0.1051371842622757
0.2692573368549347
0.4847736358642578
0.17568790912628174
0.6825934052467346
0.24602551758289337
0.27427929639816284
0.3992280662059784
0.2053830325603485
0.1251848042011261
0.6387167572975159
0.22870273888111115
0.24468764662742615
0.5567947626113892
0.5838125944137573
0.23112234473228455
0.35083967447280884
0.28433093428611755
0.7587538957595825
0.20521831512451172
0.6124329566955566
0.34463074803352356
0.36102384328842163
0.258455753326416
0.19270220398902893
0.5721030831336975
0.43461212515830994
0.31250765919685364
0.4083862900733948
0.23974332213401794
0.45011574029922485
0.5207224488258362
0.4583452641963959
0.24872863292694092
0.49305257201194763
0.38083192706108093
0.15579038858413696
0.9621170163154602
0.13377496600151062
0.4287019371986389
0.4430634081363678
0.5730544924736023
0.14236320555210114
0.21715791523456573
0.5717845559120178
0.36625781655311584
0.1720387041568756
0.5145390629768372
0.15604493021965027
0.3323138952255249
0.5648874044418335
0.2864212393760681
0.2985030710697174
0.6511728167533875
0.615189254283905
0.35661306977272034
0.659351110458374
0.28210097551345825
0.6042848825454712
0.17345845699310303
0.9244121313095093
0.4703432619571686
0.3550918698310852
0.4622405171394348
0.14810970425605774
0.1820073276758194
0.35834434628486633
0.4043676257133484
0.21006576716899872
0.4385800361633301
0.29842501878738403
0.37418630719184875
0.5418583750724792
0.9045072793960571
0.23505742847919464
0.22763390839099884
0.215107724070549
0.27003151178359985
0.4430595338344574
0.5780783891677856
0.19037863612174988
0.4990009367465973
0.41464290022850037
0.41179099678993225
0.11820536851882935
0.6166932582855225
0.25859591364860535
0.14226889610290527
0.29009300470352173
0.29840126633644104
0.1897350549697876
0.5051091313362122
0.36859196424484253
0.7206912636756897
0.2917405068874359
0.9405133128166199
0.34914836287498474
0.22304363548755646
0.10629353672266006
0.5295628905296326
0.20529942214488983
0.3786296546459198
0.20014815032482147
0.46274176239967346
0.41833171248435974
0.40449729561805725
0.15414297580718994
0.40304070711135864
0.5501251816749573
0.20401234924793243
0.20701734721660614
0.6133807897567749
0.23676438629627228
0.5604224801063538
0.43035078048706055
0.3894892632961273
0.2162523716688156
0.5739179849624634
0.3085715174674988
0.7203533053398132
0.2255968153476715
0.3734484910964966
0.385736346244812
0.37636420130729675
0.17561554908752441
0.32412877678871155
0.2609751224517822
0.6868210434913635
0.3793483078479767
0.5262836217880249
0.26363852620124817
0.43090757727622986
0.08734771609306335
0.1786581426858902
0.8153787851333618
0.4382341504096985
0.41583019495010376
0.4384807050228119
0.22694063186645508
0.7808220982551575
0.2741641402244568
0.19788560271263123
0.19203345477581024
0.28476595878601074
0.4035401940345764
0.5761720538139343
0.14505207538604736
0.08874073624610901
0.8084301948547363
0.5283415913581848
0.47679251432418823
0.6026658415794373
0.27799761295318604
0.4142788052558899
0.7571231126785278
0.578409731388092
0.2604012191295624
0.3036345839500427
0.2494731843471527
0.806442141532898
0.580224871635437
0.25781548023223877
0.3250470757484436
0.377005398273468
0.1483968198299408
0.4116188585758209
0.33879518508911133
0.6213056445121765
0.33483797311782837
0.5915762782096863
0.16077345609664917
0.49395138025283813
0.2770969867706299
0.5659065842628479
0.353231281042099
0.2477898895740509
0.1568811684846878
0.31272420287132263
0.44707030057907104
0.37378543615341187
0.7400937080383301
0.25635743141174316
0.14695538580417633
0.43271756172180176
0.36831170320510864
0.13904836773872375
0.32407382130622864
0.24346919357776642
0.884574294090271
0.3096996247768402
0.8323889970779419
0.2413448840379715
0.40264803171157837
0.3909611105918884
0.2697046995162964
0.3811388909816742
0.1133899912238121
0.5361477136611938
0.48756837844848633
0.5632675290107727
0.23410925269126892
0.31895673274993896
0.26857325434684753
0.7603660821914673
0.4300056993961334
0.37378838658332825
0.2464827001094818
0.3118704557418823
0.4978535771369934
0.31597548723220825
0.12277809530496597
0.1367020606994629
0.2719357907772064
0.6924673318862915
0.3480047583580017
0.2890395224094391
0.15751108527183533
0.4522770941257477
0.7263222932815552
0.3955078125
0.489962637424469
0.1435641646385193
0.41116219758987427
0.5813612341880798
0.725554347038269
0.42463570833206177
0.1982402801513672
0.48001712560653687
0.37400829792022705
0.11843349784612656
0.2889074683189392
0.15281012654304504
0.5728773474693298
0.3091791272163391
0.19175073504447937
0.31632256507873535
0.3368709087371826
0.3335660994052887
0.33568045496940613
0.4459976553916931
0.2590098977088928
0.1806798279285431
0.34823504090309143
0.7318892478942871
0.4297415316104889
0.4126075804233551
0.47878605127334595
0.15181131660938263
0.22386054694652557
0.40910521149635315
0.19695094227790833
0.7430446147918701
0.24510526657104492
0.5345566868782043
0.1584179699420929
0.30414098501205444
0.2909378409385681
0.26930826902389526
0.23500661551952362
0.7569587826728821
0.4510926604270935
0.661669135093689
0.19618946313858032
0.30546119809150696
0.1771339625120163
0.6040031909942627
0.6172842383384705
0.5646606683731079
0.41320592164993286
0.12081708759069443
0.4355848729610443
0.6846879720687866
0.24007435142993927
0.45595890283584595
0.3945181369781494
0.40901175141334534
0.46287018060684204
0.19792956113815308
0.2585260570049286
0.44032683968544006
0.16291217505931854
0.5480722784996033
0.5618007183074951
0.1795874834060669
0.41989031434059143
0.3164971172809601
0.21994256973266602
0.3921803832054138
0.240026593208313
0.21382005512714386
0.3005467355251312
0.5876120328903198
0.7369295358657837
0.5898833274841309
0.3047024607658386
1.1870064735412598
0.25111520290374756
0.22312411665916443
0.22017374634742737
0.9125849008560181
0.9126598238945007
0.6477643251419067
0.32785820960998535
0.1528381109237671
0.6238539814949036
0.5640865564346313
0.1888437718153
0.30570632219314575
0.5950332880020142
0.38112783432006836
0.3968800902366638
0.2977181673049927
0.5094069242477417
0.3952087461948395
0.2667196989059448
0.5239061117172241
0.4115722179412842
0.6205273866653442
0.2203492373228073
0.443254292011261
0.7151327729225159
0.5152047276496887
0.3941805958747864
0.156792551279068
0.405921995639801
0.24421747028827667
0.16735786199569702
0.5400013327598572
0.2106272280216217
0.585943877696991
0.4022737145423889
0.322794109582901
0.35451942682266235
0.5837767124176025
0.298933207988739
0.37751254439353943
0.2611308991909027
0.9149411916732788
0.21289193630218506
0.4631021022796631
0.3767237067222595
0.5428938865661621
0.28985166549682617
0.6657682657241821
0.5361395478248596
0.5279102921485901
0.26651841402053833
0.5613895654678345
0.3542573153972626
0.20754270255565643
0.6136623024940491
0.31879764795303345
0.3666113317012787
0.2641211748123169
0.6075598001480103
0.09917359799146652
0.3126775324344635
0.25804150104522705
0.39806005358695984
0.5240095853805542
0.6215624213218689
0.2329157590866089
0.3072975277900696
0.3837490677833557
0.3693616986274719
0.32729417085647583
0.2791430950164795
0.516058087348938
0.38604670763015747
0.5522331595420837
0.4523739218711853
0.30388981103897095
0.6032241582870483
0.24321946501731873
0.40650877356529236
0.498715341091156
0.19102369248867035
0.22279325127601624
0.28037580847740173
0.18291844427585602
0.2191939353942871
0.2532883286476135
0.5202096700668335
0.34296131134033203
0.6518911719322205
0.4331408441066742
0.4992738366127014
0.6165591478347778
0.21074597537517548
0.29347145557403564
0.21626123785972595
0.6053293347358704
0.28733205795288086
0.2596513330936432
0.2059173583984375
0.7960368394851685
0.33098211884498596
0.451364129781723
0.2496313601732254
0.7024838328361511
0.6786378026008606
0.5568934679031372
0.12374453246593475
0.20337505638599396
0.13140583038330078
0.3280397951602936
0.35986846685409546
0.38946837186813354
0.39873895049095154
0.256533682346344
0.3985520899295807
0.40697401762008667
0.634097695350647
0.7964805364608765
0.3293595016002655
0.5133328437805176
0.36415621638298035
0.9978383779525757
0.16303251683712006
0.2643815875053406
0.8819504976272583
0.16422352194786072
0.17859196662902832
0.5844273567199707
0.32698050141334534
0.18117403984069824
0.2647981345653534
0.4521254003047943
0.29565292596817017
0.9457950592041016
0.39571020007133484
0.4948982298374176
0.8511418104171753
0.7183057069778442
0.20029112696647644
0.1620619297027588
0.48907098174095154
0.5496620535850525
0.18987521529197693
0.2787803113460541
0.2633809745311737
0.3180672824382782
0.466853529214859
0.2387068271636963
0.17212653160095215
0.30570194125175476
0.20463338494300842
0.1496581882238388
0.49006858468055725
0.3700323700904846
0.24969856441020966
0.29650527238845825
0.20407962799072266
0.3818533420562744
0.4475964605808258
0.324482262134552
0.4840660095214844
0.10010967403650284
0.15103529393672943
0.47025078535079956
0.208835631608963
0.4676998257637024
0.37551409006118774
0.18093639612197876
0.3024785816669464
0.2380383461713791
0.7474738955497742
0.3248158097267151
0.41985243558883667
0.43033567070961
0.573641300201416
0.08045385777950287
0.46228837966918945
0.1810985952615738
0.07117026299238205
0.3383478820323944
0.2462579756975174
0.23437049984931946
0.5163673162460327
0.2389681339263916
0.4948958456516266
0.20830579102039337
0.49935635924339294
0.25658705830574036
0.3030104339122772
0.596037745475769
0.5604609251022339
0.33902108669281006
0.22801092267036438
0.2709463834762573
0.47312313318252563
0.7607181072235107
0.3980117440223694
0.6423348188400269
0.35870885848999023
0.20901015400886536
0.38854360580444336
0.1491224318742752
0.1256922483444214
0.3526528775691986
0.41423457860946655
0.47687825560569763
0.3430371880531311
0.25500550866127014
0.26736781001091003
0.47356170415878296
0.19718626141548157
0.5434628129005432
0.11292499303817749
0.2064492404460907
0.288277804851532
0.5358301401138306
0.19757463037967682
0.23172561824321747
0.16259454190731049
0.17721664905548096
0.5607015490531921
0.13304659724235535
0.25876450538635254
0.36429157853126526
0.7296621799468994
0.3665522038936615
0.24849875271320343
0.3003016412258148
0.5191868543624878
0.4679619371891022
0.21741405129432678
0.33346542716026306
0.2571144700050354
0.2378104031085968
0.15696069598197937
0.5797861814498901
0.5424197316169739
0.10494458675384521
0.32233601808547974
0.42831915616989136
0.25915399193763733
0.9428740739822388
0.4045047163963318
0.934653639793396
0.5093406438827515
0.1623438596725464
0.23173491656780243
0.1567932367324829
0.27100563049316406
0.25994840264320374
0.3255753815174103
0.6411581039428711
0.3949769139289856
0.27297288179397583
0.29255300760269165
0.3169928193092346
0.9312514066696167
0.68730229139328
0.5889409780502319
0.7014113068580627
0.6310089826583862
0.3356854021549225
0.273882120847702
0.35997626185417175
0.30365821719169617
0.42453399300575256
0.47623664140701294
0.2963055968284607
0.24802343547344208
0.37668848037719727
0.42497164011001587
0.4859146177768707
0.3497239351272583
0.5055174231529236
0.3822906017303467
0.5754724740982056
0.4242185950279236
0.3347901403903961
0.28688845038414
0.25484269857406616
0.1633334457874298
0.33483001589775085
0.32012253999710083
0.17436625063419342
0.6537872552871704
0.3340761661529541
0.274026483297348
0.25281375646591187
0.4529557228088379
0.12497792392969131
0.41340500116348267
1.0220730304718018
0.48327916860580444
0.7533136606216431
0.31522318720817566
0.13815423846244812
0.5246013402938843
0.4419458508491516
0.23635482788085938
0.20971830189228058
0.6455270648002625
0.483529657125473
0.2910187542438507
0.40512076020240784
0.08465942740440369
0.37783312797546387
0.3990171253681183
0.22990480065345764
0.558830201625824
0.35783979296684265
0.2960255444049835
0.22297556698322296
0.16469426453113556
0.678047239780426
0.473146915435791
0.4875621795654297
0.38825684785842896
0.3014063537120819
0.3430056869983673
0.7592811584472656
0.2434355467557907
0.6274583339691162
0.3792503774166107
0.2678072154521942
0.32362985610961914
0.34193018078804016
0.3211389183998108
0.09199504554271698
0.5098029971122742
0.5392356514930725
0.2003215253353119
0.41790658235549927
0.487417072057724
0.3948005735874176
0.18679678440093994
0.34773507714271545
0.2278701364994049
0.485940158367157
0.7297019362449646
0.3959362506866455
0.36179494857788086
0.38870808482170105
0.13218656182289124
0.9397754669189453
0.4929787516593933
0.3177180290222168
0.34034374356269836
0.5047304630279541
0.19129742681980133
0.294360488653183
0.38321250677108765
0.5834434628486633
0.3928714692592621
0.5827599763870239
0.09037302434444427
0.43571242690086365
0.8351532220840454
0.2629450559616089
0.2183738499879837
0.335199773311615
0.3750343918800354
0.24571402370929718
0.25868740677833557
0.2783597707748413
0.376438170671463
0.7101514339447021
0.22420170903205872
0.0743137001991272
0.17514346539974213
0.8210242390632629
0.3543868064880371
0.2565966844558716
0.2596747875213623
0.6772000193595886
0.9061539769172668
0.8322087526321411
0.2736886143684387
0.2784568667411804
0.29282093048095703
0.3547123074531555
0.36002153158187866
0.24409763514995575
0.5865374803543091
0.854278564453125
0.3966016173362732
0.4282296597957611
0.38835638761520386
0.8549896478652954
0.7009186744689941
0.37188833951950073
0.6370146870613098
0.26287099719047546
0.4326861500740051
0.5641602277755737
0.27010419964790344
0.8415287733078003
0.24345192313194275
0.38200095295906067
0.2727711796760559
0.2330026924610138
0.3027937412261963
0.44940751791000366
0.2208898961544037
0.31717362999916077
0.2544828951358795
0.3086191415786743
0.8280264139175415
0.31288933753967285
0.552624523639679
0.29637712240219116
0.16200940310955048
0.26044660806655884
0.2766813635826111
0.5621417760848999
0.431279718875885
0.3842301666736603
0.5104370713233948
0.3595515787601471
0.4834374785423279
0.3700462281703949
0.7392006516456604
0.3416042625904083
0.6009244918823242
0.7050117254257202
0.308067262172699
0.14691731333732605
0.32182660698890686
0.6102933883666992
0.4326880872249603
0.2945590019226074
0.5175176858901978
0.33006373047828674
0.30521973967552185
0.48807868361473083
0.23922395706176758
0.537676215171814
0.5216769576072693
0.3573477566242218
0.3021925985813141
0.30600303411483765
0.22459587454795837
0.6170112490653992
0.7030182480812073
0.27026626467704773
0.47821030020713806
0.41497454047203064
0.5652235746383667
0.18001048266887665
0.1944626420736313
0.398685485124588
0.3000513017177582
1.289652705192566
0.48903411626815796
0.43876442313194275
0.40167179703712463
0.3013063371181488
0.7399754524230957
0.3996952474117279
0.43196016550064087
0.4994327425956726
0.1988401710987091
0.2837407886981964
0.6865299344062805
0.6598016023635864
0.28935736417770386
0.2498721182346344
0.36042171716690063
0.701111912727356
0.6111504435539246
0.4794507622718811
0.32225221395492554
0.43231454491615295
0.4386431574821472
0.4234713613986969
0.36322686076164246
0.4822365641593933
0.33847278356552124
0.17995485663414001
0.7735388875007629
0.38504675030708313
0.5920823216438293
0.08798588812351227
0.6688417792320251
0.702999472618103
0.5761877298355103
0.9221391677856445
0.47289958596229553
0.2985208332538605
0.46382126212120056
0.46447324752807617
0.2719777226448059
0.143849715590477
0.5242671966552734
0.30803459882736206
0.1797977089881897
0.4833761155605316
0.2396325170993805
0.395571768283844
0.383773535490036
0.529856264591217
0.7617427110671997
0.346813440322876
0.4057544767856598
0.3279058337211609
0.3530132472515106
0.14317187666893005
0.6397572755813599
0.4294927716255188
0.7473686337471008
0.34412866830825806
0.2013206034898758
0.28598982095718384
0.2053782045841217
0.10403931140899658
0.28349465131759644
0.23909637331962585
0.24015915393829346
0.2894917130470276
0.17705470323562622
0.4667800962924957
0.281735360622406
0.49290069937705994
0.400604784488678
0.2807447016239166
0.6961051225662231
0.42251330614089966
0.3141370415687561
0.4974185824394226
0.16062958538532257
0.45697054266929626
0.35672205686569214
0.554902195930481
0.43819460272789
0.16532589495182037
0.34017449617385864
0.5291598439216614
0.3022746443748474
0.4657016396522522
0.08537010848522186
0.39973458647727966
0.6905490756034851
0.24735327064990997
0.5459833741188049
0.6200796961784363
0.21162810921669006
0.5203201770782471
0.3866563141345978
0.23154819011688232
0.20622046291828156
0.42475414276123047
0.3411908745765686
0.30441319942474365
0.3055344820022583
0.6186938285827637
0.4251352846622467
0.3163798749446869
0.26536300778388977
0.30447307229042053
0.2545340955257416
0.3856090307235718
0.5934051275253296
0.1818547248840332
0.42844876646995544
0.07957156002521515
0.4984988272190094
0.7629711031913757
0.2978637218475342
0.26193276047706604
0.27548742294311523
0.29569968581199646
0.1843491792678833
0.36716118454933167
0.29301977157592773
0.4619286060333252
0.34765684604644775
0.31608638167381287
0.32196274399757385
0.45689940452575684
0.11533373594284058
0.4630977213382721
0.5318161845207214
0.36785435676574707
0.38483425974845886
0.5285699367523193
0.2449253499507904
0.6456272006034851
0.3330031931400299
0.5228011608123779
0.2959102690219879
0.4794367849826813
0.11143781989812851
0.3582276403903961
0.5442381501197815
0.5871614217758179
0.3627634048461914
0.07881069928407669
0.25291377305984497
0.2792983055114746
0.17940838634967804
0.45656293630599976
0.7128883600234985
0.4054323732852936
0.12234397232532501
0.4095059931278229
0.2493053674697876
0.3450848162174225
0.6972315311431885
0.31704527139663696
0.29052871465682983
0.35787495970726013
0.2977733016014099
0.7411393523216248
0.48979824781417847
0.3116292357444763
0.4113619327545166
0.8605886697769165
0.6761436462402344
0.2848889231681824
0.9298719167709351
0.13074669241905212
0.1630663424730301
0.44807448983192444
0.35017579793930054
0.37915271520614624
0.21662190556526184
0.43089261651039124
0.06191452220082283
0.4348513185977936
0.23978357017040253
0.18118467926979065
0.23586325347423553
0.3816031515598297
0.332212895154953
0.5991259217262268
0.10905300080776215
0.3175596594810486
0.19869449734687805
0.4310959279537201
0.512506365776062
0.3503909707069397
0.36859896779060364
0.07090511173009872
0.41258031129837036
0.36344438791275024
0.2771734595298767
0.691314697265625
0.21006222069263458
0.4149903655052185
0.18539384007453918
0.23499223589897156
0.10695844888687134
0.4617581367492676
0.4114153981208801
0.3783274292945862
0.30857500433921814
0.12836672365665436
0.3177289068698883
0.3916477859020233
0.4856974482536316
0.5213831663131714
0.28049442172050476
0.21069662272930145
0.7317525744438171
0.46542972326278687
0.34519603848457336
0.25263020396232605
0.22280585765838623
1.0471079349517822
0.3785504698753357
0.36546090245246887
0.2721864879131317
0.2899464964866638
0.24320165812969208
0.43287715315818787
0.6859816312789917
0.6151587963104248
0.2763896584510803
0.23718909919261932
0.8016403317451477
0.45523470640182495
0.8428282737731934
0.36433643102645874
0.5064045190811157
0.17418521642684937
0.4487948417663574
0.31072932481765747
0.28959229588508606
0.47952231764793396
0.4535828232765198
0.15066517889499664
0.4489525258541107
0.36493048071861267
0.2754378616809845
0.40039634704589844
0.1770305335521698
0.7624920606613159
0.6990756392478943
0.20101626217365265
0.29307880997657776
0.2571679353713989
0.3339115083217621
0.30328285694122314
0.5247148275375366
0.25621506571769714
0.360830157995224
0.14081832766532898
0.5367149114608765
0.16176418960094452
0.36647677421569824
0.2972993850708008
0.3156331777572632
0.14905203878879547
0.3479406237602234
0.2410275638103485
0.16965773701667786
0.37250083684921265
0.3872508406639099
0.6078425049781799
0.23715074360370636
0.1459786593914032
0.45298466086387634
0.2651539444923401
1.1979244947433472
0.4458557069301605
0.6055606603622437
0.24377664923667908
0.30996012687683105
0.4471062123775482
0.17012077569961548
0.282870352268219
0.412620484828949
0.4630579352378845
0.4005410075187683
0.2697005271911621
0.3880409300327301
0.4636405110359192
0.8268448114395142
0.14980892837047577
0.15912990272045135
0.5881093740463257
0.3818548619747162
0.7414231300354004
0.4725550711154938
0.49235081672668457
0.09605495631694794
0.7328358888626099
0.23054954409599304
0.21378715336322784
0.28165191411972046
0.04582958668470383
0.24537470936775208
0.1711912304162979
0.3602913022041321
0.4019593298435211
0.1814320832490921
0.24247947335243225
0.4636417031288147
0.3686862587928772
0.3132428228855133
0.24614568054676056
0.20889174938201904
0.327584832906723
0.16890449821949005
0.24442121386528015
0.21114449203014374
0.12308844178915024
0.8224385380744934
0.4911680221557617
0.813732922077179
0.35466665029525757
0.2169528752565384
0.4855934679508209
0.6886878609657288
0.6673345565795898
0.3603145480155945
0.7467107772827148
0.17415574193000793
0.22238151729106903
0.3540307581424713
0.3555716276168823
0.0956474244594574
0.32647547125816345
0.39754942059516907
0.5477005243301392
0.38138270378112793
0.8329669237136841
0.32468292117118835
0.3872982859611511
0.44949397444725037
0.6516151428222656
0.47581082582473755
0.22298765182495117
0.5968641042709351
0.42122721672058105
0.09765000641345978
0.23682013154029846
0.33067816495895386
0.40276259183883667
0.4594404101371765
0.2405579388141632
0.27710700035095215
0.7855182886123657
0.26228198409080505
0.3980410695075989
0.522189736366272
0.31831276416778564
0.4436722695827484
0.6547704339027405
0.2702890932559967
0.4163796901702881
0.1879521757364273
0.5951138734817505
0.5039819478988647
0.7975059747695923
0.3975676894187927
0.6411476135253906
0.20326130092144012
0.3495507836341858
0.7060655355453491
0.2533241808414459
0.29281678795814514
0.8078603744506836
0.3051586449146271
0.43894481658935547
0.27380573749542236
0.3844556212425232
0.6985102891921997
0.3497723340988159
0.35211318731307983
0.18349719047546387
0.5726048946380615
0.32884305715560913
0.6417524814605713
0.10184980928897858
0.418423593044281
0.28534215688705444
0.12543794512748718
0.35274285078048706
0.3318529725074768
0.3062427043914795
0.5238871574401855
0.22139021754264832
0.28761598467826843
0.28739017248153687
0.25173622369766235
0.134536013007164
0.3597223162651062
0.5842488408088684
0.213133305311203
0.5723483562469482
0.5853142738342285
0.5694926977157593
0.22311067581176758
0.14749382436275482
0.46963706612586975
0.11694221198558807
0.5037118792533875
0.07749634236097336
0.44430893659591675
0.18933235108852386
0.3704497218132019
0.43463802337646484
0.3917901813983917
0.3561131954193115
0.4097071588039398
0.24946363270282745
0.5522506833076477
0.5376481413841248
0.4674929082393646
0.49469929933547974
0.5062153935432434
0.5414119958877563
0.19730988144874573
0.4641185700893402
0.4123457968235016
0.07454951107501984
0.8236044645309448
0.32648032903671265
0.8008426427841187
0.20606085658073425
0.29023629426956177
0.4815281331539154
0.25446027517318726
0.35968583822250366
0.08889684826135635
0.42491039633750916
0.5047365427017212
0.2813127338886261
0.5490400195121765
0.351683109998703
0.41092783212661743
0.3705078065395355
0.24694709479808807
0.5442904233932495
0.19617655873298645
0.42867302894592285
0.4912077784538269
0.6802462339401245
0.5204589366912842
0.19286763668060303
0.4038076400756836
0.336723268032074
0.4231012761592865
0.49659180641174316
0.2780497372150421
0.7131513357162476
0.4034131169319153
0.38482123613357544
0.3822958469390869
0.3429691195487976
0.1727074682712555
0.37568268179893494
0.3958800137042999
0.4100509285926819
0.4050719141960144
0.18220414221286774
0.4746895432472229
0.4255385398864746
0.5058867335319519
0.5313244462013245
0.5468977689743042
0.3999278247356415
0.30763810873031616
0.3013978898525238
0.47462886571884155
0.2839600443840027
0.5469993948936462
0.6380654573440552
0.29642951488494873
0.31091389060020447
0.23078623414039612
0.132192000746727
0.37880033254623413
0.5631412863731384
0.6398706436157227
0.5005173087120056
0.5548186898231506
0.7394341826438904
0.6142187118530273
0.33299311995506287
0.37389570474624634
0.3816603720188141
0.2664738595485687
0.13243290781974792
0.31809353828430176
0.29991915822029114
0.21668562293052673
0.32370156049728394
0.25535455346107483
0.37603136897087097
0.6041692495346069
0.3359748423099518
0.8972086906433105
0.6640742421150208
0.9458097219467163
0.40873393416404724
0.3007643222808838
0.3190614581108093
0.19181016087532043
0.6988939046859741
0.2359296977519989
0.49412885308265686
0.7246958017349243
0.04588651284575462
0.26538124680519104
0.34547707438468933
0.5100483894348145
0.21687857806682587
0.426410436630249
0.42986029386520386
0.2858788073062897
0.35532841086387634
0.20292167365550995
0.4894070625305176
0.22201569378376007
0.3381466865539551
0.34220555424690247
0.2740182876586914
0.4444388747215271
0.3375755250453949
0.3664992153644562
0.2378235161304474
0.2464279681444168
0.5076568126678467
0.08743293583393097
0.2199205607175827
0.19578243792057037
0.26413026452064514
0.2515563368797302
0.42286452651023865
0.10434971004724503
0.142928808927536
0.221156045794487
0.3304687738418579
0.13078905642032623
0.4424741268157959
0.33342450857162476
0.2482096403837204
0.35681670904159546
0.2736087143421173
0.15414053201675415
0.158162921667099
0.47082218527793884
0.4994472861289978
0.309567391872406
0.31292006373405457
0.44858989119529724
0.07950758188962936
0.269470751285553
0.43644604086875916
0.651124119758606
0.5986645817756653
0.33639436960220337
0.5150042772293091
0.7547379732131958
0.4040127694606781
0.4015723168849945
0.3851165473461151
0.3982824385166168
0.5387829542160034
0.753402590751648
0.3911977708339691
0.5626112222671509
0.21365627646446228
0.693345308303833
0.6104966402053833
0.5660940408706665
0.2853585183620453
0.8883804082870483
0.5642577409744263
0.7358523607254028
0.16806994378566742
0.452422559261322
0.5315035581588745
0.1548497974872589
0.4376258850097656
0.38966768980026245
0.6344748735427856
0.22115829586982727
0.3721201419830322
0.3167760372161865
0.3546723425388336
0.6023373007774353
0.3756684958934784
0.2051534652709961
0.3943842947483063
0.7119753956794739
0.2543206214904785
0.13458319008350372
0.4526093006134033
0.3351491391658783
0.40277108550071716
0.20488958060741425
0.39248549938201904
0.38511529564857483
0.37302976846694946
0.23870067298412323
0.43528491258621216
0.381274551153183
0.10585473477840424
0.5608289837837219
0.5038952231407166
0.6430832743644714
0.34886008501052856
0.3990737795829773
0.28042203187942505
0.47666478157043457
0.3072836995124817
0.3558866083621979
0.4267721176147461
0.3800047039985657
0.7150801420211792
0.37478843331336975
0.2793339788913727
0.19295069575309753
0.5185030698776245
0.22446155548095703
0.32821065187454224
0.1895051896572113
0.414736270904541
0.567263662815094
0.4331042766571045
0.5764254331588745
0.1314184069633484
0.38495609164237976
0.12329673767089844
0.22893783450126648
0.3689308166503906
0.39575451612472534
0.7010982036590576
0.3223133683204651
0.502123236656189
0.14730939269065857
0.38254496455192566
0.4088284969329834
0.2729540467262268
0.21407513320446014
0.2068057358264923
0.4922278821468353
0.2725127339363098
0.33289289474487305
0.4003623127937317
0.5302067995071411
0.07894990593194962
0.27059417963027954
0.5049927234649658
0.48332634568214417
0.45799413323402405
0.48886871337890625
0.42509761452674866
0.21952712535858154
0.14764690399169922
0.4772207736968994
0.3528280258178711
0.16407614946365356
0.419303834438324
0.3363027572631836
0.4219355583190918
0.5944472551345825
0.4283601641654968
0.3061504065990448
0.2093111276626587
0.3616648316383362
0.7684072852134705
0.2306278496980667
0.3983655571937561
0.39066028594970703
0.2559884488582611
0.3244621157646179
0.538456380367279
0.3213971257209778
0.3978717029094696
0.28266629576683044
0.427141010761261
0.44542422890663147
0.18707111477851868
0.28520622849464417
0.20647065341472626
0.7370015978813171
0.3950459957122803
0.30971992015838623
0.6747106909751892
0.8223579525947571
0.2122422754764557
0.2723848819732666
0.5172219276428223
0.49442869424819946
0.36485061049461365
0.3304812014102936
0.12942835688591003
0.2478867769241333
0.4641087055206299
0.5936437845230103
0.40748485922813416
0.4948809742927551
0.25297489762306213
0.4706222414970398
0.40980711579322815
0.43219298124313354
0.3223981559276581
0.365506649017334
0.37798872590065
0.3004390597343445
0.1499711573123932
0.6019513010978699
0.4387942850589752
0.23919996619224548
0.3662886917591095
0.3160715401172638
0.46952104568481445
0.5179215669631958
0.411288321018219
0.3912258744239807
0.3684348464012146
0.6152695417404175
0.35036906599998474
0.18661990761756897
0.3382492661476135
0.45647168159484863
0.2561926245689392
0.35960060358047485
0.10497178137302399
0.5679569244384766
0.4539435803890228
0.6084005236625671
0.3211941421031952
0.5751634836196899
0.4554786682128906
0.36818405985832214
0.35533812642097473
0.6070094108581543
0.19640401005744934
0.3518517315387726
0.4201175570487976
0.3047178387641907
0.3761647343635559
0.4524756371974945
0.5002434253692627
0.3075704872608185
0.2615276277065277
0.2587790787220001
0.774677574634552
0.6594629883766174
1.129314661026001
0.470686674118042
0.2577061057090759
0.6889997720718384
0.22044403851032257
0.4192822575569153
0.4923422932624817
0.1743272840976715
0.5156344175338745
0.29705095291137695
0.4045436382293701
0.33075401186943054
0.21932272613048553
0.31174227595329285
0.18590399622917175
0.38677269220352173
0.46566516160964966
0.1300203502178192
0.5893489122390747
0.07136492431163788
0.2769048810005188
0.12271182239055634
0.23260045051574707
0.6351608037948608
0.3347099721431732
0.29356738924980164
0.4106828272342682
0.7123045921325684
0.25481194257736206
0.5448724627494812
0.33425015211105347
0.5630180239677429
0.5579198598861694
0.39122405648231506
0.3212515115737915
0.4377133250236511
0.3932723104953766
0.48318392038345337
0.2685827314853668
0.17590808868408203
0.232792466878891
0.5633596181869507
0.25164148211479187
1.1567904949188232
0.3963109254837036
0.48727887868881226
0.3866952061653137
0.7674345970153809
0.4190217852592468
0.14256110787391663
0.4234410226345062
0.1715785562992096
0.32073211669921875
0.19220449030399323
0.317550390958786
0.25116151571273804
0.26863449811935425
0.2718430459499359
0.15118470788002014
0.3898469805717468
0.3914288878440857
0.11661461740732193
0.2542148232460022
0.10958361625671387
0.3660913109779358
0.5426620244979858
0.36177095770835876
0.5813807249069214
0.41181182861328125
0.4307737350463867
0.4162830710411072
0.2782825827598572
0.2686547040939331
0.48411116003990173
0.2851647436618805
0.3926171362400055
0.4203524589538574
0.4204885959625244
0.5800748467445374
0.15383732318878174
0.1487218141555786
0.3853268027305603
0.566448986530304
0.2642896771430969
0.1675253063440323
0.510467529296875
0.22869665920734406
0.5829470157623291
0.3379642367362976
0.3021535873413086
0.5727506875991821
0.2762845456600189
0.3354414403438568
0.7415322065353394
0.15557773411273956
0.5825276374816895
0.2832911014556885
0.20703037083148956
0.5803922414779663
0.2613691985607147
0.3152681887149811
0.7313286662101746
0.1326410323381424
0.14861361682415009
0.1441117823123932
0.2662871479988098
0.8079938888549805
0.568821370601654
0.2032748907804489
0.17146705090999603
0.27354902029037476
0.3258926570415497
0.7531062960624695
0.33982235193252563
0.2998235821723938
0.1604289710521698
0.2075289785861969
0.6338741183280945
0.3030528426170349
0.34774088859558105
0.4071529805660248
0.10775087773799896
0.23808503150939941
0.5669912099838257
0.4355318546295166
0.4950851798057556
0.6995670199394226
0.481179416179657
0.3558448851108551
0.08087276667356491
0.16557595133781433
0.8689807653427124
0.4462943971157074
0.339069664478302
0.6242460012435913
0.39945125579833984
0.14310380816459656
0.33051055669784546
0.5706532597541809
0.38533905148506165
0.3610484004020691
0.20839571952819824
0.6790769696235657
0.22222599387168884
0.3453706204891205
0.17700454592704773
0.6511131525039673
0.767605185508728
0.8071138262748718
0.7103607654571533
0.21037288010120392
0.24183163046836853
0.25393494963645935
0.24950723350048065
0.31799203157424927
0.40982118248939514
0.20924437046051025
0.3221501410007477
0.42930617928504944
0.3538959324359894
0.18106946349143982
0.6977865695953369
0.704347550868988
0.21851351857185364
0.7225377559661865
0.35369208455085754
0.4440327286720276
0.3327866196632385
0.31968992948532104
0.9048585891723633
0.23983588814735413
0.27267739176750183
0.40235471725463867
0.3263995051383972
0.6127923727035522
0.5292125940322876
0.47414255142211914
0.26897114515304565
0.57096266746521
0.3641328811645508
0.21546947956085205
0.25532591342926025
0.12202521413564682
0.5114912986755371
0.36687368154525757
0.3530256450176239
0.2336077243089676
0.581997275352478
0.2152622640132904
0.27362746000289917
0.28862902522087097
0.6813272833824158
0.705524742603302
0.17846450209617615
0.398870050907135
0.3894476294517517
0.17244674265384674
0.22092124819755554
0.42909303307533264
0.46717381477355957
0.16321654617786407
0.35999995470046997
0.2890281081199646
0.3225695490837097
0.2314234972000122
0.22325940430164337
0.231222465634346
0.24874766170978546
0.2675742208957672
0.2559938132762909
0.7445566058158875
0.6644408702850342
0.20946376025676727
0.2562881410121918
0.30533725023269653
0.32822155952453613
0.5246634483337402
0.31455132365226746
0.4210849404335022
0.20717819035053253
0.18313977122306824
0.1361771523952484
0.8624197244644165
0.5306245684623718
0.6871313452720642
0.4611978530883789
0.4186902642250061
0.44119277596473694
0.4245758056640625
0.3759688436985016
0.21417920291423798
0.6589547991752625
0.3952248692512512
0.5718618631362915
0.6565526723861694
0.6192243099212646
0.5667802691459656
0.29653915762901306
0.3275565803050995
0.2939145565032959
0.1870715320110321
0.2848277688026428
0.4072262644767761
0.3312983810901642
0.37478840351104736
0.2905120849609375
0.4014323651790619
0.20221248269081116
0.24275588989257812
0.5300999879837036
0.34004905819892883
0.5881786346435547
0.47275710105895996
0.37643253803253174
0.4096592962741852
0.3563802242279053
0.4442722201347351
0.5334025621414185
0.5262324213981628
0.2638351023197174
0.7033160924911499
0.4191906452178955
0.3968437910079956
0.5542685389518738
0.34901565313339233
0.5182892084121704
0.28608423471450806
0.193689227104187
0.5220474004745483
0.32235485315322876
0.5308538675308228
0.5319190621376038
0.40779075026512146
0.21412184834480286
0.20348279178142548
0.1646062582731247
0.6540159583091736
0.3894180357456207
0.5679411888122559
0.35098859667778015
0.19399982690811157
0.5672606229782104
0.18123166263103485
0.2625499367713928
0.34622907638549805
0.45108118653297424
0.2936328053474426
0.13381090760231018
0.27259379625320435
0.61634361743927
0.31014102697372437
0.5294384360313416
0.6016384363174438
0.20321759581565857
0.3544086217880249
0.5799747705459595
0.35021883249282837
1.004934310913086
0.442147821187973
0.3140769302845001
0.23372182250022888
0.38769328594207764
0.43545323610305786
0.8554801940917969
0.48997998237609863
0.30227693915367126
0.3116421103477478
0.2793160676956177
0.6051403284072876
0.28707465529441833
0.30419981479644775
0.6169654726982117
0.3117831349372864
0.05195124074816704
0.3824142813682556
0.1273294985294342
0.6014687418937683
0.16629257798194885
0.48471078276634216
0.4304219186306
0.3149246871471405
0.17229999601840973
0.9359053373336792
0.22098448872566223
0.2769082188606262
0.3101957440376282
0.5132811069488525
0.33165258169174194
0.5489882230758667
0.28180524706840515
0.22485694289207458
0.5550658106803894
0.21466775238513947
0.5868418216705322
0.3457580804824829
0.25407248735427856
0.37973085045814514
0.2523338198661804
0.4769783914089203
0.3411495089530945
0.4918588697910309
0.5684347748756409
0.28995805978775024
0.34391820430755615
0.21467356383800507
0.35854262113571167
0.2902713418006897
0.10687793791294098
0.21889261901378632
0.3280317783355713
0.43047595024108887
0.48265188932418823
0.44746285676956177
0.3939878046512604
0.13357648253440857
0.550033688545227
0.9442375302314758
0.28599199652671814
0.17629556357860565
0.22753854095935822
0.3382946848869324
0.27054351568222046
0.35343730449676514
0.24165956676006317
0.37924641370773315
0.3459460437297821
0.3034006655216217
0.4133567810058594
0.44548922777175903
0.4909917414188385
0.4071922302246094
0.2122412472963333
0.05514993518590927
0.9754651188850403
0.39368554949760437
0.24175438284873962
0.3953727185726166
0.2433716356754303
0.2967683970928192
0.5128172636032104
0.5076786279678345
0.7184301614761353
0.2903464734554291
0.5217430591583252
0.711384654045105
0.8110603094100952
0.19330544769763947
0.3560653030872345
0.08249832689762115
0.7893005609512329
0.2699958086013794
0.6703396439552307
0.8779393434524536
0.4019722044467926
0.5922200083732605
0.8577505350112915
0.45539408922195435
0.49171334505081177
0.40283170342445374
0.29528650641441345
0.3838440775871277
0.15643198788166046
0.682142436504364
0.3998785614967346
0.19150175154209137
0.15331485867500305
0.2764887511730194
0.4855917990207672
0.23460301756858826
0.40526390075683594
0.30454495549201965
0.701919436454773
0.5236796736717224
0.13278640806674957
0.37570586800575256
0.5461764335632324
0.3428211212158203
0.7154457569122314
0.23589198291301727
0.4817647933959961
0.5788320302963257
0.48261579871177673
0.3340223729610443
0.6058318614959717
0.5935660004615784
0.4179960787296295
0.37917158007621765
0.5429905652999878
0.4723866879940033
0.18379631638526917
0.37535959482192993
0.9139556884765625
0.12153474241495132
0.4246754050254822
0.22169002890586853
0.38271433115005493
0.3325067460536957
0.8483104705810547
0.7325921058654785
0.5002169609069824
0.22870266437530518
0.23105645179748535
0.39057737588882446
0.3538654148578644
0.3014923632144928
0.5478711128234863
0.3947489559650421
0.20629402995109558
0.3998381197452545
0.4704774022102356
0.337686687707901
0.5258215069770813
0.24535663425922394
0.27253130078315735
0.5875715613365173
1.0895689725875854
0.13810989260673523
0.48826488852500916
0.45361047983169556
0.29489263892173767
0.4119132459163666
0.3500751256942749
0.3271700143814087
0.3163403272628784
0.5721458196640015
0.39527174830436707
0.1033288985490799
1.0925184488296509
0.469867467880249
0.5632081627845764
0.1327648162841797
0.1756199300289154
0.3800904154777527
0.43364018201828003
0.7746606469154358
0.42120689153671265
0.46077337861061096
0.36728635430336
0.8197405934333801
0.30489546060562134
0.8299111127853394
0.1188870519399643
0.42695823311805725
0.4069789946079254
0.3318759799003601
0.35625743865966797
0.38700464367866516
0.04780801758170128
0.16046439111232758
0.6293919682502747
0.14720341563224792
0.28544366359710693
0.3612728714942932
0.4538210928440094
0.3539888262748718
0.19720911979675293
0.11625639349222183
0.6142202615737915
0.44534969329833984
0.39743611216545105
0.3750721216201782
0.18977749347686768
0.45904994010925293
0.17525196075439453
0.313498318195343
0.8185993432998657
0.3479398190975189
0.38838136196136475
0.7244242429733276
0.672927737236023
0.3420012593269348
0.5844045877456665
0.288096159696579
0.5463533401489258
0.24331223964691162
0.24508018791675568
0.3077324330806732
0.5854545831680298
0.8240319490432739
0.26977449655532837
0.2437581717967987
0.6287052035331726
0.255281001329422
0.31882041692733765
0.2789965569972992
0.20905201137065887
0.6299999952316284
0.596663773059845
0.36837249994277954
0.586791455745697
0.17598450183868408
0.38467761874198914
0.3064078390598297
0.6571903228759766
0.30970481038093567
0.15668609738349915
0.25818678736686707
0.1638154685497284
0.08657963573932648
0.2689814567565918
0.5581849217414856
0.1011551022529602
0.18810389935970306
0.35258927941322327
0.4187024235725403
0.6685957908630371
0.3424169719219208
0.7395772933959961
0.3300536870956421
0.2686637341976166
0.4912092685699463
0.33196502923965454
0.3565318286418915
0.5090283155441284
0.5328400135040283
0.11931717395782471
0.5889631509780884
0.30419260263442993
0.42884665727615356
0.2704060971736908
0.6373583078384399
0.3722471594810486
0.5249900817871094
0.6128079295158386
0.4623669683933258
0.34816235303878784
0.3382625877857208
0.5214766263961792
0.19218318164348602
0.3465915322303772
0.5211535692214966
0.4076371192932129
0.36026424169540405
0.21972529590129852
0.23990245163440704
0.4650612771511078
0.6652293801307678
0.27565157413482666
0.16343463957309723
0.6805871725082397
0.14252786338329315
0.41111254692077637
0.8841605186462402
0.29830026626586914
0.33292248845100403
0.3291214108467102
0.24034056067466736
0.3420596718788147
0.3186362385749817
0.5258116126060486
0.42463216185569763
0.3113771080970764
0.3611190617084503
0.45030927658081055
0.32001498341560364
0.5234792828559875
0.603062093257904
0.44001585245132446
0.15602745115756989
0.23065808415412903
0.614428699016571
0.12821808457374573
0.2716306746006012
0.496096134185791
0.2368069440126419
0.3261778652667999
0.6245682835578918
0.3378123641014099
0.43273210525512695
0.1924954354763031
0.4269786477088928
0.25047194957733154
0.29540693759918213
0.4140089154243469
0.26088041067123413
0.4312513470649719
0.14917996525764465
0.4999930262565613
0.33632662892341614
0.5752180814743042
0.1544078290462494
0.48547202348709106
0.6618579626083374
0.2727738320827484
0.6245554685592651
0.33184927701950073
0.44992274045944214
0.7781287431716919
0.3820330500602722
0.29797112941741943
0.41083836555480957
0.14306029677391052
0.19343352317810059
0.332207053899765
0.37407582998275757
0.44316157698631287
0.3634534478187561
0.179783433675766
0.28131309151649475
0.19924917817115784
0.35085394978523254
0.20388546586036682
0.5000831484794617
0.5437301993370056
0.47287899255752563
0.371038019657135
0.26374074816703796
0.6945742964744568
0.39558321237564087
0.25008323788642883
0.42740193009376526
0.04705362021923065
0.49317699670791626
0.19557467103004456
0.2990444600582123
0.7458466291427612
0.27229493856430054
0.24637338519096375
0.40102726221084595
0.47686243057250977
0.5888310670852661
0.6075261831283569
0.4449632167816162
0.6650750041007996
0.7005366683006287
0.20580773055553436
0.40915021300315857
0.33844661712646484
0.6844557523727417
0.6474012136459351
0.26461100578308105
0.22260916233062744
0.30869999527931213
0.8122159242630005
0.46185803413391113
0.23361662030220032
0.0547100305557251
0.3985009789466858
0.20711538195610046
0.3039551377296448
0.905541718006134
0.5469881892204285
0.43478482961654663
1.2226465940475464
0.6000269055366516
0.11133778095245361
0.387651652097702
0.155278280377388
0.2872928977012634
0.37536922097206116
0.615454912185669
0.10640080273151398
0.18389572203159332
0.6032425761222839
0.36924058198928833
0.3803490102291107
0.18677134811878204
0.4635229706764221
0.4986743927001953
0.30236661434173584
0.23940527439117432
0.24846652150154114
0.8646975755691528
0.36321207880973816
0.4272860884666443
0.36328521370887756
0.24303920567035675
0.6978493928909302
0.3716241419315338
0.19019609689712524
0.27828463912010193
0.274668425321579
0.17222881317138672
0.5909516215324402
0.44426774978637695
0.4639248251914978
0.5245838761329651
0.43567904829978943
0.27943673729896545
0.444916307926178
0.3828388452529907
0.315519779920578
0.536090612411499
0.6590177416801453
0.2530389130115509
0.2792925238609314
0.39354947209358215
0.4917747378349304
0.16293242573738098
0.5278308987617493
0.19065627455711365
0.5880804657936096
0.35190874338150024
0.33304280042648315
0.539732813835144
0.4433320462703705
0.27858036756515503
0.3694011867046356
0.3078550696372986
0.5425254106521606
0.6253002882003784
0.08923036605119705
0.5313702821731567
0.17123636603355408
0.3620893359184265
0.2635762095451355
0.14834541082382202
0.4085257947444916
0.2308942824602127
0.349165141582489
0.29493385553359985
0.21207228302955627
0.1435982882976532
0.4477469325065613
0.16336175799369812
0.4066905975341797
0.46489325165748596
0.9604097604751587
0.4556075632572174
0.4067153036594391
0.16875219345092773
0.4635803699493408
0.507423460483551
0.43567830324172974
0.5838378071784973
0.20119500160217285
0.35008329153060913
0.22189569473266602
0.393291711807251
0.523936927318573
0.564146876335144
0.5395523905754089
0.3226841688156128
0.33519479632377625
0.21863648295402527
0.411372572183609
0.568515419960022
0.46673306822776794
0.22972574830055237
0.20113830268383026
0.41059693694114685
0.3261217474937439
0.5897566676139832
0.5709599256515503
0.7695425748825073
0.21013851463794708
0.617089033126831
0.40281349420547485
0.3151012063026428
0.17569975554943085
0.08789511024951935
0.48158693313598633
0.3162791430950165
0.33834612369537354
0.3725932240486145
0.4994748532772064
0.4304125905036926
0.7774155139923096
0.0608706995844841
0.32001596689224243
0.357485294342041
0.14942243695259094
0.28098708391189575
0.534361720085144
0.4045529365539551
0.3713683784008026
0.15342961251735687
0.09380791336297989
0.19718842208385468
0.3072075843811035
0.22341430187225342
0.4385484755039215
0.24494647979736328
0.23920603096485138
0.24005261063575745
0.3361756205558777
0.46379971504211426
0.275441974401474
0.21214237809181213
0.23944099247455597
0.2758308947086334
0.28535106778144836
0.4408330023288727
0.4623067378997803
0.2255028933286667
0.5005924105644226
0.6518579721450806
0.42517271637916565
0.2656320631504059
0.19220221042633057
0.9314717054367065
0.3353254199028015
0.6697587370872498
0.4419373571872711
0.3266221284866333
0.37185603380203247
0.364177942276001
0.34337127208709717
0.43664437532424927
0.28188037872314453
0.26472100615501404
0.17062917351722717
0.23478364944458008
0.5547963976860046
0.670944333076477
0.4032021164894104
0.35702377557754517
0.3126525282859802
0.23829860985279083
0.5893486738204956
0.18991929292678833
0.2679344415664673
0.21684522926807404
0.36155471205711365
0.28098899126052856
0.30523681640625
0.4003852903842926
0.8355617523193359
0.3264519274234772
0.28917568922042847
0.34395211935043335
0.46889668703079224
0.21863827109336853
0.14902499318122864
0.654457688331604
0.30791372060775757
1.1602327823638916
0.44925588369369507
0.4850480556488037
0.3719645142555237
0.5666949152946472
0.14841637015342712
0.22777919471263885
0.36551034450531006
0.4522570073604584
0.18509355187416077
0.5880436301231384
0.606558084487915
0.16220177710056305
0.2774661183357239
0.33872896432876587
0.2376933991909027
0.2449774295091629
0.33741629123687744
0.26223158836364746
0.1986662745475769
0.5160077810287476
0.15828588604927063
0.1507498025894165
0.4426402449607849
0.5259014368057251
0.39675748348236084
0.3552820682525635
0.25013574957847595
0.3399791419506073
0.2760317027568817
0.4026702344417572
0.12849639356136322
0.3061508238315582
0.8347085118293762
0.7578667402267456
0.4978460371494293
0.3174268901348114
0.3159939646720886
0.2603568434715271
0.23035109043121338
0.28603416681289673
0.22019319236278534
0.12807567417621613
0.20326228439807892
0.8577197194099426
0.2340569794178009
0.3035949766635895
0.36456531286239624
0.5791171789169312
0.5492265224456787
0.21286848187446594
0.5564683675765991
0.2926136553287506
0.3558530807495117
0.033671557903289795
0.49850454926490784
0.6185964345932007
0.21916596591472626
0.22753563523292542
0.3866611123085022
0.4743843972682953
0.2354847937822342
0.4574316442012787
0.15522746741771698
0.3467743992805481
0.1535332053899765
0.5226799249649048
0.6360703706741333
0.4021708369255066
0.7190133333206177
0.3342489004135132
0.5749028921127319
0.7113615870475769
0.45883315801620483
0.2762543857097626
0.1769663393497467
0.4240748882293701
0.16273844242095947
0.619988739490509
0.3579275608062744
0.15517352521419525
0.21114866435527802
0.6317371129989624
0.16659948229789734
0.27552536129951477
0.46275290846824646
0.4132692217826843
0.22200842201709747
0.532787024974823
0.6360889077186584
0.37657225131988525
0.21635648608207703
0.3083464503288269
0.1533208042383194
0.1064288392663002
0.3108142614364624
0.5153214335441589
0.5544124841690063
0.25893908739089966
0.42436009645462036
0.4777604937553406
0.19778743386268616
0.7773603200912476
0.6306805610656738
0.31386932730674744
0.2222394198179245
0.49046754837036133
0.3959483504295349
0.42404142022132874
0.5000156164169312
0.21825821697711945
0.16441962122917175
0.3273673951625824
0.9304543733596802
0.5617797374725342
0.3625430166721344
0.32521384954452515
0.3963077664375305
0.1757681518793106
0.1485835611820221
0.7671166658401489
0.2262357771396637
0.26597172021865845
0.5630688667297363
0.19724713265895844
0.2166481465101242
0.1929643601179123
0.5707180500030518
0.5256142020225525
0.3924044370651245
0.37815046310424805
0.2661684453487396
0.5271859169006348
0.3846691846847534
0.33909159898757935
0.3158612847328186
0.2990338206291199
0.36563318967819214
0.19867075979709625
1.0121418237686157
0.5000385046005249
0.36419111490249634
0.1403639316558838
1.011114239692688
0.07828372716903687
0.29546308517456055
0.5693725943565369
0.20567810535430908
0.5238797068595886
0.34237033128738403
0.1823163777589798
0.5875169634819031
0.47762423753738403
0.305717408657074
0.2133779525756836
0.36740514636039734
0.5979536771774292
0.31582534313201904
0.42813175916671753
0.34760424494743347
0.73392653465271
0.5079628229141235
0.47585123777389526
0.5067039132118225
0.9290000200271606
0.4393196105957031
0.39076143503189087
0.4148424565792084
0.7675709128379822
0.6461830735206604
0.48517361283302307
0.3220065236091614
0.3099272549152374
0.21133597195148468
0.45332708954811096
0.600340723991394
0.1631685495376587
0.36880600452423096
0.7640279531478882
0.25556784868240356
0.5413145422935486
0.3527584671974182
0.3064975440502167
0.17255502939224243
0.3660479187965393
0.5194165706634521
0.31849387288093567
0.17143268883228302
0.30452805757522583
0.29948920011520386
0.33528098464012146
0.5871737003326416
0.42487892508506775
0.6204934120178223
0.49109214544296265
1.042579174041748
0.3777768611907959
0.23443834483623505
0.5070912837982178
0.5277525782585144
0.29678887128829956
0.4194048345088959
0.22817325592041016
0.5876977443695068
0.1655375361442566
0.27470579743385315
0.45873990654945374
0.11580237001180649
0.07288537919521332
0.4321155548095703
0.2572273910045624
0.26138821244239807
0.16465458273887634
0.3173811733722687
0.5023440718650818
0.1469658464193344
0.24156105518341064
0.14313311874866486
0.28942984342575073
0.6386151909828186
0.4907989501953125
0.2148040235042572
0.44171708822250366
0.574181318283081
0.16889290511608124
0.13769645988941193
0.6951580047607422
0.6072098016738892
0.7537611722946167
0.15013030171394348
0.5141183733940125
0.39449363946914673
0.19592750072479248
0.5117663145065308
0.6177443265914917
0.33953365683555603
0.39125317335128784
0.236612007021904
0.7208045721054077
0.3220084309577942
0.1811704933643341
0.41354379057884216
0.08862964808940887
0.20174655318260193
0.25233936309814453
0.9283562898635864
0.2871861159801483
0.2460602968931198
0.1401103287935257
0.8914263844490051
0.3118630349636078
0.6678310632705688
0.5072417855262756
0.28293126821517944
0.4819108545780182
0.2949451804161072
0.2613852620124817
0.2507096827030182
0.14470180869102478
0.36741524934768677
0.4061824381351471
0.28236520290374756
0.5616782307624817
0.2642687261104584
0.41186627745628357
0.5208039879798889
0.3798888027667999
0.1518230438232422
0.2794756293296814
0.23182423412799835
0.22165843844413757
0.5465957522392273
0.41014862060546875
0.5278026461601257
0.48672980070114136
0.2880077064037323
0.41698160767555237
0.6349238157272339
0.26962319016456604
0.19787955284118652
0.23627236485481262
0.18997859954833984
0.3237851858139038
0.18953633308410645
0.23372690379619598
0.09985245764255524
0.26831308007240295
0.0577847957611084
0.31242382526397705
0.4814467430114746
0.4532402455806732
0.24508562684059143
0.44910669326782227
0.4231656491756439
0.6473681926727295
0.18476562201976776
0.26733022928237915
0.48836103081703186
0.19127491116523743
0.37868794798851013
0.3201615810394287
0.7872276306152344
0.4834492802619934
0.13909868896007538
0.48887449502944946
0.3163541257381439
0.13539884984493256
0.3031570315361023
0.38792192935943604
0.6618794202804565
0.39366260170936584
0.5990711450576782
0.17975077033042908
0.264517605304718
0.41520920395851135
0.047515518963336945
0.18793229758739471
0.3296349346637726
0.20311219990253448
0.382219523191452
0.09818493574857712
0.16882149875164032
0.4656808376312256
0.3394949734210968
0.09762950241565704
0.5345383882522583
0.3296367824077606
0.6223125457763672
0.7747479677200317
0.4690370559692383
0.18381264805793762
0.23118117451667786
0.41542038321495056
0.285845547914505
0.2796860337257385
0.37191134691238403
0.32167714834213257
0.18433916568756104
0.3864355683326721
0.6948209404945374
0.21740512549877167
0.3325992226600647
0.15881916880607605
0.29899999499320984
0.23863323032855988
0.279680073261261
0.2872540354728699
0.14782282710075378
0.3791777789592743
0.5263159275054932
0.46372875571250916
0.45334988832473755
0.6776747703552246
0.21672677993774414
0.31439799070358276
0.040113117545843124
0.19018225371837616
0.6438928246498108
0.32091304659843445
0.40879708528518677
0.47043687105178833
0.16185560822486877
0.46073704957962036
0.22670936584472656
0.9165453910827637
0.9627377390861511
0.5030874013900757
0.39087536931037903
0.7026727795600891
0.15435150265693665
0.45536476373672485
0.47190847992897034
0.494332879781723
0.18676571547985077
0.7918158769607544
0.30979087948799133
0.17224720120429993
1.639194130897522
0.24203498661518097
0.4581570625305176
0.47206050157546997
0.6289941072463989
0.32808011770248413
0.22217261791229248
0.3380040228366852
0.3055068254470825
0.18881508708000183
0.6386388540267944
0.6340802907943726
0.4956381916999817
0.3729264438152313
0.61204594373703
0.6343370079994202
0.6903090476989746
0.2930961847305298
0.49572858214378357
0.180876687169075
0.3693282902240753
0.5324279069900513
0.45406150817871094
0.14344194531440735
0.10936145484447479
0.3669581413269043
0.3329373896121979
0.3316844403743744
0.16838723421096802
0.2483610212802887
0.45574766397476196
0.8911086916923523
0.4649578034877777
0.38535377383232117
0.3968330919742584
0.08232464641332626
0.2540201246738434
0.21093881130218506
0.2846887707710266
0.37492790818214417
0.16435442864894867
0.5095270872116089
0.3411578834056854
0.2931704521179199
0.2374393194913864
0.6685923337936401
0.13590237498283386
0.16174212098121643
0.5648199915885925
0.3141307532787323
0.345382422208786
0.4681888520717621
0.38200098276138306
0.924706757068634
0.4944637417793274
0.3180241286754608
0.5947709083557129
0.3041491210460663
0.5127137303352356
0.3131389617919922
0.6981522440910339
0.2464962899684906
0.2503772974014282
0.3077792227268219
0.9138234257698059
0.1956353485584259
0.4221716523170471
0.47878915071487427
0.3935766816139221
0.22921641170978546
0.5366677045822144
0.2504115700721741
0.23187854886054993
0.3311423659324646
0.176539808511734
0.6549912691116333
0.13268212974071503
0.33936232328414917
0.8650764226913452
0.1572885662317276
0.6781748533248901
0.22797784209251404
0.29663538932800293
0.2379484474658966
0.4847782552242279
0.4944392144680023
0.20586936175823212
0.42605096101760864
0.19799193739891052
0.26804473996162415
0.9073292016983032
0.19728313386440277
0.2780408263206482
0.6062344908714294
1.009678602218628
0.4557948112487793
1.077775239944458
0.4492947459220886
0.3168192207813263
0.47952428460121155
0.5694450736045837
0.40448659658432007
0.4436195492744446
0.3015727996826172
0.4780406951904297
0.24704556167125702
0.26920807361602783
0.4730073809623718
0.14606976509094238
0.18073388934135437
0.12815077602863312
0.5406198501586914
0.3476921021938324
0.44417715072631836
1.1027493476867676
0.4379967749118805
0.8815830945968628
0.20275342464447021
0.22718557715415955
0.24273976683616638
0.6572015881538391
0.26357918977737427
0.7483574151992798
0.13074851036071777
0.565534234046936
0.27147990465164185
0.7739520072937012
0.40870732069015503
1.3174562454223633
0.3688885569572449
0.3115614950656891
0.3921632766723633
0.5669718980789185
0.39713090658187866
0.3626222014427185
0.6074049472808838
0.4703519344329834
0.332264244556427
0.517828643321991
0.13647040724754333
1.004217267036438
0.37128880620002747
0.48168402910232544
0.3789465129375458
0.8844326138496399
0.17596299946308136
0.46697306632995605
0.5759187936782837
0.26223763823509216
0.3530084490776062
0.4123196005821228
0.7535332441329956
0.2972169518470764
0.5703157186508179
0.24644756317138672
0.34910744428634644
0.31167659163475037
0.2988768517971039
0.32470595836639404
0.11616282165050507
0.7835924625396729
0.3462393283843994
0.474609911441803
0.5352302193641663
0.25316572189331055
0.42247915267944336
0.613385021686554
0.4804996848106384
0.1797679364681244
0.6152730584144592
0.16429463028907776
0.1808919757604599
0.3824101686477661
0.3271847665309906
0.5327141880989075
0.40213555097579956
0.22183330357074738
0.6792203187942505
0.2237437516450882
0.27457353472709656
0.6550740599632263
0.385483056306839
0.08152663707733154
0.2840159833431244
0.414964497089386
0.26829764246940613
0.25063955783843994
0.2159155160188675
0.18786174058914185
0.3200208246707916
0.37291353940963745
0.5374590158462524
0.4015032649040222
0.33594244718551636
0.2763485312461853
0.34117165207862854
0.5559085607528687
0.25297704339027405
0.5668948292732239
0.3469008803367615
0.4504583775997162
0.27443641424179077
0.3660757541656494
0.2845386564731598
0.12300783395767212
0.3470093905925751
0.32021230459213257
0.5796877145767212
0.6622104048728943
0.4180639684200287
0.4229103922843933
0.3431812822818756
0.38181740045547485
0.4057181775569916
0.35082024335861206
0.5043722987174988
0.10891542583703995
0.9609346389770508
0.43017277121543884
0.9604704976081848
0.2617892920970917
0.393150269985199
0.25437456369400024
0.246369868516922
0.47125330567359924
0.46978235244750977
0.16133904457092285
0.2830362915992737
0.32846584916114807
0.3090161085128784
0.163190558552742
0.18975678086280823
0.2479318380355835
0.6820904612541199
0.24260440468788147
0.17465370893478394
0.6214876770973206
0.17358899116516113
0.2479189932346344
0.4508395791053772
0.42205914855003357
0.28865209221839905
0.7288581132888794
0.3715454936027527
0.32149451971054077
0.3696901798248291
0.44348078966140747
0.3538476526737213
0.3927922248840332
0.276711642742157
0.2087363451719284
0.43072423338890076
0.6432210803031921
0.4268053472042084
0.6303672790527344
0.14707642793655396
0.21087482571601868
0.4482043385505676
0.09960682690143585
0.26876893639564514
0.47780996561050415
0.17254742980003357
0.686843991279602
0.2460872381925583
0.27145105600357056
0.39480262994766235
0.2046252191066742
0.12339900434017181
0.6399654150009155
0.22129814326763153
0.23284634947776794
0.5582782030105591
0.5806794762611389
0.23091745376586914
0.35017603635787964
0.27966466546058655
0.7549349665641785
0.20915226638317108
0.5992776155471802
0.3424977660179138
0.36143094301223755
0.2666729688644409
0.19067642092704773
0.5619246959686279
0.43392467498779297
0.3114258646965027
0.41355958580970764
0.23801012337207794
0.4472202658653259
0.5130764245986938
0.4525165557861328
0.23904316127300262
0.49316471815109253
0.3808380663394928
0.1528134047985077
0.9502531290054321
0.1302666962146759
0.4289446771144867
0.4319426119327545
0.564581036567688
0.139798104763031
0.21371693909168243
0.55640709400177
0.35890501737594604
0.17171794176101685
0.5161035656929016
0.15031889081001282
0.32606035470962524
0.5649553537368774
0.2517050504684448
0.3000344932079315
0.6432217955589294
0.59849613904953
0.3533669114112854
0.6579359173774719
0.2785112261772156
0.6147686243057251
0.17033866047859192
0.9282968640327454
0.481519877910614
0.36081963777542114
0.45984119176864624
0.14368432760238647
0.1797146201133728
0.3543289303779602
0.39652007818222046
0.2141399085521698
0.441986620426178
0.29990893602371216
0.37618809938430786
0.538537859916687
0.8663861155509949
0.22652065753936768
0.22181203961372375
0.21775193512439728
0.2728480398654938
0.4446367621421814
0.5974260568618774
0.18851646780967712
0.49443310499191284
0.4101834297180176
0.4112021327018738
0.11721666157245636
0.6202634572982788
0.25752848386764526
0.14148804545402527
0.2884267270565033
0.30334702134132385
0.18978911638259888
0.5159364342689514
0.35893720388412476
0.7168737649917603
0.2884971499443054
0.9174933433532715
0.3451615571975708
0.2276567667722702
0.10342960059642792
0.5084976553916931
0.20391830801963806
0.3781941533088684
0.2018766701221466
0.46171092987060547
0.41203737258911133
0.399782657623291
0.1525992453098297
0.3991018235683441
0.5470789074897766
0.2027188241481781
0.20707917213439941
0.6083412766456604
0.2283754050731659
0.5544401407241821
0.41933226585388184
0.3881162106990814
0.21482522785663605
0.5687289237976074
0.3079400658607483
0.7193727493286133
0.22557446360588074
0.38112467527389526
0.3809327483177185
0.3692660331726074
0.16946645081043243
0.311916708946228
0.25823092460632324
0.6809027791023254
0.37464720010757446
0.5176569819450378
0.2609790861606598
0.4316527843475342
0.08802789449691772
0.18358193337917328
0.8157985806465149
0.43932801485061646
0.4144356846809387
0.4345293641090393
0.22505995631217957
0.782387912273407
0.2857993245124817
0.19463874399662018
0.18646438419818878
0.283115953207016
0.3936750590801239
0.5710506439208984
0.14158429205417633
0.09286819398403168
0.7997864484786987
0.5283151268959045
0.47485262155532837
0.5996091365814209
0.27566492557525635
0.4231049418449402
0.755332350730896
0.5829291939735413
0.26272889971733093
0.3040669560432434
0.25438612699508667
0.8114737272262573
0.571701169013977
0.2546887993812561
0.3249889016151428
0.37922874093055725
0.14714446663856506
0.4068834185600281
0.3379520773887634
0.6213670969009399
0.33921149373054504
0.5951661467552185
0.1543295979499817
0.4885057508945465
0.2782537341117859
0.5667752027511597
0.3475034236907959
0.25127434730529785
0.15112508833408356
0.30970796942710876
0.4512783885002136
0.3713480830192566
0.7405590415000916
0.25162142515182495
0.1465883105993271
0.4382363259792328
0.3635886311531067
0.13923487067222595
0.3184780180454254
0.24221332371234894
0.872582733631134
0.30319300293922424
0.8312845230102539
0.23876194655895233
0.40084153413772583
0.38808473944664
0.2728130519390106
0.3712967038154602
0.11284492909908295
0.5362882018089294
0.48064786195755005
0.5446323752403259
0.23354408144950867
0.3237932324409485
0.26659053564071655
0.7427799701690674
0.4295348525047302
0.37542515993118286
0.24268381297588348
0.3168885111808777
0.49243050813674927
0.32337528467178345
0.12437866628170013
0.1374255120754242
0.27414101362228394
0.6655243039131165
0.3516106903553009
0.28908488154411316
0.16467419266700745
0.4535350799560547
0.7299495935440063
0.3882037103176117
0.4888170659542084
0.14318189024925232
0.41168418526649475
0.5748517513275146
0.7294062376022339
0.43003854155540466
0.200204536318779
0.47490930557250977
0.3733094036579132
0.11522360891103745
0.2857486605644226
0.14808811247348785
0.5797721743583679
0.3117321729660034
0.190855473279953
0.3162427246570587
0.33545562624931335
0.33700305223464966
0.33625850081443787
0.4452753961086273
0.2597504258155823
0.1817939579486847
0.3460870385169983
0.7132676839828491
0.4229786992073059
0.41311031579971313
0.47165775299072266
0.15925168991088867
0.22366249561309814
0.41073521971702576
0.19460734724998474
0.7524579763412476
0.24531610310077667
0.5394420623779297
0.15886527299880981
0.30194559693336487
0.29084643721580505
0.27120059728622437
0.23231413960456848
0.7414029240608215
0.4520544409751892
0.6688382625579834
0.19822640717029572
0.30088967084884644
0.20607101917266846
0.6046145558357239
0.6122745275497437
0.5486190319061279
0.4118146300315857
0.12111277878284454
0.4318297803401947
0.6746114492416382
0.24147216975688934
0.45195621252059937
0.3985459506511688
0.40675321221351624
0.4548918306827545
0.20173922181129456
0.26058244705200195
0.43936166167259216
0.1606985181570053
0.5484943389892578
0.5686255097389221
0.1734442561864853
0.41883668303489685
0.3125399351119995
0.22259385883808136
0.38835734128952026
0.23458831012248993
0.21445819735527039
0.3003181517124176
0.5772005319595337
0.7310551404953003
0.5853545069694519
0.3043452799320221
1.1871578693389893
0.2534201443195343
0.2231433093547821
0.21860341727733612
0.9172096252441406
0.9151312112808228
0.6400469541549683
0.3266090750694275
0.15248587727546692
0.6220794916152954
0.5607224702835083
0.1864229142665863
0.3181903660297394
0.5876066088676453
0.3767825663089752
0.3864496648311615
0.29809635877609253
0.5121685266494751
0.3950347304344177
0.2680494487285614
0.5220392942428589
0.413262277841568
0.6110070943832397
0.2099575251340866
0.43030834197998047
0.700606644153595
0.5433312654495239
0.3954613208770752
0.15593214333057404
0.4112459719181061
0.2544206976890564
0.16427397727966309
0.5385805368423462
0.2136027067899704
0.5892361402511597
0.4051896035671234
0.3192552924156189
0.34473660588264465
0.5816198587417603
0.29434460401535034
0.3751630187034607
0.2629311680793762
0.9073171615600586
0.21154865622520447
0.4553859233856201
0.3787184953689575
0.5464938879013062
0.28629523515701294
0.6598333120346069
0.5305179953575134
0.5263105630874634
0.27142566442489624
0.5625654458999634
0.35135123133659363
0.21754436194896698
0.6132838726043701
0.31839999556541443
0.3791150450706482
0.26472023129463196
0.600208580493927
0.09743114560842514
0.3092866837978363
0.2556917369365692
0.4142802357673645
0.5216739177703857
0.6211531758308411
0.2294616997241974
0.29922765493392944
0.3827223777770996
0.3765602707862854
0.32678622007369995
0.27849501371383667
0.5097085237503052
0.3875150680541992
0.5554729104042053
0.45196884870529175
0.3060673773288727
0.6101487278938293
0.2776603698730469
0.4003981649875641
0.49387040734291077
0.1881689876317978
0.2207699716091156
0.27934080362319946
0.180057555437088
0.21927687525749207
0.24871671199798584
0.5180442333221436
0.3511565327644348
0.6395326852798462
0.42807501554489136
0.4973328709602356
0.6099179983139038
0.2087516039609909
0.2920336127281189
0.2170199453830719
0.6245547533035278
0.28659141063690186
0.2590140700340271
0.20416419208049774
0.8096868395805359
0.32627207040786743
0.4421026110649109
0.24522843956947327
0.7141944766044617
0.6747439503669739
0.561443567276001
0.12026797235012054
0.20505638420581818
0.1296650469303131
0.3167191445827484
0.3615913391113281
0.39937782287597656
0.39912620186805725
0.2576761841773987
0.3923576772212982
0.40295925736427307
0.63129723072052
0.7914573550224304
0.3247567117214203
0.5075789093971252
0.3583523631095886
0.9805713891983032
0.16387930512428284
0.26799148321151733
0.8790349960327148
0.16230639815330505
0.17955155670642853
0.6132742166519165
0.32423222064971924
0.18055853247642517
0.2634875178337097
0.4573410153388977
0.29198694229125977
0.9263705015182495
0.38689231872558594
0.49634402990341187
0.857830822467804
0.7122677564620972
0.19663238525390625
0.15821783244609833
0.48269128799438477
0.5494624972343445
0.18674108386039734
0.27274197340011597
0.265590101480484
0.32057708501815796
0.4629074037075043
0.23691824078559875
0.16807718575000763
0.30525529384613037
0.20428982377052307
0.15091894567012787
0.4921782910823822
0.37256449460983276
0.25045493245124817
0.2941153645515442
0.2024451047182083
0.3755025863647461
0.4535347521305084
0.32434961199760437
0.49247345328330994
0.10091888904571533
0.1485297828912735
0.46673154830932617
0.206185981631279
0.46904128789901733
0.3754270076751709
0.18449917435646057
0.3023938834667206
0.2340071201324463
0.7490438222885132
0.3190891444683075
0.4191039502620697
0.4278604984283447
0.5690544843673706
0.08104395121335983
0.4595171809196472
0.181319460272789
0.07144014537334442
0.33484241366386414
0.2510946989059448
0.23330099880695343
0.5173659920692444
0.2388702929019928
0.49531951546669006
0.2049943506717682
0.4936130940914154
0.2550881505012512
0.3027733564376831
0.5904127359390259
0.5603374242782593
0.3403044641017914
0.22387194633483887
0.2689197063446045
0.46527689695358276
0.7627782225608826
0.39510780572891235
0.6448089480400085
0.3610583245754242
0.20804908871650696
0.386277437210083
0.1515035182237625
0.12456502765417099
0.34441274404525757
0.4102296233177185
0.4718167185783386
0.33327633142471313
0.2567814886569977
0.2624875605106354
0.4688917100429535
0.19487978518009186
0.5453730821609497
0.11500612646341324
0.20452800393104553
0.26850858330726624
0.549039363861084
0.1985941231250763
0.23267142474651337
0.1594052016735077
0.17774298787117004
0.5580907464027405
0.1309882551431656
0.25957921147346497
0.3597413897514343
0.7254189252853394
0.36247342824935913
0.24075433611869812
0.30389055609703064
0.5117813348770142
0.4639316201210022
0.21754881739616394
0.3372609615325928
0.2561264634132385
0.2359776794910431
0.1575165092945099
0.578035831451416
0.5445405840873718
0.10408805310726166
0.32143524289131165
0.4296231269836426
0.2600597143173218
0.9488390684127808
0.4094357490539551
0.921465277671814
0.5030797719955444
0.15682916343212128
0.2150326669216156
0.1508108228445053
0.2707853317260742
0.25445184111595154
0.3250344395637512
0.6345681548118591
0.398427277803421
0.2748316824436188
0.28634577989578247
0.30627885460853577
0.9239557981491089
0.6778956651687622
0.5915507674217224
0.7083741426467896
0.6395207643508911
0.32374972105026245
0.27435553073883057
0.35974493622779846
0.2855497896671295
0.4213711619377136
0.47616666555404663
0.3019334673881531
0.24379611015319824
0.3728359341621399
0.4253285527229309
0.4788079261779785
0.354083389043808
0.4961731433868408
0.3789186179637909
0.579990804195404
0.4096592962741852
0.32022929191589355
0.2795862853527069
0.25170695781707764
0.1641232967376709
0.33459991216659546
0.32083210349082947
0.17178860306739807
0.6649068593978882
0.327157586812973
0.26851239800453186
0.2491643875837326
0.43825674057006836
0.12088234722614288
0.4084630012512207
1.0152740478515625
0.47837990522384644
0.7337705492973328
0.3134402632713318
0.13635024428367615
0.5127701163291931
0.4324426054954529
0.23157140612602234
0.2065422236919403
0.650962233543396
0.48498886823654175
0.28085198998451233
0.38140368461608887
0.08683241903781891
0.37753912806510925
0.38869011402130127
0.2254284918308258
0.5411345958709717
0.3466293513774872
0.292036235332489
0.22188596427440643
0.1618782877922058
0.6556155681610107
0.4745613634586334
0.48375454545021057
0.38391953706741333
0.29876118898391724
0.3464665710926056
0.7605723738670349
0.2491687536239624
0.6366726160049438
0.3707769513130188
0.2632652223110199
0.3207263648509979
0.33687683939933777
0.3310403823852539
0.09174443781375885
0.5161017775535583
0.5382082462310791
0.19752447307109833
0.42189860343933105
0.4798920750617981
0.3978976607322693
0.18591466546058655
0.35081544518470764
0.22799070179462433
0.48057904839515686
0.7436858415603638
0.3954605162143707
0.33200258016586304
0.38693472743034363
0.1292579174041748
0.9405231475830078
0.4955345690250397
0.31949469447135925
0.3377695083618164
0.49532240629196167
0.19138410687446594
0.2936384081840515
0.38700243830680847
0.5877764225006104
0.3905143737792969
0.5774134397506714
0.09092862159013748
0.4341379702091217
0.8339366912841797
0.2634564936161041
0.21705837547779083
0.33621111512184143
0.37745189666748047
0.24821260571479797
0.25756677985191345
0.2773180902004242
0.37497007846832275
0.7019982933998108
0.2211119830608368
0.07353255897760391
0.1738249510526657
0.8191413879394531
0.35234934091567993
0.2524503469467163
0.255650132894516
0.6768683195114136
0.9138363003730774
0.8231282234191895
0.2792392671108246
0.2762582004070282
0.29656925797462463
0.32631319761276245
0.3608383238315582
0.24177734553813934
0.5850554704666138
0.7817801833152771
0.3885453939437866
0.4232635498046875
0.38442689180374146
0.8397952318191528
0.6869820952415466
0.37584438920021057
0.632375180721283
0.26057350635528564
0.43119993805885315
0.5655980110168457
0.2630815804004669
0.8370502591133118
0.24371500313282013
0.3821655213832855
0.2699005603790283
0.23408977687358856
0.3002423942089081
0.4439728260040283
0.2138291299343109
0.3167901337146759
0.25450363755226135
0.30860376358032227
0.8199101686477661
0.3155040442943573
0.544895350933075
0.2891386151313782
0.16399191319942474
0.2555635869503021
0.2694393992424011
0.5655220746994019
0.42179688811302185
0.38247260451316833
0.5017844438552856
0.35675039887428284
0.4777025580406189
0.37692928314208984
0.7306967973709106
0.34816157817840576
0.5954567790031433
0.6947406530380249
0.3006346523761749
0.14880013465881348
0.3229021430015564
0.6055335402488708
0.43469443917274475
0.28452491760253906
0.5140126943588257
0.32596030831336975
0.31201493740081787
0.484701931476593
0.2400272637605667
0.532621443271637
0.5145951509475708
0.3515703082084656
0.29903846979141235
0.3094286322593689
0.22591909766197205
0.6211953163146973
0.692150890827179
0.2735024094581604
0.4731554388999939
0.42076191306114197
0.5641632676124573
0.1825661063194275
0.19562989473342896
0.39919790625572205
0.3001742959022522
1.2859094142913818
0.4852686822414398
0.43464475870132446
0.4089283049106598
0.29848116636276245
0.734396755695343
0.399832159280777
0.42426562309265137
0.5061397552490234
0.1941148340702057
0.28904610872268677
0.6841027140617371
0.6504371762275696
0.2873227000236511
0.24405977129936218
0.35275930166244507
0.7061259746551514
0.6100975275039673
0.4803107678890228
0.3164370059967041
0.38218504190444946
0.4431307911872864
0.4217923581600189
0.3630204498767853
0.4663538336753845
0.3451603055000305
0.19482730329036713
0.6006760001182556
0.3833997845649719
0.5868685245513916
0.08408194780349731
0.6659520268440247
0.7481076717376709
0.5693013072013855
0.9385263323783875
0.4721046984195709
0.30480679869651794
0.47382956743240356
0.4621565341949463
0.28468090295791626
0.13111646473407745
0.5173381567001343
0.3067701458930969
0.18220506608486176
0.4969565272331238
0.24413104355335236
0.3849359452724457
0.35641345381736755
0.534648597240448
0.7490275502204895
0.3370903432369232
0.4065326154232025
0.3236018717288971
0.35332369804382324
0.14384032785892487
0.6257691979408264
0.43664994835853577
0.7532737255096436
0.3420945703983307
0.19675496220588684
0.28474244475364685
0.20124749839305878
0.10517457872629166
0.2825530171394348
0.2321581095457077
0.24018588662147522
0.29274827241897583
0.16738924384117126
0.460399329662323
0.27780842781066895
0.4942588806152344
0.40642452239990234
0.27361050248146057
0.7037943601608276
0.41286057233810425
0.30776992440223694
0.4944068491458893
0.16062064468860626
0.4494483470916748
0.3551787734031677
0.5577927827835083
0.43314194679260254
0.16564887762069702
0.3360357880592346
0.5226826667785645
0.30277127027511597
0.45788711309432983
0.08657684177160263
0.40296512842178345
0.6834587454795837
0.24307480454444885
0.5459350347518921
0.6216670274734497
0.21196651458740234
0.528853714466095
0.38205426931381226
0.2437722235918045
0.20640477538108826
0.4230300784111023
0.3369904160499573
0.3079797923564911
0.30935782194137573
0.637126088142395
0.4113704562187195
0.313304603099823
0.29314079880714417
0.30878621339797974
0.24215583503246307
0.36652836203575134
0.5532106161117554
0.17825496196746826
0.4465625286102295
0.07754100859165192
0.49671274423599243
0.8121389150619507
0.2945942282676697
0.25966396927833557
0.27384844422340393
0.35922062397003174
0.17741648852825165
0.3609720766544342
0.29814743995666504
0.44678717851638794
0.3376106321811676
0.31427618861198425
0.31950265169143677
0.45165467262268066
0.11686183512210846
0.4648979604244232
0.4441184103488922
0.35596853494644165
0.3854690492153168
0.5273188352584839
0.257442831993103
0.6420610547065735
0.31006723642349243
0.5792725682258606
0.28069934248924255
0.4753704071044922
0.10733045637607574
0.3549129366874695
0.5518966913223267
0.6279337406158447
0.33722975850105286
0.07932762056589127
0.25653472542762756
0.2791332006454468
0.17300337553024292
0.44165682792663574
0.6963325142860413
0.4017501771450043
0.11959747225046158
0.41187047958374023
0.24936728179454803
0.3282844126224518
0.6824666261672974
0.31131207942962646
0.29629334807395935
0.3509994149208069
0.29460930824279785
0.7015120983123779
0.4869615435600281
0.33581840991973877
0.3945131301879883
0.8710811734199524
0.6899829506874084
0.28686460852622986
0.9091464877128601
0.13021494448184967
0.15964685380458832
0.4402539134025574
0.3558439612388611
0.3970438838005066
0.22220003604888916
0.44250768423080444
0.06775511801242828
0.42488980293273926
0.23919515311717987
0.1808091551065445
0.23479998111724854
0.3818722069263458
0.33030563592910767
0.5938060879707336
0.10450861603021622
0.31725960969924927
0.1991468369960785
0.42547088861465454
0.5097116231918335
0.357740581035614
0.3665248453617096
0.07198674231767654
0.42588990926742554
0.3652478754520416
0.27638283371925354
0.7021803259849548
0.20853057503700256
0.40912026166915894
0.18220795691013336
0.23496489226818085
0.09593173861503601
0.4508461356163025
0.402092307806015
0.38082197308540344
0.3037872910499573
0.1315477341413498
0.30373769998550415
0.39366471767425537
0.49142545461654663
0.5273393392562866
0.27886733412742615
0.21182307600975037
0.7212189435958862
0.4463401436805725
0.33739182353019714
0.25399523973464966
0.21714432537555695
1.0410879850387573
0.36991971731185913
0.36594825983047485
0.26983851194381714
0.29022520780563354
0.2440120428800583
0.423677533864975
0.7049862146377563
0.6135419011116028
0.2663944363594055
0.2085249423980713
0.8029744029045105
0.4495887756347656
0.7918503880500793
0.3747030794620514
0.5148236155509949
0.16987654566764832
0.445762574672699
0.31351035833358765
0.27740731835365295
0.48321279883384705
0.4453189969062805
0.14618082344532013
0.42767414450645447
0.35879233479499817
0.2602359652519226
0.38827329874038696
0.17312926054000854
0.7374178171157837
0.6935549974441528
0.19601991772651672
0.28668898344039917
0.26016753911972046
0.32433268427848816
0.3042203485965729
0.5288213491439819
0.24779196083545685
0.3589589595794678
0.14097535610198975
0.558171808719635
0.159022256731987
0.37003201246261597
0.29972097277641296
0.3109360635280609
0.14180973172187805
0.3421577215194702
0.23594646155834198
0.17917370796203613
0.3979571461677551
0.3797634243965149
0.6101840734481812
0.2414393424987793
0.1459392011165619
0.4518353343009949
0.26023203134536743
1.1923304796218872
0.4379444718360901
0.6090711951255798
0.24903841316699982
0.3093632161617279
0.4763406813144684
0.16471470892429352
0.29019367694854736
0.4179927706718445
0.4545331597328186
0.3992759585380554
0.26685893535614014
0.37958768010139465
0.4445717930793762
0.8274030685424805
0.14897426962852478
0.1539682000875473
0.5996220111846924
0.38288232684135437
0.7313865423202515
0.47151660919189453
0.4894769787788391
0.09733850508928299
0.7348889112472534
0.2294449806213379
0.2146793156862259
0.2984204590320587
0.04385368153452873
0.24490156769752502
0.16743575036525726
0.3522057831287384
0.391498863697052
0.18108433485031128
0.23732534050941467
0.4635215699672699
0.36834993958473206
0.3028821647167206
0.24899747967720032
0.20579051971435547
0.3214324116706848
0.1667678952217102
0.24764060974121094
0.21995875239372253
0.12509575486183167
0.8252825736999512
0.49416691064834595
0.7990772128105164
0.361278772354126
0.2158541977405548
0.490276038646698
0.6843045949935913
0.6661636233329773
0.3572436571121216
0.748358428478241
0.17570938169956207
0.22206099331378937
0.3568492531776428
0.3497326076030731
0.0900690108537674
0.32472771406173706
0.4005414843559265
0.5476218461990356
0.3912196159362793
0.8212951421737671
0.32633689045906067
0.38315755128860474
0.4463723301887512
0.6691133975982666
0.4789641499519348
0.21980217099189758
0.5996049642562866
0.4163932204246521
0.09266027808189392
0.23583564162254333
0.33421561121940613
0.4071849286556244
0.46214884519577026
0.24873840808868408
0.28750211000442505
0.784976601600647
0.2626116871833801
0.39920252561569214
0.5253847241401672
0.31773489713668823
0.42499494552612305
0.6826263070106506
0.26304978132247925
0.4104345738887787
0.18994379043579102
0.6011356115341187
0.49707984924316406
0.7855870723724365
0.3843443989753723
0.6454284191131592
0.1991737186908722
0.34256723523139954
0.7054368257522583
0.2590045928955078
0.2861294746398926
0.7997662425041199
0.30066147446632385
0.4366333484649658
0.26585328578948975
0.38364681601524353
0.6895058751106262
0.3448156714439392
0.34824928641319275
0.18370109796524048
0.5721262693405151
0.3299270570278168
0.6390138268470764
0.10225828737020493
0.41726917028427124
0.28792625665664673
0.12631502747535706
0.35219502449035645
0.32620471715927124
0.3042532503604889
0.5265312194824219
0.2141755372285843
0.2877712845802307
0.2729644179344177
0.2529448866844177
0.13221858441829681
0.3576410412788391
0.5729269981384277
0.20970693230628967
0.5674135684967041
0.5375036001205444
0.5697702765464783
0.20657548308372498
0.14038732647895813
0.4584008753299713
0.12329777330160141
0.4991629719734192
0.07428725063800812
0.44068875908851624
0.18591386079788208
0.37456005811691284
0.42725858092308044
0.3856900632381439
0.3519495129585266
0.407722532749176
0.24696402251720428
0.5493343472480774
0.5419329404830933
0.4738454818725586
0.489887535572052
0.5038134455680847
0.5369160771369934
0.19981712102890015
0.4605979323387146
0.4514433741569519
0.07391324639320374
0.7933216691017151
0.3162706196308136
0.8198188543319702
0.2051243782043457
0.28934359550476074
0.4809269905090332
0.25493812561035156
0.33614733815193176
0.0862133726477623
0.42866024374961853
0.5085654258728027
0.2746443450450897
0.5522798299789429
0.34794360399246216
0.41063523292541504
0.36884528398513794
0.23765084147453308
0.5467169284820557
0.18799203634262085
0.42954063415527344
0.4896163046360016
0.6785970330238342
0.5233573317527771
0.1874789297580719
0.40267810225486755
0.31836435198783875
0.43428105115890503
0.4784202575683594
0.27377811074256897
0.7103661298751831
0.40180954337120056
0.37478259205818176
0.3863532841205597
0.33159536123275757
0.1728309541940689
0.4129049777984619
0.4059324264526367
0.41180625557899475
0.4077005982398987
0.18202422559261322
0.46792760491371155
0.37220147252082825
0.5001490116119385
0.5221747756004333
0.5508819818496704
0.3993464410305023
0.3023875057697296
0.27867335081100464
0.47816187143325806
0.283965528011322
0.5450487732887268
0.6326227784156799
0.3183651864528656
0.3238528370857239
0.2273300141096115
0.1284903585910797
0.3851777911186218
0.5534133315086365
0.6395465731620789
0.5017632246017456
0.5388280749320984
0.7484747171401978
0.6079880595207214
0.32562634348869324
0.35125356912612915
0.3770747482776642
0.25884780287742615
0.13518759608268738
0.3170958161354065
0.29225826263427734
0.2477993220090866
0.32647472620010376
0.2317255735397339
0.3748624920845032
0.6127645969390869
0.3447955250740051
0.9172666668891907
0.66844242811203
0.9583447575569153
0.4034905433654785
0.2994787395000458
0.32081595063209534
0.19822752475738525
0.6989480257034302
0.23954129219055176
0.5152507424354553
0.7291646599769592
0.0464969202876091
0.26410582661628723
0.34581658244132996
0.5162011384963989
0.1935289204120636
0.4329296052455902
0.43302029371261597
0.28765374422073364
0.34962236881256104
0.19094887375831604
0.4879688620567322
0.22445237636566162
0.34714388847351074
0.34076422452926636
0.2721523642539978
0.439202219247818
0.33770352602005005
0.37335583567619324
0.23242588341236115
0.24616865813732147
0.5091491341590881
0.08949874341487885
0.21909034252166748
0.18618619441986084
0.26483744382858276
0.24704155325889587
0.42028895020484924
0.10852525383234024
0.1512320339679718
0.2193472683429718
0.3167322278022766
0.1366817057132721
0.448536217212677
0.33156245946884155
0.24422438442707062
0.3599240183830261
0.2720065712928772
0.15360255539417267
0.16157004237174988
0.4213072657585144
0.5062002539634705
0.303609162569046
0.30673256516456604
0.44689637422561646
0.0889594554901123
0.2703000605106354
0.44125956296920776
0.6505194306373596
0.5981051325798035
0.34095242619514465
0.5166240930557251
0.7487611770629883
0.3941819667816162
0.40246304869651794
0.3770596385002136
0.396494597196579
0.5324082970619202
0.7653336524963379
0.3858316242694855
0.5473079681396484
0.21650871634483337
0.6925093531608582
0.6043480634689331
0.5554949045181274
0.2932523488998413
0.8893033266067505
0.5581321120262146
0.7455765008926392
0.17182669043540955
0.4493812024593353
0.4791050851345062
0.1552116572856903
0.43963637948036194
0.39130496978759766
0.6401075720787048
0.22099971771240234
0.3649831712245941
0.30983442068099976
0.3514100909233093
0.6030899286270142
0.3804652690887451
0.2031841278076172
0.38992244005203247
0.7083578705787659
0.2444494515657425
0.1350991576910019
0.4547651708126068
0.3355664610862732
0.4051145017147064
0.20648828148841858
0.4016697406768799
0.3835833668708801
0.36868807673454285
0.23342593014240265
0.4362907409667969
0.37609389424324036
0.10738305747509003
0.5461828708648682
0.4908848702907562
0.6413143873214722
0.3485890030860901
0.40427955985069275
0.27853432297706604
0.48843106627464294
0.30504879355430603
0.34737327694892883
0.42706990242004395
0.3879036009311676
0.6949556469917297
0.3725375235080719
0.2770204544067383
0.18604221940040588
0.5137273073196411
0.21413636207580566
0.32390308380126953
0.1963270604610443
0.4128042757511139
0.5527254343032837
0.42961281538009644
0.5663579702377319
0.12905114889144897
0.3844894766807556
0.12076006829738617
0.2291221171617508
0.3610204756259918
0.38100582361221313
0.708450198173523
0.32471948862075806
0.4915543496608734
0.15147192776203156
0.38211867213249207
0.41009044647216797
0.26968955993652344
0.21648578345775604
0.20505377650260925
0.4879852831363678
0.271061509847641
0.33596551418304443
0.40130215883255005
0.5202940106391907
0.07642029970884323
0.2709135413169861
0.5220344066619873
0.48336106538772583
0.45415765047073364
0.4817501902580261
0.4183444380760193
0.21056315302848816
0.14435826241970062
0.4801538586616516
0.37023720145225525
0.1652517318725586
0.4313952326774597
0.3307015001773834
0.43187054991722107
0.5956016778945923
0.42544421553611755
0.3036714196205139
0.20846876502037048
0.3570837080478668
0.7586227655410767
0.2406337708234787
0.38901403546333313
0.3779708743095398
0.2567526698112488
0.3294387757778168
0.5545055866241455
0.31372880935668945
0.40264225006103516
0.2843518853187561
0.42613163590431213
0.44759806990623474
0.18441621959209442
0.2869687080383301
0.2095930278301239
0.7213845252990723
0.3819785714149475
0.30768322944641113
0.6667965054512024
0.8133694529533386
0.2111976146697998
0.27180856466293335
0.5071071982383728
0.4761480391025543
0.3566203713417053
0.3169689476490021
0.12683236598968506
0.24928943812847137
0.4687875807285309
0.5983883142471313
0.4075813293457031
0.4805598258972168
0.253302663564682
0.47621679306030273
0.4180787205696106
0.44960346817970276
0.31931909918785095
0.36522790789604187
0.37693679332733154
0.303236722946167
0.14808084070682526
0.5929325819015503
0.43147405982017517
0.23411767184734344
0.36146846413612366
0.3114507496356964
0.4568675458431244
0.5168389081954956
0.4063352048397064
0.39164525270462036
0.3703977167606354
0.6255307197570801
0.35150355100631714
0.18713219463825226
0.3298681974411011
0.4580842852592468
0.2522931694984436
0.31750497221946716
0.10334429889917374
0.5680803060531616
0.4533144533634186
0.6168773770332336
0.32209378480911255
0.584716796875
0.44570714235305786
0.3653726577758789
0.35187703371047974
0.6257104277610779
0.20365945994853973
0.34741324186325073
0.4128588140010834
0.29848307371139526
0.3723401725292206
0.4537482261657715
0.49718642234802246
0.2994162440299988
0.24893128871917725
0.26026755571365356
0.7579442262649536
0.6545933485031128
1.1414998769760132
0.4658493995666504
0.25059208273887634
0.6729303002357483
0.21933555603027344
0.42201414704322815
0.49127283692359924
0.17251981794834137
0.5089113116264343
0.29664725065231323
0.3974032998085022
0.3333066999912262
0.2186661958694458
0.30888140201568604
0.1901988834142685
0.38180166482925415
0.4605032801628113
0.13038784265518188
0.5884875059127808
0.07180400937795639
0.26686424016952515
0.12236751616001129
0.2302425652742386
0.6203780770301819
0.3291710317134857
0.29215526580810547
0.40692242980003357
0.7097522616386414
0.25808125734329224
0.5448039174079895
0.3430057168006897
0.5730749368667603
0.556210994720459
0.4016440510749817
0.31807124614715576
0.43155521154403687
0.38432562351226807
0.4767983853816986
0.2644459307193756
0.17225617170333862
0.22235402464866638
0.5494374632835388
0.2488521784543991
1.1515607833862305
0.39085280895233154
0.48500046133995056
0.37714213132858276
0.7724167108535767
0.4128221571445465
0.14188840985298157
0.42027777433395386
0.17579452693462372
0.3239087462425232
0.19557812809944153
0.27859023213386536
0.25060081481933594
0.26733389496803284
0.2666245400905609
0.15444804728031158
0.39199256896972656
0.3880738615989685
0.11182759702205658
0.255767285823822
0.10732267796993256
0.37758415937423706
0.5471549034118652
0.3726136386394501
0.5797878503799438
0.40383630990982056
0.4305211007595062
0.4219159185886383
0.2827857732772827
0.2677667737007141
0.49152272939682007
0.278592050075531
0.3871693015098572
0.4150787889957428
0.4117201268672943
0.5805762410163879
0.15090392529964447
0.15038350224494934
0.3902159333229065
0.5685632824897766
0.26856136322021484
0.1679133176803589
0.5007821321487427
0.22460445761680603
0.5815674066543579
0.3328697681427002
0.29709693789482117
0.5692707300186157
0.26817548274993896
0.3335631787776947
0.7388457655906677
0.15662452578544617
0.5859773755073547
0.28778043389320374
0.207894966006279
0.562939465045929
0.2551814615726471
0.3161691427230835
0.7256869077682495
0.1326378583908081
0.1497918665409088
0.14590993523597717
0.2584277391433716
0.8054741621017456
0.5674313306808472
0.1970699429512024
0.16845856606960297
0.266246497631073
0.3300108015537262
0.7507997751235962
0.3356906771659851
0.30093908309936523
0.1576997935771942
0.1996542364358902
0.6260309815406799
0.3066450357437134
0.34627848863601685
0.40019822120666504
0.1068006157875061
0.23273316025733948
0.5582121014595032
0.4398782253265381
0.49604135751724243
0.6725673675537109
0.4665275514125824
0.3526928424835205
0.07969667762517929
0.1694759875535965
0.8715885281562805
0.4397471845149994
0.3311462104320526
0.6248483657836914
0.4013853669166565
0.14058730006217957
0.33279114961624146
0.5767139196395874
0.3946652412414551
0.35261547565460205
0.20503930747509003
0.6813490986824036
0.22814126312732697
0.32897186279296875
0.17579102516174316
0.6472986936569214
0.7558726072311401
0.7996119260787964
0.7035037875175476
0.21572759747505188
0.23625151813030243
0.2505321204662323
0.244228333234787
0.31898051500320435
0.4111155569553375
0.20918194949626923
0.30494552850723267
0.4356802999973297
0.3531768321990967
0.1823023110628128
0.7061803936958313
0.705715537071228
0.22154109179973602
0.729035496711731
0.34852394461631775
0.44638246297836304
0.331460177898407
0.3259762227535248
0.8700922727584839
0.23970970511436462
0.2655008137226105
0.3871380388736725
0.32972514629364014
0.6159670352935791
0.5462575554847717
0.47739702463150024
0.2680659592151642
0.5675545334815979
0.35974523425102234
0.21227414906024933
0.2558678984642029
0.11955440044403076
0.5031894445419312
0.36641889810562134
0.3543095886707306
0.23064208030700684
0.5643107295036316
0.21660256385803223
0.27646204829216003
0.28507930040359497
0.6757373809814453
0.7161973714828491
0.1725105345249176
0.4009200930595398
0.3930708169937134
0.17188450694084167
0.2211768627166748
0.42401623725891113
0.4704683721065521
0.16203919053077698
0.35554540157318115
0.29100292921066284
0.3235454857349396
0.23618841171264648
0.21953311562538147
0.2263486087322235
0.2502751052379608
0.26473718881607056
0.25226902961730957
0.7340882420539856
0.6567047834396362
0.20681670308113098
0.2553479075431824
0.3246455192565918
0.3243710994720459
0.524828314781189
0.31050464510917664
0.42064228653907776
0.20737016201019287
0.1812739372253418
0.1374870240688324
0.8725611567497253
0.5163770914077759
0.6933647394180298
0.45790863037109375
0.4196237027645111
0.43899136781692505
0.4235357344150543
0.3744644522666931
0.2111017405986786
0.6620892286300659
0.39617443084716797
0.5686315894126892
0.6556848287582397
0.6151909828186035
0.5615085363388062
0.29111334681510925
0.32060709595680237
0.2951073944568634
0.18859022855758667
0.2839088439941406
0.40028485655784607
0.3235889971256256
0.37630757689476013
0.2930970788002014
0.4017673432826996
0.19675877690315247
0.24118001759052277
0.519795298576355
0.33641308546066284
0.5875192880630493
0.4698512554168701
0.37616243958473206
0.4127604067325592
0.3576028048992157
0.44620800018310547
0.5502647161483765
0.530048668384552
0.26558247208595276
0.695563793182373
0.42044100165367126
0.3902357816696167
0.5525360107421875
0.3507237434387207
0.5173748731613159
0.28987711668014526
0.19433583319187164
0.5242591500282288
0.3237529695034027
0.5260446667671204
0.5249921083450317
0.41160401701927185
0.2144348919391632
0.19764086604118347
0.16434523463249207
0.6604136228561401
0.3867904245853424
0.57102370262146
0.3466108441352844
0.19282224774360657
0.5672184228897095
0.18032197654247284
0.2616336941719055
0.35514846444129944
0.42137521505355835
0.2927479147911072
0.13356664776802063
0.2686687409877777
0.6136181354522705
0.309792160987854
0.5286291241645813
0.603408694267273
0.19900672137737274
0.35124626755714417
0.5768331289291382
0.34830474853515625
1.00821053981781
0.43867596983909607
0.310240775346756
0.2330738753080368
0.4006730020046234
0.43875637650489807
0.8542330861091614
0.488142728805542
0.30058711767196655
0.30933448672294617
0.28533926606178284
0.6136473417282104
0.2860143780708313
0.3048638701438904
0.6220532655715942
0.31048423051834106
0.050710588693618774
0.37949705123901367
0.12496387958526611
0.6014556884765625
0.16511687636375427
0.4591929316520691
0.4331939220428467
0.3070555329322815
0.16668957471847534
0.9346834421157837
0.2159990519285202
0.2755197584629059
0.31140559911727905
0.5119515657424927
0.32495051622390747
0.555666446685791
0.2783309817314148
0.22302143275737762
0.55614173412323
0.20990018546581268
0.5866847038269043
0.34479814767837524
0.2507086396217346
0.37967774271965027
0.24110226333141327
0.4687357544898987
0.3374413549900055
0.49299535155296326
0.5646796226501465
0.2789537310600281
0.34315556287765503
0.21694321930408478
0.36111563444137573
0.2881329655647278
0.10850352048873901
0.22079849243164062
0.33092090487480164
0.4257967472076416
0.48241424560546875
0.4428444802761078
0.3905276656150818
0.12923970818519592
0.4801769256591797
0.9344474673271179
0.285714715719223
0.17057347297668457
0.2216780185699463
0.34774667024612427
0.27215084433555603
0.3489258885383606
0.23410764336585999
0.3708101212978363
0.33355340361595154
0.31653136014938354
0.4081555902957916
0.43898874521255493
0.49070748686790466
0.4010472297668457
0.20232169330120087
0.05865798518061638
0.9594562649726868
0.39865466952323914
0.23561778664588928
0.3904727101325989
0.2390482872724533
0.30225110054016113
0.5068293809890747
0.5041497945785522
0.7276541590690613
0.2935360074043274
0.5503472089767456
0.6790492534637451
0.8125842213630676
0.20112848281860352
0.3476485311985016
0.10067013651132584
0.7951899766921997
0.2751142680644989
0.664070188999176
0.8664730787277222
0.4091171622276306
0.5740616917610168
0.8391042947769165
0.4532480835914612
0.49999719858169556
0.38902148604393005
0.29406681656837463
0.371778666973114
0.15655860304832458
0.6715589761734009
0.4006257653236389
0.19342121481895447
0.15011894702911377
0.2694231867790222
0.485373318195343
0.2286706268787384
0.40274906158447266
0.3043431341648102
0.7046815156936646
0.5254130959510803
0.13085472583770752
0.3725091218948364
0.5458976030349731
0.30181536078453064
0.7188750505447388
0.23573443293571472
0.48132818937301636
0.5790263414382935
0.47753453254699707
0.33646801114082336
0.6066042184829712
0.5864418148994446
0.43686971068382263
0.3736969232559204
0.5311391949653625
0.4724106788635254
0.18694017827510834
0.3657875061035156
0.9273079037666321
0.10991547256708145
0.44060611724853516
0.2391233891248703
0.38400501012802124
0.3276130259037018
0.8336291313171387
0.7265872359275818
0.490590900182724
0.22625036537647247
0.23224666714668274
0.38658541440963745
0.3527863621711731
0.30304375290870667
0.5406275391578674
0.38859549164772034
0.18894298374652863
0.39345234632492065
0.4737647473812103
0.3354293704032898
0.5228482484817505
0.24844786524772644
0.2691808342933655
0.6040247678756714
1.0898195505142212
0.1401910036802292
0.48675981163978577
0.44927096366882324
0.2904152274131775
0.4089714586734772
0.34835702180862427
0.32376348972320557
0.31349340081214905
0.5615821480751038
0.38979896903038025
0.10299596935510635
1.1103874444961548
0.47145137190818787
0.5616182088851929
0.1328953206539154
0.17030379176139832
0.37956899404525757
0.4293946623802185
0.7744187116622925
0.4165962338447571
0.46954458951950073
0.3650047183036804
0.8170814514160156
0.3027535676956177
0.8068938255310059
0.24089284241199493
0.42757415771484375
0.38904866576194763
0.3387739062309265
0.3467359244823456
0.3812093138694763
0.04670167714357376
0.15712378919124603
0.6594129800796509
0.14500299096107483
0.27319562435150146
0.35975509881973267
0.46569451689720154
0.3616502285003662
0.2142390012741089
0.1426936537027359
0.6248942613601685
0.45542868971824646
0.3848102390766144
0.36875641345977783
0.19319653511047363
0.4578550457954407
0.17367401719093323
0.3303139805793762
0.8025801777839661
0.34393730759620667
0.3984653055667877
0.7416089773178101
0.6941031813621521
0.3532869219779968
0.5930958390235901
0.2837013602256775
0.5427567362785339
0.24109193682670593
0.2450222223997116
0.2973821759223938
0.5780253410339355
0.8217949867248535
0.3064490854740143
0.2472744882106781
0.6173104047775269
0.251312255859375
0.31968623399734497
0.282747358083725
0.2111676037311554
0.6316743493080139
0.6154958009719849
0.3685831129550934
0.5869182348251343
0.17466770112514496
0.41755422949790955
0.3064669668674469
0.6369494199752808
0.30888831615448
0.15823641419410706
0.2547667324542999
0.1693042814731598
0.08406751602888107
0.27992770075798035
0.5459792613983154
0.10222499072551727
0.18390688300132751
0.3591457009315491
0.4223269820213318
0.6670433282852173
0.35070663690567017
0.7517355680465698
0.3090945780277252
0.26395678520202637
0.48225274682044983
0.3408893942832947
0.35029837489128113
0.49457645416259766
0.5260166525840759
0.11706560850143433
0.5859222412109375
0.30502182245254517
0.4311635494232178
0.2768073081970215
0.6296276450157166
0.3700142800807953
0.5183975100517273
0.6092876195907593
0.4599418640136719
0.35589599609375
0.3489650785923004
0.5336556434631348
0.18494999408721924
0.3401486575603485
0.5224485397338867
0.42412981390953064
0.3495638966560364
0.2161586582660675
0.23765628039836884
0.4667406976222992
0.6451995968818665
0.2876742482185364
0.1650620400905609
0.6725850701332092
0.13154681026935577
0.4166218638420105
0.8842145204544067
0.2987442910671234
0.3274790346622467
0.33729660511016846
0.23717446625232697
0.3440908193588257
0.3159627914428711
0.5146483778953552
0.4213542342185974
0.3166418969631195
0.3623681366443634
0.4456990361213684
0.31334200501441956
0.5201976299285889
0.587323784828186
0.4424922466278076
0.16169863939285278
0.22720679640769958
0.6209617853164673
0.12832126021385193
0.2663987874984741
0.49088311195373535
0.2354717254638672
0.3235928416252136
0.6279772520065308
0.3290535807609558
0.4174429774284363
0.186186283826828
0.42052823305130005
0.2496834546327591
0.2922874987125397
0.41008639335632324
0.26242923736572266
0.43417906761169434
0.14722174406051636
0.504176139831543
0.3234804570674896
0.5782483220100403
0.15292814373970032
0.4886445999145508
0.6575415134429932
0.2742314040660858
0.622668445110321
0.32679858803749084
0.4430152475833893
0.777153491973877
0.3831799030303955
0.29962295293807983
0.37375637888908386
0.142757385969162
0.25484973192214966
0.34266602993011475
0.3700771927833557
0.45055264234542847
0.361050009727478
0.17975525557994843
0.27202141284942627
0.19998471438884735
0.3350140154361725
0.2024431675672531
0.48644357919692993
0.5627968907356262
0.5286314487457275
0.37525278329849243
0.2652311623096466
0.6975005269050598
0.3896697759628296
0.256812185049057
0.4350932240486145
0.044515661895275116
0.4753715395927429
0.19059202075004578
0.300201416015625
0.7316173315048218
0.27874812483787537
0.24949710071086884
0.4105815291404724
0.47577881813049316
0.5880361795425415
0.6039983630180359
0.4461563229560852
0.6700074076652527
0.6900542974472046
0.20506703853607178
0.41561928391456604
0.3413843512535095
0.6780145168304443
0.640068769454956
0.2774871587753296
0.23055298626422882
0.3090275228023529
0.7720295786857605
0.4573550820350647
0.22813966870307922
0.05372262001037598
0.39940550923347473
0.20642797648906708
0.300025075674057
0.896037220954895
0.5301213264465332
0.43578171730041504
1.1883882284164429
0.5991756916046143
0.11456036567687988
0.38779768347740173
0.16371355950832367
0.28539055585861206
0.3724216818809509
0.610142171382904
0.10596930980682373
0.18223164975643158
0.603171706199646
0.3644782304763794
0.36991697549819946
0.14497007429599762
0.4609445631504059
0.49516043066978455
0.306569904088974
0.24147717654705048
0.2577332556247711
0.8563926815986633
0.3672126829624176
0.43519482016563416
0.36191776394844055
0.2374275028705597
0.6906418204307556
0.36642247438430786
0.18987825512886047
0.2793073058128357
0.27017539739608765
0.16839328408241272
0.5951383113861084
0.4527500569820404
0.4674937129020691
0.5298478007316589
0.4291553497314453
0.26868388056755066
0.4409720301628113
0.3891812264919281
0.3159002661705017
0.5066293478012085
0.6282986402511597
0.2520681619644165
0.2735733389854431
0.40496712923049927
0.48660579323768616
0.15763264894485474
0.5236997604370117
0.1877444088459015
0.5886392593383789
0.35259997844696045
0.32362231612205505
0.5422610640525818
0.44488367438316345
0.2812691032886505
0.3721981346607208
0.311473548412323
0.5405723452568054
0.800991415977478
0.09149721264839172
0.5303103923797607
0.1554938405752182
0.36261600255966187
0.2601938843727112
0.13312648236751556
0.4047439694404602
0.22783823311328888
0.35050392150878906
0.3013487458229065
0.2165554016828537
0.1373867690563202
0.4505774974822998
0.16775216162204742
0.40774545073509216
0.4533541202545166
0.9551822543144226
0.4544559121131897
0.4118746221065521
0.16229841113090515
0.46011820435523987
0.5098916292190552
0.4981115758419037
0.5757073163986206
0.19988355040550232
0.34943583607673645
0.22881266474723816
0.3974435329437256
0.5218782424926758
0.5122693181037903
0.5456340909004211
0.3190560042858124
0.3355877101421356
0.21484868228435516
0.4079626202583313
0.5624024868011475
0.46902185678482056
0.22440829873085022
0.1969030648469925
0.4105021357536316
0.3225278854370117
0.5918391942977905
0.5753924250602722
0.7672622203826904
0.2230505645275116
0.6127914190292358
0.4096737504005432
0.3143799304962158
0.1722966581583023
0.08904405683279037
0.4695512354373932
0.27501004934310913
0.3429001569747925
0.37229517102241516
0.4941505789756775
0.4285735487937927
0.8340854644775391
0.06450121104717255
0.3132307529449463
0.36216437816619873
0.14592325687408447
0.2696145176887512
0.523687481880188
0.4155118465423584
0.3725816607475281
0.14928436279296875
0.08976306766271591
0.20049233734607697
0.30397483706474304
0.22199523448944092
0.44592994451522827
0.24718718230724335
0.2356053590774536
0.22984285652637482
0.3400840759277344
0.4679486155509949
0.28321129083633423
0.19499322772026062
0.23536832630634308
0.2708560526371002
0.2827332615852356
0.43511828780174255
0.4330369532108307
0.2201535701751709
0.5012238621711731
0.6290978193283081
0.4027150571346283
0.2688114643096924
0.18949156999588013
0.9222977757453918
0.32998114824295044
0.6732453107833862
0.4383760094642639
0.33293309807777405
0.3891550898551941
0.35826554894447327
0.3397977948188782
0.43837404251098633
0.2800598740577698
0.26955971121788025
0.16714538633823395
0.2507423758506775
0.5483343005180359
0.650653064250946
0.3867437243461609
0.362212598323822
0.3160862326622009
0.23426905274391174
0.6055055856704712
0.1829676628112793
0.27116405963897705
0.2149990350008011
0.35649389028549194
0.28713083267211914
0.303471177816391
0.4010859429836273
0.8113743662834167
0.3404744267463684
0.29151004552841187
0.36937984824180603
0.47026094794273376
0.21949532628059387
0.15059365332126617
0.6506839990615845
0.30946236848831177
1.1687089204788208
0.4356551766395569
0.4969249367713928
0.3739057183265686
0.5639171600341797
0.14834338426589966
0.22715303301811218
0.36565637588500977
0.4448402523994446
0.18925413489341736
0.590403139591217
0.6041807532310486
0.15983855724334717
0.2867835760116577
0.33104151487350464
0.23589909076690674
0.24712693691253662
0.35781604051589966
0.26410040259361267
0.189504012465477
0.5144620537757874
0.1540812849998474
0.14757409691810608
0.43821296095848083
0.5330162644386292
0.4038320481777191
0.34270960092544556
0.24394865334033966
0.34861037135124207
0.2766508460044861
0.3953854441642761
0.12722274661064148
0.3060687184333801
0.8319903612136841
0.744583010673523
0.49944186210632324
0.3145811855792999
0.3239981532096863
0.257708340883255
0.2514209449291229
0.29100534319877625
0.22411902248859406
0.1274665743112564
0.1979840099811554
0.8644065856933594
0.23355691134929657
0.3042698800563812
0.35416558384895325
0.5781866908073425
0.5457481145858765
0.21644707024097443
0.5530946850776672
0.2866290211677551
0.3558531701564789
0.03372151777148247
0.4983578324317932
0.6204473376274109
0.2214607447385788
0.2228565216064453
0.36020275950431824
0.4704234004020691
0.2255682498216629
0.45369991660118103
0.1555158495903015
0.3422805070877075
0.15749584138393402
0.5177242755889893
0.6393082141876221
0.4077625870704651
0.7228094339370728
0.34235990047454834
0.5621193647384644
0.7078064680099487
0.45409855246543884
0.2828078866004944
0.18023423850536346
0.4345565736293793
0.1602746993303299
0.6468318104743958
0.3597521185874939
0.1502172201871872
0.2206708937883377
0.6089712381362915
0.16385522484779358
0.27346986532211304
0.45892518758773804
0.4097677767276764
0.2193569839000702
0.536625862121582
0.6423494815826416
0.36960580945014954
0.21864600479602814
0.31069502234458923
0.15151628851890564
0.09978871047496796
0.3179899752140045
0.5066405534744263
0.5528063774108887
0.24867090582847595
0.42207518219947815
0.47977083921432495
0.2026624232530594
0.7687915563583374
0.6249238848686218
0.31404727697372437
0.2250659167766571
0.5255918502807617
0.39570385217666626
0.416644811630249
0.49201393127441406
0.21594056487083435
0.1671968698501587
0.31936612725257874
0.9654000997543335
0.5546538829803467
0.368500292301178
0.3609258532524109
0.38069379329681396
0.17676928639411926
0.1459605097770691
0.7593116760253906
0.22603850066661835
0.26127246022224426
0.5537576079368591
0.19522778689861298
0.2272719144821167
0.19139587879180908
0.5582174062728882
0.5249224305152893
0.3947324752807617
0.3699842691421509
0.26991406083106995
0.5304082036018372
0.3834628164768219
0.3266456127166748
0.3153534531593323
0.301587849855423
0.3478381931781769
0.19986771047115326
0.9833909869194031
0.5005816221237183
0.3667423129081726
0.13727864623069763
1.0104210376739502
0.08321352303028107
0.295492023229599
0.5708364844322205
0.20554962754249573
0.5190807580947876
0.34269803762435913
0.1803201586008072
0.5797520875930786
0.47917652130126953
0.3057674765586853
0.2208193987607956
0.3654378354549408
0.6001625061035156
0.3160039782524109
0.4260872006416321
0.34987300634384155
0.7229014039039612
0.5137634873390198
0.47002363204956055
0.5024557113647461
0.9389507174491882
0.43194594979286194
0.38779422640800476
0.4169984757900238
0.7705169916152954
0.6543177962303162
0.48740705847740173
0.320041686296463
0.3080766201019287
0.2069355994462967
0.4533575177192688
0.5984303951263428
0.16352027654647827
0.3814452290534973
0.7612535357475281
0.2579444348812103
0.5411268472671509
0.35903286933898926
0.3025943338871002
0.1700621396303177
0.36559540033340454
0.5160781145095825
0.3185463547706604
0.17407110333442688
0.2967787981033325
0.29883211851119995
0.3286300599575043
0.5794559717178345
0.41986656188964844
0.6108137369155884
0.4955670237541199
1.0426806211471558
0.3730367124080658
0.23825132846832275
0.5090559720993042
0.5233560800552368
0.2988033592700958
0.4210887551307678
0.22753188014030457
0.5900648236274719
0.16287103295326233
0.2685595154762268
0.4539739489555359
0.12000397592782974
0.07470281422138214
0.4279196262359619
0.2555847764015198
0.2631458044052124
0.16822431981563568
0.31205835938453674
0.503790020942688
0.14622271060943604
0.24117843806743622
0.1682697832584381
0.2823740839958191
0.633057713508606
0.4914169907569885
0.21348266303539276
0.43546757102012634
0.5796377062797546
0.16496121883392334
0.13219332695007324
0.685835063457489
0.6176050901412964
0.8180856704711914
0.14789025485515594
0.5166062116622925
0.39117786288261414
0.19471490383148193
0.5134690999984741
0.614372193813324
0.33576804399490356
0.3887316882610321
0.24221038818359375
0.7110389471054077
0.3108673691749573
0.1835072636604309
0.41946831345558167
0.08558627218008041
0.19566360116004944
0.25310102105140686
0.9310185313224792
0.284534215927124
0.24361947178840637
0.13838109374046326
0.8897079229354858
0.32014715671539307
0.6642135381698608
0.5118412375450134
0.2815261483192444
0.49092644453048706
0.28958070278167725
0.2621821165084839
0.24826839566230774
0.1443130224943161
0.36271706223487854
0.4063359200954437
0.28179579973220825
0.559001624584198
0.2684743106365204
0.4132496416568756
0.5175671577453613
0.37777966260910034
0.1491444855928421
0.2724403440952301
0.22587785124778748
0.22381961345672607
0.5471836924552917
0.4174453616142273
0.5278167724609375
0.48914164304733276
0.2855204641819
0.4218205511569977
0.6352128982543945
0.26937586069107056
0.19645386934280396
0.2329750806093216
0.19000300765037537
0.3089289963245392
0.18703237175941467
0.2349710911512375
0.09733808785676956
0.2670214772224426
0.056884389370679855
0.31034210324287415
0.4845905303955078
0.45320940017700195
0.23744836449623108
0.4516480565071106
0.4341810643672943
0.6416722536087036
0.18265843391418457
0.26605695486068726
0.49463170766830444
0.18788699805736542
0.3740498125553131
0.31826871633529663
0.7916712760925293
0.481792151927948
0.13793355226516724
0.49094724655151367
0.3154285252094269
0.13342303037643433
0.29769861698150635
0.39268457889556885
0.666699230670929
0.3894154727458954
0.5981687307357788
0.18284761905670166
0.26379233598709106
0.41123732924461365
0.04531874507665634
0.18797676265239716
0.32667022943496704
0.20706327259540558
0.38498786091804504
0.09679139405488968
0.1680086851119995
0.4685145318508148
0.3353085517883301
0.09857610613107681
0.5387390851974487
0.3237922489643097
0.6163607835769653
0.7773901224136353
0.4693923890590668
0.17806558310985565
0.22609491646289825
0.418764591217041
0.28465279936790466
0.2782888412475586
0.36819547414779663
0.31802698969841003
0.18120232224464417
0.39038747549057007
0.6929160356521606
0.2205454409122467
0.3354490399360657
0.16206026077270508
0.296649307012558
0.2381407767534256
0.2659173607826233
0.28830277919769287
0.14560505747795105
0.38348421454429626
0.5224394202232361
0.456153005361557
0.45028701424598694
0.6712716817855835
0.21958498656749725
0.3114185929298401
0.03982362896203995
0.18728803098201752
0.6471576690673828
0.3196418583393097
0.41503554582595825
0.4674157202243805
0.1612979620695114
0.45931363105773926
0.22522155940532684
0.9206717610359192
0.9525992274284363
0.4966946244239807
0.38785913586616516
0.7008755803108215
0.156299889087677
0.4511314928531647
0.4690721929073334
0.48932114243507385
0.17858007550239563
0.7794788479804993
0.3055099546909332
0.17141331732273102
1.6280826330184937
0.24168169498443604
0.44956421852111816
0.47633838653564453
0.6235697269439697
0.326038122177124
0.21706537902355194
0.33780932426452637
0.30495721101760864
0.18991270661354065
0.6348473429679871
0.6333974599838257
0.4947231411933899
0.3743826448917389
0.5990437269210815
0.6304642558097839
0.6810396909713745
0.29148802161216736
0.47410154342651367
0.18586738407611847
0.3668142557144165
0.5452696681022644
0.46049419045448303
0.14360029995441437
0.10720257461071014
0.3668217658996582
0.3269423842430115
0.32672441005706787
0.1676197499036789
0.2468673288822174
0.4492162764072418
0.8933428525924683
0.45408815145492554
0.3802795112133026
0.3946448266506195
0.0754217728972435
0.24866464734077454
0.21390369534492493
0.27996739745140076
0.3816499710083008
0.1613818109035492
0.504757821559906
0.34406325221061707
0.29086050391197205
0.23967857658863068
0.6662642359733582
0.1336352378129959
0.16187576949596405
0.558820366859436
0.3084593415260315
0.3438228964805603
0.4745827317237854
0.3766734004020691
0.9264071583747864
0.49707069993019104
0.3153192102909088
0.5911706686019897
0.30391621589660645
0.5206247568130493
0.3179023861885071
0.688606321811676
0.24070170521736145
0.25046542286872864
0.304984986782074
0.9125596284866333
0.20194736123085022
0.413877010345459
0.4785016179084778
0.39051175117492676
0.22988548874855042
0.5370569825172424
0.24637658894062042
0.23082706332206726
0.32783037424087524
0.1766071766614914
0.6498297452926636
0.12633280456066132
0.34006747603416443
0.864936351776123
0.15437975525856018
0.6818680167198181
0.23593707382678986
0.29749760031700134
0.234888955950737
0.48340338468551636
0.498854398727417
0.19732825458049774
0.41860610246658325
0.19766300916671753
0.2660851776599884
0.9106000065803528
0.19888269901275635
0.275936484336853
0.5914226174354553
1.0014058351516724
0.4502401351928711
1.0682942867279053
0.4470016062259674
0.3146072030067444
0.4902063012123108
0.5645486116409302
0.40940728783607483
0.4382351338863373
0.2983880341053009
0.48248615860939026
0.24670705199241638
0.27173131704330444
0.47276753187179565
0.14583079516887665
0.17633721232414246
0.12680280208587646
0.5378974676132202
0.3452644348144531
0.4419499337673187
1.1070277690887451
0.4395354390144348
0.8664700388908386
0.2005576342344284
0.22953812777996063
0.23997783660888672
0.6579631567001343
0.25021857023239136
0.7463014125823975
0.1292881965637207
0.5701926946640015
0.2677082419395447
0.7797300815582275
0.41370922327041626
1.3190616369247437
0.36781245470046997
0.31139716506004333
0.3894204795360565
0.48373541235923767
0.3993360996246338
0.3582679033279419
0.6012545824050903
0.4829165041446686
0.3194875121116638
0.5200752019882202
0.13398490846157074
0.9934094548225403
0.3801577389240265
0.48029035329818726
0.38464364409446716
0.9048236608505249
0.18089231848716736
0.46877679228782654
0.5763929486274719
0.2565936744213104
0.35599246621131897
0.4192799925804138
0.7471288442611694
0.29567384719848633
0.5596904754638672
0.24131694436073303
0.3410213589668274
0.31522923707962036
0.30290037393569946
0.32485389709472656
0.11604996770620346
0.7839987874031067
0.3536885678768158
0.5172725915908813
0.5355023145675659
0.2551749646663666
0.4209408760070801
0.6012865304946899
0.4874979853630066
0.1786673665046692
0.6069727540016174
0.1687658280134201
0.19124947488307953
0.3727836012840271
0.3326588571071625
0.5303435325622559
0.4040495753288269
0.21548792719841003
0.6831408143043518
0.22571003437042236
0.27362775802612305
0.639372706413269
0.3790993094444275
0.08316496759653091
0.2871580719947815
0.4020906984806061
0.2715711295604706
0.2429388463497162
0.21096833050251007
0.19824250042438507
0.3180493712425232
0.3734886050224304
0.5336061716079712
0.38742345571517944
0.33917343616485596
0.2738410234451294
0.33988767862319946
0.5460324883460999
0.25689825415611267
0.5625565648078918
0.3489712178707123
0.46780937910079956
0.27401962876319885
0.3658927083015442
0.26250049471855164
0.12075607478618622
0.3422664701938629
0.31948551535606384
0.5740745067596436
0.6376413106918335
0.41396012902259827
0.35366612672805786
0.34983202815055847
0.38649529218673706
0.401721328496933
0.3424347937107086
0.5002140402793884
0.10764266550540924
0.9602447748184204
0.42640629410743713
0.9490817189216614
0.26158958673477173
0.39083346724510193
0.2608424127101898
0.20269691944122314
0.47111526131629944
0.4453515112400055
0.1611354649066925
0.2829398810863495
0.3275020718574524
0.3057329058647156
0.16472332179546356
0.1944361925125122
0.24033167958259583
0.6886199712753296
0.25073152780532837
0.17189104855060577
0.6265121698379517
0.1737363636493683
0.23572158813476562
0.45482486486434937
0.4148833751678467
0.2781446576118469
0.719124972820282
0.37724217772483826
0.31532058119773865
0.36681947112083435
0.434518039226532
0.34954094886779785
0.3937329649925232
0.2821235656738281
0.19759845733642578
0.43581056594848633
0.6309704780578613
0.4347172677516937
0.6188732385635376
0.14798268675804138
0.20673806965351105
0.4487265944480896
0.09522239118814468
0.26306143403053284
0.47866854071617126
0.1676228791475296
0.682600200176239
0.23943571746349335
0.2752078175544739
0.3969375491142273
0.2049315720796585
0.12363734096288681
0.6298501491546631
0.2119796723127365
0.2210843563079834
0.5635727047920227
0.583861231803894
0.23115813732147217
0.352655827999115
0.27956563234329224
0.7506533861160278
0.21158042550086975
0.6009635925292969
0.3406077027320862
0.35359102487564087
0.2645995020866394
0.19037413597106934
0.56539386510849
0.4545779228210449
0.31145086884498596
0.41587886214256287
0.2413189709186554
0.44616183638572693
0.5108274221420288
0.44830527901649475
0.23301899433135986
0.4960024356842041
0.36717092990875244
0.1534416228532791
0.939603328704834
0.12914900481700897
0.42603620886802673
0.42246928811073303
0.5940001606941223
0.1371997743844986
0.21229732036590576
0.5506850481033325
0.3542896509170532
0.1691204458475113
0.5386660695075989
0.14610609412193298
0.3236128091812134
0.5673374533653259
0.21089060604572296
0.29909372329711914
0.6375061869621277
0.599067211151123
0.35728564858436584
0.652034342288971
0.27579671144485474
0.629937469959259
0.170383483171463
0.9365240335464478
0.4942503869533539
0.36729320883750916
0.4457377791404724
0.14179043471813202
0.18119439482688904
0.35377365350723267
0.39485618472099304
0.20875687897205353
0.45631328225135803
0.3021570146083832
0.3819963037967682
0.546864926815033
0.8584045171737671
0.22874276340007782
0.22979073226451874
0.21410775184631348
0.2666451334953308
0.4407002329826355
0.5686520338058472
0.18510881066322327
0.4888531267642975
0.407149076461792
0.41104865074157715
0.11595071852207184
0.5978914499282837
0.2516874670982361
0.14082199335098267
0.28905799984931946
0.29290780425071716
0.18637268245220184
0.5023355484008789
0.3573363423347473
0.7257883548736572
0.29868704080581665
0.9886659383773804
0.34003716707229614
0.22579240798950195
0.10193578153848648
0.5047159790992737
0.20176272094249725
0.3759582042694092
0.2010774314403534
0.4636848568916321
0.40761488676071167
0.3957214951515198
0.148085355758667
0.394094854593277
0.5481153726577759
0.19583018124103546
0.2053873986005783
0.5974804759025574
0.22844068706035614
0.56187903881073
0.41184502840042114
0.3874147832393646
0.21658053994178772
0.5692018270492554
0.30607157945632935
0.7372486591339111
0.22425487637519836
0.368327260017395
0.3773992359638214
0.3622263967990875
0.17298424243927002
0.31751564145088196
0.25389257073402405
0.6653825044631958
0.37319648265838623
0.5055954456329346
0.25338202714920044
0.43748512864112854
0.08284737914800644
0.1807006448507309
0.8199853897094727
0.4316225051879883
0.41598257422447205
0.43533116579055786
0.21902978420257568
0.7823508977890015
0.2661711573600769
0.20915451645851135
0.18902572989463806
0.28423944115638733
0.3930284380912781
0.5734233856201172
0.14381711184978485
0.09309253841638565
0.7981882095336914
0.5278823971748352
0.470921128988266
0.596360981464386
0.2660830616950989
0.41445374488830566
0.7606350183486938
0.5784217119216919
0.2629578411579132
0.29243117570877075
0.25673380494117737
0.8288124203681946
0.5770018100738525
0.2535284757614136
0.3259924054145813
0.3787047266960144
0.15133395791053772
0.40971893072128296
0.33743250370025635
0.6300432085990906
0.33575671911239624
0.5892956852912903
0.1441386640071869
0.48004141449928284
0.2937007546424866
0.5671738386154175
0.349925696849823
0.24944739043712616
0.15600091218948364
0.30528509616851807
0.44537901878356934
0.3714336156845093
0.7447265386581421
0.2549736797809601
0.14802613854408264
0.434800386428833
0.3667532503604889
0.13702641427516937
0.31476014852523804
0.25049668550491333
0.86803138256073
0.2853551506996155
0.8239320516586304
0.2448001354932785
0.4221467077732086
0.38995224237442017
0.28384631872177124
0.37275776267051697
0.11311791837215424
0.5316070318222046
0.47010231018066406
0.5292454361915588
0.2335774451494217
0.31769266724586487
0.26684170961380005
0.7461060881614685
0.4314514994621277
0.3743779957294464
0.24342072010040283
0.31551530957221985
0.49427634477615356
0.3140755295753479
0.12144967168569565
0.13738034665584564
0.2672884166240692
0.6217520833015442
0.366283655166626
0.2894778847694397
0.1581898331642151
0.43574538826942444
0.7464784979820251
0.37652722001075745
0.4908691942691803
0.1426132619380951
0.4077044129371643
0.560012698173523
0.7264560461044312
0.4322940707206726
0.19906656444072723
0.481728732585907
0.37342825531959534
0.11726009845733643
0.2797951102256775
0.15077713131904602
0.5887264013290405
0.32495346665382385
0.1923809051513672
0.32693687081336975
0.33154699206352234
0.3391943573951721
0.3400134742259979
0.43795791268348694
0.2587891221046448
0.18497280776500702
0.34398847818374634
0.7018963694572449
0.4177389144897461
0.41153135895729065
0.46672263741493225
0.16864755749702454
0.22807669639587402
0.40928226709365845
0.19311881065368652
0.7559064626693726
0.2458014041185379
0.561383843421936
0.15750789642333984
0.3039209246635437
0.3058665692806244
0.27316340804100037
0.22416596114635468
0.715953528881073
0.45368099212646484
0.6544800996780396
0.19250932335853577
0.2910042703151703
0.25972673296928406
0.6036040186882019
0.6168763637542725
0.5384904146194458
0.40782374143600464
0.11976603418588638
0.43504801392555237
0.6718246340751648
0.2315152883529663
0.454047292470932
0.40744319558143616
0.4029512405395508
0.4596228003501892
0.20904572308063507
0.2677663564682007
0.44065213203430176
0.15521691739559174
0.539350152015686
0.5795685648918152
0.17298683524131775
0.4149692952632904
0.30733609199523926
0.21907863020896912
0.3939056396484375
0.23291821777820587
0.21893687546253204
0.29869940876960754
0.581534743309021
0.7238630056381226
0.578258216381073
0.3081052899360657
1.1761614084243774
0.2562912106513977
0.2241356372833252
0.21736375987529755
0.9109545946121216
0.9185429811477661
0.6401581168174744
0.3165059983730316
0.1503351777791977
0.6237887144088745
0.5541437268257141
0.1861705780029297
0.34247252345085144
0.5836126804351807
0.3745027780532837
0.38027387857437134
0.29687899351119995
0.5115159153938293
0.39815062284469604
0.26836931705474854
0.5218497514724731
0.4106307625770569
0.602820873260498
0.21304480731487274
0.419057697057724
0.6864904165267944
0.5746254324913025
0.3966996967792511
0.15393251180648804
0.40781474113464355
0.24091193079948425
0.1593228578567505
0.5393141508102417
0.21268880367279053
0.5997951030731201
0.40300124883651733
0.3192567527294159
0.343436062335968
0.574980616569519
0.2912178933620453
0.3749545216560364
0.26332971453666687
0.8954859972000122
0.2105552703142166
0.4459936022758484
0.3771996796131134
0.551771342754364
0.28467294573783875
0.6558980941772461
0.5262138247489929
0.528753936290741
0.2731165289878845
0.5583192110061646
0.35210779309272766
0.22372648119926453
0.6054971814155579
0.3198554217815399
0.37584763765335083
0.2636280953884125
0.5950064063072205
0.0967380478978157
0.3100821375846863
0.2549629807472229
0.43518415093421936
0.5231941342353821
0.6190556287765503
0.22835750877857208
0.29497313499450684
0.3862735629081726
0.3734945058822632
0.32426416873931885
0.30459874868392944
0.5026850700378418
0.3812502920627594
0.5538867712020874
0.45299607515335083
0.3088454604148865
0.6017307639122009
0.27602657675743103
0.39989152550697327
0.48380333185195923
0.18607458472251892
0.22293095290660858
0.2813863158226013
0.1798892468214035
0.22390230000019073
0.2501193583011627
0.497967004776001
0.3323100209236145
0.6289070248603821
0.42147260904312134
0.4920288026332855
0.6092820167541504
0.21143357455730438
0.290066123008728
0.21932606399059296
0.6404575109481812
0.2868741452693939
0.26394134759902954
0.20621967315673828
0.8139094114303589
0.32674700021743774
0.4367043972015381
0.23669394850730896
0.7031212449073792
0.6693349480628967
0.5627493858337402
0.11627129465341568
0.2003215253353119
0.13321605324745178
0.31472545862197876
0.3664577901363373
0.41064366698265076
0.393585205078125
0.25588202476501465
0.387776643037796
0.39492353796958923
0.6002967953681946
0.7913438081741333
0.32425323128700256
0.49794134497642517
0.3450804352760315
0.981671154499054
0.15856203436851501
0.26815468072891235
0.8763715028762817
0.16233710944652557
0.1796749085187912
0.6568506360054016
0.3189052939414978
0.1750081330537796
0.26299771666526794
0.4587666392326355
0.2832840085029602
0.9044790267944336
0.375261515378952
0.5053399205207825
0.8551804423332214
0.7112479209899902
0.19401201605796814
0.1568048596382141
0.4771783947944641
0.5442374348640442
0.18902744352817535
0.2668927311897278
0.26519542932510376
0.3210996091365814
0.4641961455345154
0.233199805021286
0.16696815192699432
0.30274221301078796
0.20565469563007355
0.15187415480613708
0.49123841524124146
0.3781111538410187
0.2506462633609772
0.29255393147468567
0.202956885099411
0.3716224730014801
0.4538020193576813
0.3264906108379364
0.49876460433006287
0.10157402604818344
0.1505245566368103
0.46700233221054077
0.20548227429389954
0.4715431332588196
0.37848570942878723
0.18745851516723633
0.30509263277053833
0.22964748740196228
0.7404938340187073
0.312386691570282
0.4196574091911316
0.4273340702056885
0.5614287853240967
0.08188934624195099
0.4532947540283203
0.18138663470745087
0.0726410299539566
0.3296860158443451
0.251756489276886
0.23014679551124573
0.5248590111732483
0.23870030045509338
0.4934309422969818
0.1972120851278305
0.4908563196659088
0.2521129846572876
0.30367541313171387
0.5858274698257446
0.5600525140762329
0.3353026807308197
0.2216428965330124
0.2667864263057709
0.4614797532558441
0.753808319568634
0.3830602169036865
0.6461106538772583
0.36204010248184204
0.2032991200685501
0.3868163228034973
0.15341439843177795
0.12588383257389069
0.3425027132034302
0.39934590458869934
0.4697224497795105
0.3300629258155823
0.25913137197494507
0.2584734559059143
0.4706546664237976
0.19604934751987457
0.5410541296005249
0.1162247285246849
0.20109882950782776
0.25261324644088745
0.5575564503669739
0.20017321407794952
0.23495838046073914
0.15573641657829285
0.17798393964767456
0.5519437193870544
0.1311034858226776
0.2544735074043274
0.3595079183578491
0.7220677733421326
0.3561473488807678
0.23500823974609375
0.3020930588245392
0.5147145986557007
0.4577907919883728
0.21627406775951385
0.3410497307777405
0.25841835141181946
0.2348824441432953
0.15517067909240723
0.5788994431495667
0.5471938848495483
0.1058845967054367
0.3183864951133728
0.4290543496608734
0.2634356617927551
0.9536646008491516
0.41784483194351196
0.9330455660820007
0.49016284942626953
0.1582471877336502
0.22148314118385315
0.14956730604171753
0.2690940499305725
0.25449731945991516
0.32191017270088196
0.6271342039108276
0.39865511655807495
0.27010005712509155
0.28564321994781494
0.30496230721473694
0.921524703502655
0.6746686697006226
0.6004842519760132
0.7093995213508606
0.6357159614562988
0.31868767738342285
0.27233225107192993
0.36122894287109375
0.2933078408241272
0.42237281799316406
0.48301824927330017
0.2932596504688263
0.2461266815662384
0.36341366171836853
0.4204099178314209
0.49296316504478455
0.3532657027244568
0.49594196677207947
0.3763902485370636
0.5783983469009399
0.41061991453170776
0.308876097202301
0.2743587791919708
0.2500506639480591
0.16122965514659882
0.3381078839302063
0.32389020919799805
0.16985051333904266
0.6646786332130432
0.3265249729156494
0.2619721293449402
0.24608829617500305
0.43415379524230957
0.11926088482141495
0.40364065766334534
0.982742965221405
0.4687298834323883
0.7261729836463928
0.3151857256889343
0.13570311665534973
0.5101082921028137
0.4405179023742676
0.2403920590877533
0.2092374563217163
0.6419814229011536
0.4781115651130676
0.2813822627067566
0.3750825822353363
0.08418866246938705
0.3810158669948578
0.3790925443172455
0.21932873129844666
0.5293986201286316
0.3352544605731964
0.2836092412471771
0.22309377789497375
0.17232348024845123
0.6748529672622681
0.4626196026802063
0.4986533224582672
0.37784385681152344
0.2953774333000183
0.34561067819595337
0.7651572227478027
0.2483244389295578
0.6548898816108704
0.36690980195999146
0.2568182349205017
0.3159312605857849
0.34146371483802795
0.32337474822998047
0.09468046575784683
0.5270497798919678
0.540319561958313
0.19740784168243408
0.42623239755630493
0.47055211663246155
0.3942103087902069
0.18571923673152924
0.3369606137275696
0.22603078186511993
0.4770209789276123
0.7195066809654236
0.3881572484970093
0.3254626393318176
0.3837698996067047
0.12723079323768616
0.9390567541122437
0.49433737993240356
0.3186553120613098
0.35424044728279114
0.49070900678634644
0.1886061728000641
0.2904760539531708
0.38723304867744446
0.5929792523384094
0.39349156618118286
0.5879583954811096
0.0916757807135582
0.43742409348487854
0.8367803692817688
0.265304297208786
0.21728388965129852
0.3379436135292053
0.3737454414367676
0.25211527943611145
0.2569519281387329
0.273715078830719
0.3697793185710907
0.6990973949432373
0.21828345954418182
0.07327459752559662
0.17432397603988647
0.8219407796859741
0.3514157831668854
0.250876247882843
0.25453981757164
0.6737135648727417
0.919029712677002
0.8235287666320801
0.282789021730423
0.27277642488479614
0.30060625076293945
0.3025474548339844
0.36035624146461487
0.24053144454956055
0.5767651796340942
0.7991917133331299
0.37668925523757935
0.41251784563064575
0.38065221905708313
0.8283300399780273
0.6478407382965088
0.37848544120788574
0.608551025390625
0.2580379843711853
0.4237079620361328
0.5519853234291077
0.25541359186172485
0.8192957639694214
0.24020154774188995
0.38478660583496094
0.2659761309623718
0.23369035124778748
0.2968463599681854
0.4410194754600525
0.20455817878246307
0.3149142861366272
0.25461679697036743
0.30972975492477417
0.9062095880508423
0.32092148065567017
0.5582437515258789
0.29539400339126587
0.16944009065628052
0.25581830739974976
0.26244282722473145
0.5678596496582031
0.40628957748413086
0.3842451274394989
0.48039475083351135
0.3386933207511902
0.46858420968055725
0.3767741024494171
0.7307888269424438
0.3629557192325592
0.5821514129638672
0.6603777408599854
0.29714807868003845
0.14236176013946533
0.31841400265693665
0.6116352081298828
0.4318825602531433
0.2828007638454437
0.510991632938385
0.3289385437965393
0.29639193415641785
0.4856227934360504
0.23888587951660156
0.5348792672157288
0.5176860094070435
0.3468051254749298
0.2959335148334503
0.31250396370887756
0.223556786775589
0.6309337019920349
0.6926658153533936
0.2720743417739868
0.4702170789241791
0.4231361448764801
0.5731343030929565
0.18459711968898773
0.19865936040878296
0.3921852707862854
0.300555020570755
1.279906153678894
0.4841375946998596
0.4378693997859955
0.4089924693107605
0.2859523296356201
0.7286579012870789
0.40305590629577637
0.41324368119239807
0.5003334283828735
0.1908392608165741
0.28707030415534973
0.6825146079063416
0.6439763307571411
0.2909802496433258
0.23899009823799133
0.352154403924942
0.6941454410552979
0.6090721487998962
0.48011332750320435
0.31551313400268555
0.3781540095806122
0.44442257285118103
0.41524696350097656
0.36267608404159546
0.46444782614707947
0.34271425008773804
0.19665828347206116
0.6009821891784668
0.38713178038597107
0.6032728552818298
0.07972878962755203
0.6656662225723267
0.7308018803596497
0.5773785710334778
0.9360467195510864
0.4686301350593567
0.3052746653556824
0.46373969316482544
0.45486292243003845
0.27968886494636536
0.12499220669269562
0.5209506750106812
0.30291491746902466
0.18470965325832367
0.4948599338531494
0.24459326267242432
0.38630250096321106
0.35413846373558044
0.5274888277053833
0.7428144812583923
0.34005922079086304
0.40482646226882935
0.3158738613128662
0.3529970943927765
0.141215518116951
0.6291975975036621
0.4373396337032318
0.7529541254043579
0.3399963080883026
0.19777987897396088
0.289004921913147
0.20111683011054993
0.10312016308307648
0.28052759170532227
0.22418919205665588
0.2534644603729248
0.29171574115753174
0.16671738028526306
0.45696011185646057
0.284259557723999
0.48746371269226074
0.40050631761550903
0.2607770562171936
0.7099608778953552
0.41176119446754456
0.3042045831680298
0.4913237690925598
0.16008833050727844
0.45271387696266174
0.3534028232097626
0.5600683093070984
0.4338899552822113
0.1630549281835556
0.3319248557090759
0.5202763676643372
0.3049820065498352
0.45206594467163086
0.08482646942138672
0.40405645966529846
0.6754345297813416
0.2491472214460373
0.5557273626327515
0.6152186989784241
0.21291115880012512
0.5232299566268921
0.3798247277736664
0.24216285347938538
0.20574793219566345
0.4194205403327942
0.33965399861335754
0.3045448660850525
0.3133505582809448
0.6364941596984863
0.41357868909835815
0.31126970052719116
0.26012367010116577
0.30643898248672485
0.24205489456653595
0.37114113569259644
0.5582985877990723
0.17880643904209137
0.42471060156822205
0.07733753323554993
0.48670846223831177
0.7422772645950317
0.29011791944503784
0.25959494709968567
0.2750851511955261
0.2873053550720215
0.1799372136592865
0.3554631471633911
0.29681268334388733
0.452210009098053
0.3467906713485718
0.3145194947719574
0.3190968334674835
0.4601694643497467
0.11568741500377655
0.4755313992500305
0.5423613786697388
0.370550274848938
0.370136559009552
0.5244750380516052
0.24956992268562317
0.6278387308120728
0.32214564085006714
0.514518678188324
0.2826257348060608
0.47992339730262756
0.11203505843877792
0.36376717686653137
0.5402956008911133
0.5843741297721863
0.3566255271434784
0.08174566924571991
0.2528671324253082
0.27689412236213684
0.17194578051567078
0.43820613622665405
0.7005760073661804
0.4041082262992859
0.12679508328437805
0.4106419086456299
0.23460085690021515
0.3446168601512909
0.6797460317611694
0.31124207377433777
0.2822490632534027
0.34228846430778503
0.2978706359863281
0.7483713030815125
0.49069923162460327
0.3047064542770386
0.42090025544166565
0.7907009720802307
0.6826549172401428
0.29384875297546387
0.9242027997970581
0.12901628017425537
0.16216135025024414
0.44139352440834045
0.35138624906539917
0.3781586289405823
0.21582457423210144
0.4266481399536133
0.048820145428180695
0.41836509108543396
0.22562487423419952
0.17170248925685883
0.22915072739124298
0.3740714192390442
0.33060747385025024
0.5847240686416626
0.11197199672460556
0.30983513593673706
0.2000320851802826
0.4321689009666443
0.5043666362762451
0.3547324538230896
0.3643532395362854
0.07093852013349533
0.42501646280288696
0.3672454059123993
0.27212947607040405
0.6889342069625854
0.2058270424604416
0.40598100423812866
0.1797916740179062
0.23793785274028778
0.10353635251522064
0.4404524862766266
0.3998609185218811
0.38260436058044434
0.30515792965888977
0.12547196447849274
0.31641799211502075
0.38629430532455444
0.4909543991088867
0.5299994349479675
0.28092944622039795
0.21511657536029816
0.7189486622810364
0.4511004388332367
0.33941006660461426
0.25194624066352844
0.21728751063346863
1.0382925271987915
0.3700602650642395
0.3609458804130554
0.26536160707473755
0.28173893690109253
0.23681838810443878
0.4319126009941101
0.7037121057510376
0.6148450970649719
0.2725169062614441
0.22881415486335754
0.8130943179130554
0.45333606004714966
0.7935581207275391
0.36964476108551025
0.5189651250839233
0.17211589217185974
0.4029981195926666
0.31834036111831665
0.2785465717315674
0.4646227955818176
0.4547557234764099
0.1399906575679779
0.4315561354160309
0.3551269471645355
0.3011091649532318
0.38942262530326843
0.17039456963539124
0.725040853023529
0.6811145544052124
0.19712600111961365
0.28890296816825867
0.267164945602417
0.32984450459480286
0.299829363822937
0.5221113562583923
0.2453887164592743
0.3567031919956207
0.1436125487089157
0.5475068092346191
0.16042602062225342
0.37273991107940674
0.2891516089439392
0.28480854630470276
0.14737564325332642
0.35508885979652405
0.23822009563446045
0.17203597724437714
0.3616657853126526
0.3782488703727722
0.5971805453300476
0.23993892967700958
0.14653681218624115
0.4503178000450134
0.2602353096008301
1.1829193830490112
0.4362896978855133
0.609627366065979
0.25815778970718384
0.3045009672641754
0.4662855565547943
0.1681436002254486
0.28180161118507385
0.41533780097961426
0.45133963227272034
0.39269211888313293
0.2619917392730713
0.37414130568504333
0.46147316694259644
0.8139521479606628
0.14500857889652252
0.15228398144245148
0.5832223892211914
0.38035547733306885
0.7154370546340942
0.47057780623435974
0.4899538457393646
0.09658043086528778
0.696768045425415
0.2311846762895584
0.20674662292003632
0.26307573914527893
0.043669991195201874
0.24794241786003113
0.17566153407096863
0.3512639105319977
0.3970140516757965
0.1710505187511444
0.22627408802509308
0.4610142707824707
0.3657851219177246
0.3099566400051117
0.24634476006031036
0.20282462239265442
0.32828378677368164
0.16594453155994415
0.2434731423854828
0.19393989443778992
0.11484116315841675
0.8226297497749329
0.4845322072505951
0.7951242327690125
0.34680992364883423
0.21302926540374756
0.4846193194389343
0.6905858516693115
0.6587614417076111
0.35869160294532776
0.7366431951522827
0.17279896140098572
0.22205594182014465
0.3555457592010498
0.35605043172836304
0.09675418585538864
0.324110209941864
0.3965166211128235
0.5480813980102539
0.39168423414230347
0.821198582649231
0.32537978887557983
0.3844095766544342
0.4393822252750397
0.6773792505264282
0.4711154103279114
0.20984835922718048
0.6024384498596191
0.40652996301651
0.09586592763662338
0.23231391608715057
0.3509642481803894
0.40005189180374146
0.46200013160705566
0.23618237674236298
0.29912590980529785
0.7838088274002075
0.26441121101379395
0.41759276390075684
0.520336389541626
0.3110983073711395
0.41641560196876526
0.695144772529602
0.26213791966438293
0.4228293001651764
0.19073662161827087
0.5888828039169312
0.5008856058120728
0.7892224192619324
0.3758798837661743
0.6405946016311646
0.19316238164901733
0.3449188768863678
0.6995905637741089
0.26274245977401733
0.2857975363731384
0.810325026512146
0.30209001898765564
0.43159881234169006
0.2633987367153168
0.3854476809501648
0.6787499785423279
0.3353038430213928
0.3471376299858093
0.1869949996471405
0.5630543828010559
0.32579177618026733
0.63764488697052
0.09883148223161697
0.4109650254249573
0.2850329875946045
0.12247274070978165
0.3519994616508484
0.326945036649704
0.3058682084083557
0.5243648290634155
0.2111637145280838
0.28680819272994995
0.29093775153160095
0.25292903184890747
0.13096055388450623
0.35474756360054016
0.5781302452087402
0.20710556209087372
0.567038893699646
0.5136456489562988
0.561886727809906
0.1929033398628235
0.13763487339019775
0.45512422919273376
0.1131628006696701
0.5019073486328125
0.0742352306842804
0.4416145384311676
0.1832069307565689
0.36381664872169495
0.42286747694015503
0.3782637417316437
0.3510934114456177
0.4110587239265442
0.240420863032341
0.5527618527412415
0.5396924018859863
0.4743956923484802
0.4845799505710602
0.5024229884147644
0.537083089351654
0.19026035070419312
0.45444566011428833
0.4135979115962982
0.07135642319917679
0.7664898037910461
0.3113832175731659
0.8130148649215698
0.20617470145225525
0.2887410521507263
0.49009817838668823
0.2562428414821625
0.3381248712539673
0.09002641588449478
0.4205149710178375
0.5092095732688904
0.27137741446495056
0.5483654737472534
0.3455817997455597
0.412227064371109
0.3612446188926697
0.23362262547016144
0.5451676249504089
0.1903677135705948
0.4296283721923828
0.4844432473182678
0.6745190024375916
0.5107407569885254
0.18725475668907166
0.3981037735939026
0.3133866786956787
0.4322485029697418
0.478466272354126
0.26510199904441833
0.7065366506576538
0.397538959980011
0.3709632456302643
0.38361138105392456
0.33053386211395264
0.17078018188476562
0.4069076180458069
0.40491795539855957
0.40791550278663635
0.4106752276420593
0.1839381456375122
0.4625537395477295
0.4099980890750885
0.48702049255371094
0.5189317464828491
0.5506609678268433
0.38882216811180115
0.30474424362182617
0.26949864625930786
0.4722903370857239
0.27873122692108154
0.5424033403396606
0.6307226419448853
0.29914382100105286
0.3076205253601074
0.229016974568367
0.13204914331436157
0.38474851846694946
0.5497867465019226
0.6431320309638977
0.5011436939239502
0.5230243802070618
0.7544242143630981
0.6150252223014832
0.30823373794555664
0.348969042301178
0.36899664998054504
0.2559486925601959
0.13674673438072205
0.32194843888282776
0.2942122519016266
0.24882440268993378
0.3186783790588379
0.2237331122159958
0.3829815089702606
0.5615125894546509
0.34097760915756226
0.9088655710220337
0.665789783000946
0.9453709721565247
0.401252806186676
0.29907315969467163
0.32475006580352783
0.1865507811307907
0.6919424533843994
0.2451101839542389
0.49428072571754456
0.736908495426178
0.045587558299303055
0.26472073793411255
0.3498976230621338
0.5214348435401917
0.19345104694366455
0.4291480481624603
0.4302882254123688
0.29113882780075073
0.34649354219436646
0.19772981107234955
0.4990229606628418
0.2192138135433197
0.3504555821418762
0.346211314201355
0.2657915949821472
0.4381978511810303
0.33467864990234375
0.3791388273239136
0.2285684049129486
0.24375005066394806
0.5130851864814758
0.08975809812545776
0.21563541889190674
0.1728632152080536
0.2625475823879242
0.24261459708213806
0.4261297285556793
0.10609477758407593
0.14752091467380524
0.2212270200252533
0.30485352873802185
0.13372880220413208
0.4438512921333313
0.3359890580177307
0.24633386731147766
0.3494279682636261
0.2711659371852875
0.14645379781723022
0.1596556007862091
0.4190840721130371
0.48296618461608887
0.2993807792663574
0.2988400459289551
0.44203701615333557
0.08084172755479813
0.2684415578842163
0.4402720034122467
0.6564780473709106
0.603971540927887
0.3315292298793793
0.5194878578186035
0.748249888420105
0.3896113336086273
0.39803358912467957
0.3850606083869934
0.39320847392082214
0.5132838487625122
0.769199788570404
0.37634986639022827
0.5427345037460327
0.21811357140541077
0.6949344873428345
0.5995609164237976
0.5546124577522278
0.2785104215145111
0.8818528056144714
0.5520173907279968
0.7470302581787109
0.1690942943096161
0.45742177963256836
0.48023563623428345
0.15189625322818756
0.4396720826625824
0.39189982414245605
0.6347429156303406
0.21095958352088928
0.3659640848636627
0.29527801275253296
0.3596145510673523
0.5983904600143433
0.38265135884284973
0.20083507895469666
0.3997066915035248
0.7086875438690186
0.23807723820209503
0.13749191164970398
0.45616793632507324
0.3340102732181549
0.3972468972206116
0.2013380229473114
0.39906516671180725
0.38659611344337463
0.3660871386528015
0.23207148909568787
0.4421829283237457
0.3811333179473877
0.1069645881652832
0.5478753447532654
0.5019150376319885
0.6417478919029236
0.34910494089126587
0.40978866815567017
0.2730031907558441
0.4836399555206299
0.300908625125885
0.34314343333244324
0.4265933036804199
0.381903737783432
0.6796201467514038
0.38910478353500366
0.271570086479187
0.18183423578739166
0.5098099112510681
0.21209228038787842
0.31969961524009705
0.1923777163028717
0.41448527574539185
0.5525446534156799
0.4347623288631439
0.5670508146286011
0.126283660531044
0.3784365952014923
0.12347839027643204
0.23050525784492493
0.35627010464668274
0.37627291679382324
0.7026636600494385
0.3240726590156555
0.48688405752182007
0.1432867795228958
0.38070011138916016
0.41024261713027954
0.2706648111343384
0.21263083815574646
0.20431962609291077
0.487483412027359
0.2587440013885498
0.3315722346305847
0.4015258252620697
0.5229209065437317
0.07698951661586761
0.27089643478393555
0.5265858769416809
0.48169437050819397
0.4367053508758545
0.48023948073387146
0.41923969984054565
0.20008735358715057
0.13957276940345764
0.4788897931575775
0.37264156341552734
0.157719686627388
0.44329771399497986
0.32872384786605835
0.4276702404022217
0.586685836315155
0.42227452993392944
0.30973124504089355
0.20870819687843323
0.3566812574863434
0.7605597972869873
0.2528444826602936
0.3866822123527527
0.38130027055740356
0.2555643320083618
0.3300798535346985
0.5566422939300537
0.3113240599632263
0.39930233359336853
0.2842596173286438
0.42876139283180237
0.4446694850921631
0.18122443556785583
0.2861629128456116
0.2051367461681366
0.7177245616912842
0.3744663596153259
0.30717307329177856
0.6534155607223511
0.8163097500801086
0.20932503044605255
0.27432891726493835
0.5048098564147949
0.4678184390068054
0.3563295006752014
0.30818238854408264
0.1256740838289261
0.24852554500102997
0.46548447012901306
0.5949346423149109
0.4092620015144348
0.47713279724121094
0.24845919013023376
0.4723776876926422
0.4147709012031555
0.4594258666038513
0.3166014552116394
0.36506080627441406
0.3793429136276245
0.30311742424964905
0.14702872931957245
0.5872554779052734
0.42704886198043823
0.23322951793670654
0.36071667075157166
0.3053635060787201
0.4483741223812103
0.49967747926712036
0.40140587091445923
0.3926581144332886
0.37130007147789
0.633888304233551
0.35167670249938965
0.1840629130601883
0.32731133699417114
0.4590568542480469
0.24929973483085632
0.31563934683799744
0.10523068904876709
0.5715172290802002
0.45283499360084534
0.6154783964157104
0.3187273442745209
0.5877313017845154
0.44648581743240356
0.36349454522132874
0.3449336886405945
0.6083049774169922
0.2012210339307785
0.36322465538978577
0.408439576625824
0.2913723587989807
0.3744688630104065
0.4492904543876648
0.49691110849380493
0.29955509305000305
0.22412610054016113
0.25964075326919556
0.7509463429450989
0.6476742029190063
1.135107159614563
0.4608488082885742
0.24681539833545685
0.6620889902114868
0.21928779780864716
0.42461270093917847
0.49083366990089417
0.1719340831041336
0.49772316217422485
0.29606494307518005
0.3901578485965729
0.3396065831184387
0.21233084797859192
0.3072550892829895
0.19095763564109802
0.39351001381874084
0.4655720591545105
0.13045606017112732
0.5879722833633423
0.07008044421672821
0.2639956474304199
0.1239561215043068
0.24018394947052002
0.6201236248016357
0.32395750284194946
0.2903178334236145
0.4030352234840393
0.7168450355529785
0.2573614716529846
0.5434468984603882
0.3380773067474365
0.5785312652587891
0.5530340075492859
0.4103277325630188
0.3119783401489258
0.43085455894470215
0.38189706206321716
0.4753713011741638
0.26321521401405334
0.17368371784687042
0.2148631066083908
0.5352620482444763
0.24361717700958252
1.1512542963027954
0.3889694809913635
0.4851439595222473
0.3738991618156433
0.7764493823051453
0.405140221118927
0.14148551225662231
0.4220817983150482
0.17298763990402222
0.323670357465744
0.19706879556179047
0.2580266296863556
0.25089743733406067
0.26720672845840454
0.26438501477241516
0.16051490604877472
0.38913971185684204
0.38225114345550537
0.11027397960424423
0.2541959881782532
0.1064782589673996
0.41626080870628357
0.5382102727890015
0.38697317242622375
0.5809599757194519
0.3946835398674011
0.424201101064682
0.4328201711177826
0.27518078684806824
0.26306089758872986
0.5029128789901733
0.27142083644866943
0.3880085051059723
0.41741353273391724
0.40829405188560486
0.5833721160888672
0.14551754295825958
0.15302680432796478
0.400897741317749
0.6146767735481262
0.2707747519016266
0.16931694746017456
0.4847734570503235
0.22351709008216858
0.577057957649231
0.338986337184906
0.290794312953949
0.5649159550666809
0.2613901197910309
0.32636895775794983
0.7469907999038696
0.16104167699813843
0.592670738697052
0.2893426716327667
0.21183815598487854
0.5627581477165222
0.2543962299823761
0.3160448968410492
0.7190969586372375
0.12866176664829254
0.14730681478977203
0.14965136349201202
0.25589728355407715
0.8035337328910828
0.5674225091934204
0.19219422340393066
0.1679089367389679
0.2687228322029114
0.3286241888999939
0.7562490105628967
0.3342660665512085
0.2957075238227844
0.1556432694196701
0.19812238216400146
0.6508491039276123
0.30287966132164
0.34482455253601074
0.407491534948349
0.10789507627487183
0.22834078967571259
0.567810595035553
0.4358421862125397
0.504092812538147
0.5964580774307251
0.3956335186958313
0.34505414962768555
0.07882630079984665
0.17224328219890594
0.8602545857429504
0.4220110774040222
0.3076882064342499
0.6332446336746216
0.42091983556747437
0.1352074295282364
0.33200734853744507
0.5947622656822205
0.4333289563655853
0.35952311754226685
0.20559576153755188
0.6614757776260376
0.24460086226463318
0.32190126180648804
0.18056514859199524
0.6352213025093079
0.7988702058792114
0.8040796518325806
0.7006942629814148
0.21029309928417206
0.22494669258594513
0.23732256889343262
0.24102957546710968
0.32323265075683594
0.4265243113040924
0.2161363661289215
0.31862345337867737
0.4317343831062317
0.3579433560371399
0.17770865559577942
0.7107746005058289
0.7293900847434998
0.219808891415596
0.7493548393249512
0.3333120346069336
0.4459835886955261
0.32953310012817383
0.3303360342979431
0.7506088614463806
0.24526527523994446
0.26461657881736755
0.37011316418647766
0.3296678066253662
0.6159292459487915
0.5649454593658447
0.4733392596244812
0.2669203281402588
0.5564905405044556
0.35123318433761597
0.21433952450752258
0.2588040828704834
0.11276789009571075
0.5009438395500183
0.3742833137512207
0.3617328405380249
0.2400180548429489
0.5518152117729187
0.2190130203962326
0.27487605810165405
0.27463704347610474
0.6857141256332397
0.7101740837097168
0.1668417900800705
0.40251320600509644
0.39574533700942993
0.16734009981155396
0.22085709869861603
0.4162251055240631
0.45403537154197693
0.16143029928207397
0.34471723437309265
0.28278082609176636
0.32830682396888733
0.25641387701034546
0.2189074456691742
0.21629051864147186
0.25093165040016174
0.2639729380607605
0.2473427951335907
0.7712719440460205
0.6442974805831909
0.21542231738567352
0.25255054235458374
0.319536030292511
0.31410902738571167
0.5231379270553589
0.3124820590019226
0.4210236668586731
0.20830433070659637
0.1665920466184616
0.1365431547164917
0.8673747777938843
0.5032168626785278
0.7012674808502197
0.4577178955078125
0.4143815040588379
0.4382709860801697
0.4209207594394684
0.37291911244392395
0.21051132678985596
0.6620496511459351
0.39589089155197144
0.5668109059333801
0.6211475133895874
0.595958411693573
0.5295588970184326
0.29417884349823
0.3128467798233032
0.2941781282424927
0.19253131747245789
0.27883127331733704
0.3982563018798828
0.31794339418411255
0.3807993531227112
0.2904224395751953
0.40664729475975037
0.1914445012807846
0.24698194861412048
0.4900989532470703
0.3336886465549469
0.5871478319168091
0.46903926134109497
0.3760078549385071
0.42057567834854126
0.3360072672367096
0.44305649399757385
0.5561930537223816
0.5336980223655701
0.25781387090682983
0.6934967041015625
0.4296736717224121
0.3903261721134186
0.5580492615699768
0.3487984836101532
0.5186361074447632
0.2952333688735962
0.1967799961566925
0.5216082334518433
0.32129886746406555
0.5262175798416138
0.5142205953598022
0.41917842626571655
0.2134096920490265
0.17375706136226654
0.16995449364185333
0.661510169506073
0.3887917399406433
0.5760455131530762
0.34292444586753845
0.19137093424797058
0.5646432638168335
0.1837080717086792
0.2629009187221527
0.36278724670410156
0.4184837341308594
0.293171763420105
0.13123232126235962
0.2662488520145416
0.6233758926391602
0.309331476688385
0.5298522710800171
0.6050211191177368
0.19933700561523438
0.34679049253463745
0.5747643709182739
0.34510093927383423
1.0144273042678833
0.43403735756874084
0.3064051568508148
0.23020537197589874
0.42060938477516174
0.44279393553733826
0.8586417436599731
0.504828155040741
0.30510926246643066
0.3035961389541626
0.2831946015357971
0.6268462538719177
0.28174206614494324
0.3029976487159729
0.6285843849182129
0.3094700872898102
0.05013580992817879
0.3649619221687317
0.12847495079040527
0.6028056740760803
0.16107681393623352
0.4320905804634094
0.4365161955356598
0.2901217043399811
0.18374790251255035
0.9340464472770691
0.2070283591747284
0.27234500646591187
0.31084173917770386
0.5133286714553833
0.3223481774330139
0.5588432550430298
0.27314117550849915
0.21717853844165802
0.5591861009597778
0.20926108956336975
0.5871790051460266
0.341636598110199
0.24560198187828064
0.3773603141307831
0.2319873869419098
0.437107652425766
0.3312574028968811
0.49626001715660095
0.5525035858154297
0.2850853502750397
0.3399626612663269
0.21953041851520538
0.36907273530960083
0.2937762141227722
0.11018452793359756
0.22435538470745087
0.33347222208976746
0.4537016749382019
0.48138055205345154
0.4304049015045166
0.38745060563087463
0.12530693411827087
0.4603799879550934
0.9309912919998169
0.2853761315345764
0.1553715318441391
0.21578183770179749
0.3756806552410126
0.2833397388458252
0.34663447737693787
0.22798962891101837
0.3663603365421295
0.3282049298286438
0.2971592843532562
0.4184344410896301
0.42811107635498047
0.4949118494987488
0.38729867339134216
0.19207510352134705
0.06189969927072525
0.9430148005485535
0.405526340007782
0.23324251174926758
0.39172396063804626
0.2372158318758011
0.295352041721344
0.5087046027183533
0.4969561994075775
0.7301238179206848
0.2839040458202362
0.5769534707069397
0.6134821176528931
0.8195918798446655
0.2246796190738678
0.3410950303077698
0.07413686811923981
0.8002949953079224
0.2722901403903961
0.6794626712799072
0.87701815366745
0.4206288754940033
0.5486911535263062
0.829371452331543
0.44839611649513245
0.5025092363357544
0.39709997177124023
0.29278406500816345
0.3452768921852112
0.15546338260173798
0.659121036529541
0.4118226170539856
0.18828731775283813
0.16570381820201874
0.27654552459716797
0.4938349723815918
0.2277190238237381
0.4043665826320648
0.3060157299041748
0.7147777080535889
0.5244318246841431
0.12670128047466278
0.37037673592567444
0.5598605871200562
0.33499497175216675
0.7196828126907349
0.23528465628623962
0.4705575108528137
0.5918745398521423
0.47735804319381714
0.32444319128990173
0.5986722707748413
0.577825129032135
0.4230930805206299
0.3794209361076355
0.5162833333015442
0.48016777634620667
0.18239940702915192
0.3558621406555176
0.9451176524162292
0.11654616892337799
0.41622862219810486
0.25622522830963135
0.3769974410533905
0.32498684525489807
0.8407753109931946
0.7293252348899841
0.47610315680503845
0.21378155052661896
0.22942912578582764
0.37960749864578247
0.35592764616012573
0.30612069368362427
0.5318039655685425
0.38750797510147095
0.1766795963048935
0.38982096314430237
0.49118170142173767
0.3227900266647339
0.516147255897522
0.24914494156837463
0.26846423745155334
0.6227463483810425
1.0877654552459717
0.13676221668720245
0.4791406989097595
0.44423189759254456
0.2862395644187927
0.41003209352493286
0.34753990173339844
0.3215406537055969
0.30810055136680603
0.5574222207069397
0.3806186616420746
0.10179486125707626
1.1320117712020874
0.46849092841148376
0.6122481226921082
0.13453277945518494
0.16360846161842346
0.3784381151199341
0.4324719309806824
0.7785546183586121
0.40589895844459534
0.47982853651046753
0.3625430762767792
0.8240622282028198
0.2926659882068634
0.8059502840042114
0.18904098868370056
0.42743587493896484
0.3838462233543396
0.33353158831596375
0.3553040623664856
0.3767944276332855
0.04503127187490463
0.15867993235588074
0.662601113319397
0.14234307408332825
0.26750311255455017
0.3732398450374603
0.47063881158828735
0.36301136016845703
0.21088385581970215
0.11623014509677887
0.6324080228805542
0.45064979791641235
0.38793835043907166
0.36525240540504456
0.19035546481609344
0.46025413274765015
0.17559851706027985
0.30726587772369385
0.8175797462463379
0.33633890748023987
0.39032167196273804
0.7433767914772034
0.6760328412055969
0.3452225625514984
0.588627815246582
0.29112619161605835
0.5506118535995483
0.24750003218650818
0.2420390099287033
0.2925640940666199
0.5830408930778503
0.8165392875671387
0.340168297290802
0.2438466101884842
0.6124507784843445
0.2528812289237976
0.3176742494106293
0.28656232357025146
0.20984187722206116
0.6230301856994629
0.6219197511672974
0.37084537744522095
0.5859119892120361
0.17771613597869873
0.40110188722610474
0.30402129888534546
0.621260941028595
0.31329455971717834
0.15416815876960754
0.25665992498397827
0.1704469472169876
0.0821952074766159
0.2789417803287506
0.5153242349624634
0.10124610364437103
0.1764649897813797
0.35340580344200134
0.4222196936607361
0.6684571504592896
0.34272366762161255
0.7583715319633484
0.31699639558792114
0.26134833693504333
0.47924405336380005
0.33468085527420044
0.3487459719181061
0.4929141402244568
0.5215891599655151
0.11803579330444336
0.5775684118270874
0.3096838593482971
0.4291604459285736
0.2727252244949341
0.6220908761024475
0.3673000931739807
0.5156493186950684
0.6193118095397949
0.45841923356056213
0.3539932370185852
0.35017701983451843
0.5307122468948364
0.2023916244506836
0.3214176595211029
0.5193444490432739
0.4395103454589844
0.33676308393478394
0.2168523073196411
0.23576116561889648
0.46718329191207886
0.6286214590072632
0.28359583020210266
0.16150842607021332
0.6643210649490356
0.12716004252433777
0.4128490090370178
0.881702721118927
0.29486149549484253
0.32736343145370483
0.3357016444206238
0.23749151825904846
0.3386228680610657
0.3219168782234192
0.5097084045410156
0.4170820713043213
0.3139393627643585
0.3642400801181793
0.4412747919559479
0.3050272464752197
0.5238415002822876
0.5833545923233032
0.4403097629547119
0.1645449846982956
0.22401456534862518
0.6287997961044312
0.12840721011161804
0.26777738332748413
0.48369139432907104
0.2299068719148636
0.32279282808303833
0.6164494156837463
0.32399892807006836
0.4302336573600769
0.18428488075733185
0.41593870520591736
0.2520385682582855
0.28717881441116333
0.4076728820800781
0.2641325891017914
0.43791598081588745
0.147772878408432
0.5131555795669556
0.32390186190605164
0.5738042593002319
0.15059514343738556
0.486774206161499
0.6491671800613403
0.2802254557609558
0.617223858833313
0.3257600963115692
0.4333338141441345
0.787381112575531
0.38365963101387024
0.300241082906723
0.38203054666519165
0.1462799608707428
0.2545275092124939
0.3441559970378876
0.37287789583206177
0.44313129782676697
0.35740935802459717
0.17504553496837616
0.27308064699172974
0.1993076652288437
0.33237284421920776
0.20227229595184326
0.48072370886802673
0.5585504770278931
0.5400177240371704
0.365837037563324
0.26285508275032043
0.6916681528091431
0.3892514407634735
0.2561172842979431
0.43544211983680725
0.043026167899370193
0.4791714549064636
0.19275537133216858
0.2972351312637329
0.7298094630241394
0.278300404548645
0.2473042756319046
0.4093655049800873
0.47218194603919983
0.5789512991905212
0.6122082471847534
0.44184938073158264
0.6609459519386292
0.7015678286552429
0.20086058974266052
0.42464956641197205
0.3438892960548401
0.6809486150741577
0.6251679062843323
0.27965694665908813
0.22761818766593933
0.3065475523471832
0.7627528309822083
0.4474732279777527
0.22982294857501984
0.0520566925406456
0.38849857449531555
0.2031843215227127
0.30477288365364075
0.8816407918930054
0.5295316576957703
0.43840867280960083
1.1671541929244995
0.5852170586585999
0.11239595711231232
0.38720864057540894
0.16150745749473572
0.28134921193122864
0.3703530728816986
0.6055592894554138
0.10584057867527008
0.1738263964653015
0.5937607884407043
0.34963124990463257
0.36606866121292114
0.20404848456382751
0.4591548442840576
0.5009955763816833
0.3093441128730774
0.2425171136856079
0.2606090009212494
0.8308231234550476
0.36396509408950806
0.4360571801662445
0.35897043347358704
0.23585763573646545
0.6919540762901306
0.35705024003982544
0.1970680207014084
0.28289851546287537
0.25527265667915344
0.16461306810379028
0.5838539004325867
0.4522458016872406
0.46636438369750977
0.5440536737442017
0.42709118127822876
0.274582177400589
0.44930562376976013
0.39537373185157776
0.3260781764984131
0.4884934425354004
0.6234849691390991
0.2462770938873291
0.2761767506599426
0.4139533042907715
0.4844037890434265
0.15251097083091736
0.5263328552246094
0.18675176799297333
0.601220965385437
0.344976007938385
0.3200705945491791
0.5346373319625854
0.4430604875087738
0.2801922857761383
0.37335360050201416
0.31990787386894226
0.5415340065956116
0.7826725244522095
0.08658724278211594
0.5276464223861694
0.15311278402805328
0.3505898118019104
0.2569849193096161
0.12888090312480927
0.40706244111061096
0.23015227913856506
0.34916120767593384
0.2897649109363556
0.2220570147037506
0.14073127508163452
0.4366564154624939
0.1727750599384308
0.39921751618385315
0.46078261733055115
0.9551474452018738
0.4523705840110779
0.4069662094116211
0.16088935732841492
0.458221971988678
0.509665846824646
0.5017970204353333
0.5733376741409302
0.19925430417060852
0.3494599759578705
0.225519061088562
0.3893702030181885
0.5224060416221619
0.48692092299461365
0.5470036864280701
0.3076263666152954
0.33749479055404663
0.21319925785064697
0.3995894193649292
0.5635862350463867
0.46382999420166016
0.22021476924419403
0.19325566291809082
0.40708255767822266
0.31888583302497864
0.5976004600524902
0.5731446146965027
0.7686325311660767
0.20989927649497986
0.6134621500968933
0.41327351331710815
0.3135417103767395
0.16624794900417328
0.0889880433678627
0.4578184485435486
0.2791454493999481
0.34154731035232544
0.3653830587863922
0.4930846691131592
0.42078232765197754
0.8042032122612
0.06343672424554825
0.3118559420108795
0.3621496856212616
0.1412237584590912
0.2610740661621094
0.5219840407371521
0.4166390299797058
0.3684656322002411
0.14756640791893005
0.09262193739414215
0.20403650403022766
0.2978922128677368
0.22202570736408234
0.4498843252658844
0.24442145228385925
0.23197908699512482
0.23521235585212708
0.3438520133495331
0.46449485421180725
0.28236398100852966
0.19238638877868652
0.2317136824131012
0.26379793882369995
0.2841777801513672
0.4381626546382904
0.43366727232933044
0.22059693932533264
0.503383457660675
0.6207249760627747
0.4005884528160095
0.27061137557029724
0.19096556305885315
0.9153340458869934
0.33643507957458496
0.6665116548538208
0.4360576272010803
0.3237764239311218
0.3845190405845642
0.3608112931251526
0.3401111960411072
0.4402698576450348
0.27899035811424255
0.2673637568950653
0.16207104921340942
0.2643592953681946
0.5585055351257324
0.6506807804107666
0.3793044090270996
0.3562844693660736
0.31565526127815247
0.24548661708831787
0.6112050414085388
0.17695894837379456
0.2726408839225769
0.21279606223106384
0.3576439321041107
0.283407598733902
0.3021027147769928
0.40212932229042053
0.7928870916366577
0.32263264060020447
0.2935953736305237
0.3629764914512634
0.4595930576324463
0.2175838053226471
0.14912346005439758
0.649864137172699
0.31471458077430725
1.1512967348098755
0.432292640209198
0.4882639944553375
0.37332388758659363
0.566901445388794
0.1445738524198532
0.22287757694721222
0.3651072382926941
0.4432506561279297
0.18408027291297913
0.5931588411331177
0.6098313927650452
0.15448476374149323
0.2818363308906555
0.324607253074646
0.22865450382232666
0.24363811314105988
0.35959988832473755
0.25445830821990967
0.18742172420024872
0.5126579999923706
0.15464797616004944
0.14279629290103912
0.4374549984931946
0.5275136828422546
0.406815767288208
0.35388123989105225
0.2414364069700241
0.34821611642837524
0.2774539589881897
0.3888739347457886
0.12889622151851654
0.30473965406417847
0.8380728960037231
0.7393428683280945
0.50538170337677
0.3123759925365448
0.31701159477233887
0.24834804236888885
0.24055270850658417
0.28760021924972534
0.22156837582588196
0.12556490302085876
0.19584780931472778
0.8669935464859009
0.23491635918617249
0.3030555248260498
0.34976726770401
0.5779246091842651
0.5479339957237244
0.21141663193702698
0.5620645880699158
0.28229498863220215
0.3592739999294281
0.033313602209091187
0.5008951425552368
0.6213408708572388
0.21197037398815155
0.2216980904340744
0.36142387986183167
0.4818570613861084
0.22900989651679993
0.4445205330848694
0.14632397890090942
0.3434765934944153
0.14938506484031677
0.5283370614051819
0.6372920274734497
0.42499369382858276
0.7297975420951843
0.3355366587638855
0.5596385598182678
0.691287100315094
0.4477674067020416
0.26250261068344116
0.1733563244342804
0.443209707736969
0.15466825664043427
0.6327675580978394
0.3544332683086395
0.13911445438861847
0.22083473205566406
0.6580584645271301
0.16162165999412537
0.27198222279548645
0.45480066537857056
0.3914594054222107
0.21742618083953857
0.5312013030052185
0.6486572027206421
0.37435001134872437
0.2183801680803299
0.31244662404060364
0.1549413651227951
0.09824485331773758
0.3155606687068939
0.4971795082092285
0.5455679893493652
0.23320838809013367
0.41896018385887146
0.48396021127700806
0.20242483913898468
0.779434084892273
0.6231694221496582
0.3118225336074829
0.22798745334148407
0.5978822708129883
0.39527466893196106
0.41958484053611755
0.4938603937625885
0.21755532920360565
0.16651654243469238
0.31579917669296265
0.9713137745857239
0.5522676110267639
0.3659296929836273
0.3035367429256439
0.3812406361103058
0.17791421711444855
0.14471647143363953
0.7598450183868408
0.22158968448638916
0.26010462641716003
0.5510980486869812
0.1888008862733841
0.2323315441608429
0.19227223098278046
0.536870002746582
0.5265402793884277
0.39623576402664185
0.37298583984375
0.27391675114631653
0.5273035764694214
0.3874227702617645
0.3143548369407654
0.3155260682106018
0.3004726469516754
0.3515342175960541
0.1994130164384842
0.9688295125961304
0.4987286925315857
0.37683647871017456
0.13162197172641754
1.0159186124801636
0.08120162785053253
0.2901405096054077
0.5589418411254883
0.20609882473945618
0.5198103189468384
0.3425072133541107
0.17826463282108307
0.5748109221458435
0.47697192430496216
0.30046969652175903
0.22597794234752655
0.3646950423717499
0.6051462888717651
0.31462571024894714
0.42609867453575134
0.35676294565200806
0.7170766592025757
0.5111204385757446
0.4798341691493988
0.5012239217758179
0.8928772807121277
0.42670243978500366
0.39230844378471375
0.40441209077835083
0.7749620676040649
0.6537860035896301
0.4905265271663666
0.31720247864723206
0.31837788224220276
0.19808240234851837
0.4583408236503601
0.595302402973175
0.1619081050157547
0.36942610144615173
0.748320460319519
0.25322049856185913
0.5346184968948364
0.35622185468673706
0.2999841868877411
0.17045363783836365
0.3683992624282837
0.5165425539016724
0.32500165700912476
0.17549483478069305
0.2901874780654907
0.30351871252059937
0.33134424686431885
0.5769656896591187
0.4141639769077301
0.6118449568748474
0.49765849113464355
1.0411953926086426
0.36796361207962036
0.23812183737754822
0.5049413442611694
0.5215834379196167
0.30047526955604553
0.4222235679626465
0.22673776745796204
0.5961923599243164
0.16039282083511353
0.26116839051246643
0.4528217911720276
0.12406525760889053
0.07670648396015167
0.42234334349632263
0.25251832604408264
0.2607680559158325
0.16763952374458313
0.30758124589920044
0.5029693841934204
0.14757314324378967
0.24060264229774475
0.14392521977424622
0.28032058477401733
0.6385487914085388
0.4875386357307434
0.20936553180217743
0.43591681122779846
0.5772749781608582
0.160232812166214
0.13311724364757538
0.6935637593269348
0.6253034472465515
0.7363994121551514
0.14475910365581512
0.5151773691177368
0.38695383071899414
0.1939621865749359
0.5082129836082458
0.5989676713943481
0.3310280442237854
0.38549843430519104
0.24157647788524628
0.7086782455444336
0.3080138564109802
0.1810215264558792
0.4135127663612366
0.0859733521938324
0.19588634371757507
0.2482534945011139
0.9273436665534973
0.28400057554244995
0.23213644325733185
0.13660763204097748
0.8765048980712891
0.3171186149120331
0.669828474521637
0.5112091302871704
0.2779502868652344
0.4763883650302887
0.30054372549057007
0.26020336151123047
0.24492068588733673
0.14186973869800568
0.3594595789909363
0.38947954773902893
0.28576403856277466
0.53911292552948
0.2623264193534851
0.4052669107913971
0.5202750563621521
0.37183207273483276
0.14868886768817902
0.2610810101032257
0.21538302302360535
0.21824762225151062
0.5432535409927368
0.39509230852127075
0.5174828767776489
0.4882429540157318
0.28171032667160034
0.417328417301178
0.6361154913902283
0.26953762769699097
0.19962966442108154
0.2311866581439972
0.1890285164117813
0.31104761362075806
0.18550586700439453
0.23487553000450134
0.10067687928676605
0.26834577322006226
0.05740349367260933
0.31489992141723633
0.49057430028915405
0.4499315321445465
0.2363862246274948
0.44747424125671387
0.42667993903160095
0.6334356069564819
0.18783049285411835
0.25957024097442627
0.49626755714416504
0.18523919582366943
0.3752826154232025
0.3152981400489807
0.784595787525177
0.480076402425766
0.13580146431922913
0.48258909583091736
0.3116341829299927
0.1306653469800949
0.2969568967819214
0.3917325437068939
0.6681914329528809
0.3859778046607971
0.5991912484169006
0.17865495383739471
0.2637411057949066
0.40637606382369995
0.04508048668503761
0.19404862821102142
0.325589120388031
0.20661132037639618
0.3829830288887024
0.09873711317777634
0.16770674288272858
0.4695909023284912
0.33641332387924194
0.10005513578653336
0.5399094223976135
0.31915372610092163
0.6208093166351318
0.7836217284202576
0.46713098883628845
0.1742321103811264
0.22275130450725555
0.42221736907958984
0.2814671993255615
0.2737119197845459
0.3726855516433716
0.3130781054496765
0.1853865087032318
0.362701952457428
0.6823084950447083
0.21721363067626953
0.3343238830566406
0.16579055786132812
0.29923194646835327
0.23937320709228516
0.2650262713432312
0.30844831466674805
0.14279517531394958
0.37793803215026855
0.5148715376853943
0.4383946359157562
0.44182533025741577
0.6397297978401184
0.21873140335083008
0.30438560247421265
0.039188094437122345
0.18348224461078644
0.6331207156181335
0.3196938633918762
0.41777071356773376
0.46791601181030273
0.1625637710094452
0.4552239775657654
0.2377273291349411
0.943392276763916
0.9628897905349731
0.4906650483608246
0.38260048627853394
0.7054241299629211
0.15284660458564758
0.4409540295600891
0.45955052971839905
0.4797182083129883
0.188503697514534
0.7865434885025024
0.3081350028514862
0.1686823070049286
1.6331217288970947
0.24323752522468567
0.4520556330680847
0.47854334115982056
0.6034924387931824
0.3287317156791687
0.20859532058238983
0.33779969811439514
0.31966638565063477
0.19892776012420654
0.6306024789810181
0.6355664134025574
0.4926430284976959
0.3608124554157257
0.5752238035202026
0.6466423273086548
0.7310373783111572
0.2883341908454895
0.45359236001968384
0.18329031765460968
0.36098429560661316
0.5510631799697876
0.4423460364341736
0.20936179161071777
0.10414297878742218
0.3637174665927887
0.3231698274612427
0.3201783001422882
0.1668921262025833
0.25359299778938293
0.44014519453048706
0.9288946390151978
0.49952659010887146
0.42212241888046265
0.3934747278690338
0.08158116042613983
0.24817955493927002
0.21666350960731506
0.28054726123809814
0.3918296694755554
0.1631660759449005
0.5134477615356445
0.34040772914886475
0.30083945393562317
0.23745496571063995
0.6641725301742554
0.12925778329372406
0.16296598315238953
0.5460585951805115
0.30829161405563354
0.33996468782424927
0.47721534967422485
0.38842523097991943
0.8797208666801453
0.484250009059906
0.31546705961227417
0.5878216028213501
0.3094598948955536
0.5198215246200562
0.26375752687454224
0.7000759840011597
0.24568364024162292
0.24840302765369415
0.30847373604774475
0.904077410697937
0.20731501281261444
0.40061312913894653
0.4834401607513428
0.38152503967285156
0.22583170235157013
0.5416091680526733
0.24213485419750214
0.23686274886131287
0.32907634973526
0.17614097893238068
0.6460641026496887
0.1287541687488556
0.3598390221595764
0.8595379590988159
0.15021394193172455
0.6971781253814697
0.21446438133716583
0.3082020878791809
0.23148390650749207
0.4810022711753845
0.5106151103973389
0.199621319770813
0.4141523838043213
0.19870439171791077
0.2605868875980377
0.914370059967041
0.20041584968566895
0.27623558044433594
0.585616946220398
1.0363850593566895
0.44564303755760193
1.0880402326583862
0.4466511309146881
0.3166501224040985
0.4900297224521637
0.5845707058906555
0.39829128980636597
0.4412521421909332
0.2985913157463074
0.4852600693702698
0.25424209237098694
0.27285414934158325
0.4678758978843689
0.14153677225112915
0.17494603991508484
0.12968499958515167
0.5360833406448364
0.3406220078468323
0.4436807632446289
1.099568247795105
0.44044193625450134
0.8589900732040405
0.20124562084674835
0.2269279956817627
0.2346879243850708
0.6701261401176453
0.2827664613723755
0.7459135055541992
0.1322108805179596
0.5751773118972778
0.2622627913951874
0.7857765555381775
0.41644972562789917
1.3111393451690674
0.365667462348938
0.31098824739456177
0.38356655836105347
0.4819831848144531
0.40556105971336365
0.35646289587020874
0.5949203372001648
0.4858446717262268
0.3311886787414551
0.5098269581794739
0.1326640546321869
1.0084456205368042
0.38019412755966187
0.4679792523384094
0.3731685280799866
0.9174462556838989
0.18152838945388794
0.4668463170528412
0.5803822875022888
0.2541431188583374
0.362493097782135
0.4218929409980774
0.735087513923645
0.29495278000831604
0.5744503736495972
0.26322007179260254
0.34416094422340393
0.3188350796699524
0.30199527740478516
0.3258809447288513
0.11532577127218246
0.7940746545791626
0.3582764267921448
0.4862443506717682
0.5241445899009705
0.2574796974658966
0.4202516973018646
0.610640823841095
0.4845665991306305
0.16861344873905182
0.6157785654067993
0.16970597207546234
0.17719635367393494
0.3761870265007019
0.32954779267311096
0.528331995010376
0.40696248412132263
0.22115154564380646
0.6815981864929199
0.22115442156791687
0.27563077211380005
0.6312329769134521
0.369190514087677
0.0812252089381218
0.29570919275283813
0.40461868047714233
0.2692960500717163
0.2400749921798706
0.2208922803401947
0.18173418939113617
0.32307469844818115
0.3810785412788391
0.523588240146637
0.3876599371433258
0.33331018686294556
0.27155792713165283
0.344546377658844
0.5502761006355286
0.24935674667358398
0.5605978965759277
0.3453947603702545
0.44939255714416504
0.2760154604911804
0.36072057485580444
0.263115793466568
0.11843268573284149
0.3405841588973999
0.31984129548072815
0.5679811239242554
0.6287502646446228
0.4110778868198395
0.34447136521339417
0.3540380299091339
0.3840872049331665
0.39195653796195984
0.34023499488830566
0.4842308461666107
0.10613758862018585
0.9742909669876099
0.4308551847934723
0.9388362169265747
0.2560414969921112
0.37825337052345276
0.26362529397010803
0.2310892790555954
0.4696967601776123
0.4347865581512451
0.16504541039466858
0.2821579873561859
0.32578498125076294
0.3027145564556122
0.16288810968399048
0.19212767481803894
0.2324354350566864
0.685748815536499
0.23705771565437317
0.1679804027080536
0.6525841951370239
0.16645509004592896
0.2456744909286499
0.4321002960205078
0.4122103154659271
0.27489173412323
0.7140191793441772
0.3567320704460144
0.31856757402420044
0.36340755224227905
0.4295184016227722
0.3491452932357788
0.39762264490127563
0.27517881989479065
0.1965278536081314
0.43315139412879944
0.6382902264595032
0.4263531565666199
0.6115908622741699
0.1412300169467926
0.2056877315044403
0.44764289259910583
0.09699739515781403
0.26166990399360657
0.4760591983795166
0.16547513008117676
0.6840770840644836
0.24238388240337372
0.2676604390144348
0.3869951665401459
0.20757579803466797
0.1211734414100647
0.6261796951293945
0.20268142223358154
0.21748550236225128
0.5636773109436035
0.5779350996017456
0.2327292412519455
0.35300007462501526
0.2807859778404236
0.7442379593849182
0.21076376736164093
0.5900630950927734
0.3395863175392151
0.3574507534503937
0.26443392038345337
0.18959568440914154
0.559147834777832
0.4376283288002014
0.3126075863838196
0.41036146879196167
0.2370082139968872
0.44932857155799866
0.5023611783981323
0.44987383484840393
0.2366243302822113
0.5009667873382568
0.3719863295555115
0.14840902388095856
0.9237995147705078
0.12973693013191223
0.42461180686950684
0.4130632281303406
0.5668141841888428
0.13687916100025177
0.21109072864055634
0.5540533065795898
0.3630663752555847
0.17110565304756165
0.5575803518295288
0.149593323469162
0.3325047194957733
0.5617650151252747
0.23746749758720398
0.2934226989746094
0.6324950456619263
0.7033401727676392
0.34665828943252563
0.6359623670578003
0.2726280987262726
0.6052724123001099
0.17100027203559875
0.9180864095687866
0.46108657121658325
0.36153754591941833
0.43682774901390076
0.15016384422779083
0.17775699496269226
0.3661803603172302
0.4179529547691345
0.20909054577350616
0.4434971809387207
0.2899506688117981
0.3817194998264313
0.5332362055778503
0.875015139579773
0.217544287443161
0.23619404435157776
0.2092457115650177
0.25316372513771057
0.41111335158348083
0.560407280921936
0.19138666987419128
0.4897821843624115
0.3978350758552551
0.39969539642333984
0.11060309410095215
0.581809401512146
0.25612184405326843
0.14198248088359833
0.28955763578414917
0.2870442867279053
0.18647980690002441
0.4978117346763611
0.3860240876674652
0.7299978137016296
0.3067072033882141
0.9486573338508606
0.33365124464035034
0.22529146075248718
0.10093209892511368
0.5088235139846802
0.19815577566623688
0.3706112205982208
0.1991625726222992
0.47669196128845215
0.4197748303413391
0.39252930879592896
0.14550845324993134
0.39159613847732544
0.550748348236084
0.19955602288246155
0.20262205600738525
0.5798074007034302
0.21577613055706024
0.5631648898124695
0.4014968276023865
0.38247230648994446
0.22024352848529816
0.567721962928772
0.3047768473625183
0.7162805795669556
0.22239165008068085
0.36941832304000854
0.3730016350746155
0.3639684021472931
0.1713583618402481
0.316568523645401
0.24968373775482178
0.6636582612991333
0.36826688051223755
0.5032162666320801
0.24638287723064423
0.42795810103416443
0.07861855626106262
0.1763787567615509
0.8155471086502075
0.42346590757369995
0.42049843072891235
0.4373510479927063
0.21906740963459015
0.7878290414810181
0.2576814293861389
0.20215484499931335
0.18319356441497803
0.28163549304008484
0.3795115351676941
0.5736110210418701
0.14222444593906403
0.09516658633947372
0.7988929152488708
0.5197361707687378
0.45970749855041504
0.5975362658500671
0.2562113404273987
0.41133031249046326
0.7695465683937073
0.5888785123825073
0.2645690441131592
0.28801360726356506
0.26137298345565796
0.8278144001960754
0.5782164335250854
0.2503778040409088
0.3220638334751129
0.37674444913864136
0.15048690140247345
0.40289250016212463
0.3361480236053467
0.6194062829017639
0.3425138294696808
0.6012347936630249
0.14374130964279175
0.4722874164581299
0.2901514172554016
0.5654218792915344
0.36760473251342773
0.24524597823619843
0.15890003740787506
0.3027576804161072
0.43809372186660767
0.35896244645118713
0.7385156154632568
0.2544693946838379
0.15340617299079895
0.4443872570991516
0.36794060468673706
0.13664524257183075
0.3115783929824829
0.24724335968494415
0.8594344854354858
0.32681146264076233
0.8380789756774902
0.23949089646339417
0.3842460811138153
0.3800671398639679
0.27586793899536133
0.37162643671035767
0.11231239140033722
0.531022846698761
0.4755294919013977
0.5337715148925781
0.23875372111797333
0.3169689476490021
0.2646227478981018
0.7508661150932312
0.42174023389816284
0.3764207065105438
0.2417832911014557
0.3127327561378479
0.48991793394088745
0.3033504784107208
0.11711426079273224
0.13477358222007751
0.2673104405403137
0.7121306657791138
0.3631322681903839
0.2862510085105896
0.16292428970336914
0.43657130002975464
0.7308350801467896
0.4339490532875061
0.4930843710899353
0.13784834742546082
0.4071190357208252
0.5652686953544617
0.7212996482849121
0.44145527482032776
0.20355448126792908
0.47703203558921814
0.37474900484085083
0.10317204147577286
0.28636980056762695
0.1707243025302887
0.5739193558692932
0.31948184967041016
0.19384445250034332
0.3165149986743927
0.33174359798431396
0.3335830867290497
0.34305670857429504
0.43869084119796753
0.2500503361225128
0.18121689558029175
0.34365159273147583
0.6939266920089722
0.42542871832847595
0.4151588976383209
0.46334320306777954
0.15864047408103943
0.2178965061903
0.41584640741348267
0.19456808269023895
0.7487241625785828
0.24776002764701843
0.5486774444580078
0.1585104912519455
0.3009030222892761
0.28302040696144104
0.27549880743026733
0.23167884349822998
0.7180608510971069
0.4530755877494812
0.6542073488235474
0.2010229378938675
0.2921448051929474
0.17798279225826263
0.604964017868042
0.6191526651382446
0.5320854783058167
0.40150660276412964
0.11408088356256485
0.4255746006965637
0.6713341474533081
0.2476627081632614
0.4617058336734772
0.38445115089416504
0.4118279814720154
0.4436022639274597
0.19314789772033691
0.255726158618927
0.43826237320899963
0.15505333244800568
0.5509440898895264
0.5689682364463806
0.1705065816640854
0.4150784909725189
0.3153690695762634
0.2225455343723297
0.3922363221645355
0.24261970818042755
0.20741483569145203
0.2980068624019623
0.5768915414810181
0.7276830077171326
0.5749832987785339
0.3095806837081909
1.1842378377914429
0.24999940395355225
0.225093811750412
0.2209779918193817
0.9114481210708618
0.9214574694633484
0.6337443590164185
0.307079941034317
0.15792067348957062
0.6136499643325806
0.5666030645370483
0.18349751830101013
0.2944929897785187
0.5845345854759216
0.37573182582855225
0.3726097047328949
0.2964460551738739
0.5035215020179749
0.4005703926086426
0.2744690775871277
0.5207675695419312
0.40090852975845337
0.5724015235900879
0.2138313353061676
0.4100554585456848
0.6891189813613892
0.4649955630302429
0.3882283866405487
0.15557867288589478
0.41512733697891235
0.24327781796455383
0.15895505249500275
0.5417965650558472
0.21484151482582092
0.585586428642273
0.40645021200180054
0.3105837106704712
0.34903377294540405
0.5723219513893127
0.2899989187717438
0.37536871433258057
0.25771117210388184
0.9011883735656738
0.20769155025482178
0.45590195059776306
0.3589818477630615
0.5526267886161804
0.2877586781978607
0.6540766954421997
0.5312544107437134
0.5260094404220581
0.26326265931129456
0.5480626225471497
0.34999555349349976
0.2139391005039215
0.607403576374054
0.31952354311943054
0.3528319001197815
0.266676664352417
0.591108500957489
0.09730567783117294
0.3178704082965851
0.24462147057056427
0.4217740595340729
0.5133386254310608
0.6119418740272522
0.2308378666639328
0.30127567052841187
0.3781929314136505
0.3666689991950989
0.32260861992836
0.27532315254211426
0.5000404119491577
0.37716609239578247
0.5528205633163452
0.44853997230529785
0.3107134997844696
0.6057387590408325
0.2978770136833191
0.4051019549369812
0.4864591956138611
0.18741163611412048
0.2243783175945282
0.27864494919776917
0.1772032082080841
0.22477181255817413
0.24837470054626465
0.56798255443573
0.35395002365112305
0.6656900644302368
0.41416454315185547
0.4948364794254303
0.6129587292671204
0.20495100319385529
0.2899337410926819
0.2195267379283905
0.6026533842086792
0.28641194105148315
0.26850834488868713
0.20461240410804749
0.8052343130111694
0.33482497930526733
0.4255777895450592
0.24455991387367249
0.7067660689353943
0.6660992503166199
0.5535458326339722
0.11501415818929672
0.19270896911621094
0.1428290754556656
0.3142353892326355
0.36053746938705444
0.40779319405555725
0.39057111740112305
0.25551706552505493
0.38898369669914246
0.3966968059539795
0.7133365273475647
0.790204644203186
0.32059040665626526
0.49880385398864746
0.3503718078136444
1.010011076927185
0.15772345662117004
0.26864585280418396
0.8781231641769409
0.16248643398284912
0.18296678364276886
0.6082152128219604
0.3230711817741394
0.16675618290901184
0.2581206262111664
0.45641574263572693
0.28105345368385315
0.9183478355407715
0.3708091378211975
0.48957371711730957
0.857345461845398
0.7121418118476868
0.19220544397830963
0.15187622606754303
0.47176074981689453
0.5453986525535583
0.18929196894168854
0.27443984150886536
0.25681987404823303
0.31867459416389465
0.45896801352500916
0.225291445851326
0.16164569556713104
0.3017827868461609
0.2033156454563141
0.14941315352916718
0.4954095482826233
0.3752422630786896
0.25092118978500366
0.293944776058197
0.2018010914325714
0.36898329854011536
0.4516284465789795
0.33104509115219116
0.48933249711990356
0.10385638475418091
0.15081098675727844
0.4693868160247803
0.2039397954940796
0.4664493501186371
0.367309033870697
0.1859702616930008
0.30228227376937866
0.23637929558753967
0.7321032881736755
0.31325915455818176
0.4112609922885895
0.4192432463169098
0.553415834903717
0.08753496408462524
0.4589908719062805
0.18212828040122986
0.07425466924905777
0.32712557911872864
0.24399574100971222
0.22128088772296906
0.5251954793930054
0.2402959167957306
0.4979483485221863
0.19203978776931763
0.4903579652309418
0.24437150359153748
0.30435848236083984
0.5908005833625793
0.5631197690963745
0.3303077816963196
0.21381306648254395
0.2720041275024414
0.46498432755470276
0.7478088736534119
0.37136393785476685
0.6453782916069031
0.3614921271800995
0.19794945418834686
0.3849553167819977
0.15503254532814026
0.12614844739437103
0.33349519968032837
0.4068063199520111
0.4629603326320648
0.33272650837898254
0.25784730911254883
0.2549746334552765
0.4651130735874176
0.1945047825574875
0.542985200881958
0.11371743679046631
0.19922097027301788
0.2506830096244812
0.5758939981460571
0.19599953293800354
0.23100893199443817
0.15249396860599518
0.17521131038665771
0.5475744009017944
0.12815526127815247
0.2576574683189392
0.370718777179718
0.698562502861023
0.3582320809364319
0.2414981871843338
0.29668959975242615
0.5103240013122559
0.4548712372779846
0.21714773774147034
0.34216195344924927
0.258510023355484
0.23720857501029968
0.1545029878616333
0.5819307565689087
0.5379484295845032
0.10802184045314789
0.3193128705024719
0.435569703578949
0.2651757299900055
0.9513185620307922
0.42064833641052246
0.9536445736885071
0.49011605978012085
0.15922023355960846
0.2072782814502716
0.14566028118133545
0.2637895941734314
0.24451224505901337
0.31545621156692505
0.6231611371040344
0.37170618772506714
0.2688309848308563
0.2892555594444275
0.3020913302898407
0.9121404886245728
0.6760122776031494
0.6067790985107422
0.7042142152786255
0.6449442505836487
0.3347368538379669
0.2727341055870056
0.3644776940345764
0.30348697304725647
0.41783618927001953
0.46580934524536133
0.26928478479385376
0.24332532286643982
0.36019521951675415
0.4130018353462219
0.5064201354980469
0.34896472096443176
0.5068643689155579
0.3692706227302551
0.5695078372955322
0.4272097051143646
0.3030443489551544
0.27896854281425476
0.24744673073291779
0.16290567815303802
0.3400035798549652
0.3196847140789032
0.16828088462352753
0.6497989892959595
0.320019394159317
0.26083362102508545
0.24889716506004333
0.4302983283996582
0.11804618686437607
0.3914368152618408
1.0159803628921509
0.4738937318325043
0.7434293627738953
0.31667882204055786
0.14042262732982635
0.4954553544521332
0.43339768052101135
0.24567262828350067
0.21280768513679504
0.65306156873703
0.4878607392311096
0.287663996219635
0.3672943711280823
0.07940752804279327
0.38161808252334595
0.3675658106803894
0.21766427159309387
0.536426842212677
0.3325405716896057
0.28277167677879333
0.21938998997211456
0.17263928055763245
0.6642979979515076
0.45143336057662964
0.5012789964675903
0.37648218870162964
0.2971329092979431
0.34840771555900574
0.7554939389228821
0.2486000508069992
0.6182507872581482
0.36130911111831665
0.25227874517440796
0.3294079601764679
0.34420210123062134
0.32875144481658936
0.08945807069540024
0.5134708285331726
0.5457799434661865
0.19565248489379883
0.4310153126716614
0.46222057938575745
0.3936517834663391
0.18271154165267944
0.3330571949481964
0.22419555485248566
0.465834379196167
0.7340960502624512
0.3898242712020874
0.3483831584453583
0.3723466396331787
0.12602058053016663
0.9104101061820984
0.49357709288597107
0.31965500116348267
0.31780457496643066
0.49959641695022583
0.18281999230384827
0.2970120906829834
0.3974702060222626
0.5897168517112732
0.38660141825675964
0.5920248627662659
0.08900541812181473
0.43919068574905396
0.8430987596511841
0.2739082872867584
0.22345101833343506
0.3387067914009094
0.3580996096134186
0.24891376495361328
0.25425878167152405
0.26675158739089966
0.3802761137485504
0.70818692445755
0.21548263728618622
0.07436597347259521
0.17302750051021576
0.8308931589126587
0.35481709241867065
0.2482062131166458
0.2558349370956421
0.6758826375007629
0.9171184301376343
0.821932315826416
0.2883375287055969
0.27117785811424255
0.29708486795425415
0.35955947637557983
0.3598504364490509
0.23893296718597412
0.5718754529953003
0.7315279245376587
0.3619121313095093
0.402923583984375
0.3748472332954407
0.8046174049377441
0.6655200719833374
0.36800527572631836
0.5963443517684937
0.2584027647972107
0.4277125895023346
0.5482932925224304
0.25648927688598633
0.8054307699203491
0.23946067690849304
0.37940868735313416
0.2590194344520569
0.2338750660419464
0.2919926345348358
0.43813830614089966
0.20690932869911194
0.31776517629623413
0.2647795081138611
0.3104821741580963
0.9119036793708801
0.3263067603111267
0.5508251190185547
0.2934880256652832
0.17227154970169067
0.2567080855369568
0.2673306465148926
0.5674439072608948
0.415738970041275
0.38377708196640015
0.4819759428501129
0.3406422436237335
0.4683046340942383
0.3778960108757019
0.7138141989707947
0.34587910771369934
0.5830926895141602
0.6587923169136047
0.28927892446517944
0.13302116096019745
0.3398638069629669
0.5884870886802673
0.4298773407936096
0.272502601146698
0.5076020359992981
0.3293454051017761
0.27882978320121765
0.4847481846809387
0.2423696219921112
0.5320702195167542
0.4945097863674164
0.3543928563594818
0.2942394018173218
0.30752408504486084
0.22775807976722717
0.6250115633010864
0.7242470383644104
0.268352746963501
0.470235675573349
0.42259159684181213
0.5867860913276672
0.18327079713344574
0.2015911340713501
0.3903690278530121
0.2915215492248535
1.2794396877288818
0.47167667746543884
0.4297102987766266
0.40097904205322266
0.26586490869522095
0.7397988438606262
0.399640828371048
0.4246516227722168
0.514430582523346
0.1921209692955017
0.2848203182220459
0.6465723514556885
0.6299493312835693
0.2890245318412781
0.2340463399887085
0.3567728102207184
0.657802402973175
0.6088451147079468
0.476318895816803
0.3199314475059509
0.39694225788116455
0.4376993179321289
0.41583171486854553
0.35941195487976074
0.46434321999549866
0.3380403220653534
0.1884332001209259
0.5754947066307068
0.3879300057888031
0.6068585515022278
0.0890868753194809
0.6575843691825867
0.7758848667144775
0.5920494198799133
0.9363505244255066
0.47350987792015076
0.30536967515945435
0.47126859426498413
0.451259046792984
0.28780099749565125
0.12648925185203552
0.5174931287765503
0.2963320016860962
0.18079444766044617
0.4864526689052582
0.24816842377185822
0.38359975814819336
0.342526912689209
0.5316412448883057
0.7284809350967407
0.339257150888443
0.404289573431015
0.3164287805557251
0.35560399293899536
0.14341840147972107
0.6246882081031799
0.4397961497306824
0.7485416531562805
0.3316192626953125
0.20287127792835236
0.28101950883865356
0.20064537227153778
0.09667420387268066
0.28576087951660156
0.2278062403202057
0.24919983744621277
0.28967997431755066
0.16535156965255737
0.45315104722976685
0.2830440402030945
0.48931416869163513
0.40017446875572205
0.2578246295452118
0.6942650675773621
0.4114382266998291
0.30176740884780884
0.49293604493141174
0.16326221823692322
0.4534359872341156
0.35271698236465454
0.5631301999092102
0.4299619197845459
0.16069093346595764
0.32824307680130005
0.5208609104156494
0.30328232049942017
0.45247697830200195
0.08424197137355804
0.40118852257728577
0.6788389086723328
0.2478140890598297
0.5519111752510071
0.610287606716156
0.2074010819196701
0.5268135070800781
0.3764987289905548
0.23713013529777527
0.20258431136608124
0.41472524404525757
0.33619290590286255
0.30486202239990234
0.3087571859359741
0.641128420829773
0.4066321849822998
0.3100200295448303
0.2687777876853943
0.3098010718822479
0.2407209575176239
0.36167916655540466
0.5465816259384155
0.17644309997558594
0.4142107367515564
0.07513334602117538
0.48770299553871155
0.7441953420639038
0.293372243642807
0.2586626410484314
0.2759081721305847
0.2779357433319092
0.1763484627008438
0.3517616391181946
0.29713174700737
0.45313000679016113
0.34873881936073303
0.3084850609302521
0.32104331254959106
0.45605477690696716
0.11826422065496445
0.4719977378845215
0.49209851026535034
0.361390084028244
0.37386828660964966
0.5210927724838257
0.24170222878456116
0.6379958391189575
0.32002002000808716
0.5401828289031982
0.2796236276626587
0.47192850708961487
0.11446505784988403
0.3613086938858032
0.5427208542823792
0.5699101686477661
0.34069934487342834
0.08183516561985016
0.25291040539741516
0.2772600054740906
0.16700966656208038
0.4435238838195801
0.6872110366821289
0.4051562249660492
0.1190868392586708
0.41070181131362915
0.23465177416801453
0.33189183473587036
0.6671770811080933
0.3071961998939514
0.2783856987953186
0.3383445143699646
0.29555028676986694
0.7218101024627686
0.4810144305229187
0.2943604588508606
0.38457122445106506
0.7778062224388123
0.6758497357368469
0.28836578130722046
0.9233260154724121
0.12389662116765976
0.15600237250328064
0.44367218017578125
0.3514048159122467
0.37907883524894714
0.22087900340557098
0.43833160400390625
0.06772018224000931
0.41288429498672485
0.22215883433818817
0.16964560747146606
0.22981710731983185
0.37318935990333557
0.3339311480522156
0.581093430519104
0.11342895030975342
0.3110286593437195
0.20061564445495605
0.42936867475509644
0.49780750274658203
0.35519081354141235
0.3582969307899475
0.07122685760259628
0.43168631196022034
0.3673970103263855
0.26928550004959106
0.6673827767372131
0.2039913684129715
0.4103167653083801
0.17331664264202118
0.2478376179933548
0.10341813415288925
0.4347517490386963
0.3944646418094635
0.38026052713394165
0.30307653546333313
0.12029887735843658
0.3070421814918518
0.3816070258617401
0.4953708052635193
0.5305249094963074
0.2774342894554138
0.210641548037529
0.7311639785766602
0.43430304527282715
0.33090680837631226
0.2522795796394348
0.21573194861412048
1.0096176862716675
0.365836501121521
0.3599677085876465
0.2626538574695587
0.2791631817817688
0.2336760014295578
0.42949017882347107
0.7143413424491882
0.6012715101242065
0.27563217282295227
0.20976917445659637
0.8124489784240723
0.4492805600166321
0.7835501432418823
0.36555737257003784
0.5224040746688843
0.17054596543312073
0.4106975495815277
0.32337138056755066
0.2845655381679535
0.4493744969367981
0.4544462263584137
0.13138608634471893
0.4261876046657562
0.35150426626205444
0.2745826840400696
0.3828282356262207
0.17063525319099426
0.7372562289237976
0.6788038015365601
0.19831593334674835
0.29194581508636475
0.27234554290771484
0.3246406316757202
0.30602142214775085
0.5203201770782471
0.2441205084323883
0.3614184856414795
0.1422525942325592
0.5682829022407532
0.1604613959789276
0.37002432346343994
0.2890980541706085
0.280537873506546
0.14779022336006165
0.36321350932121277
0.23549047112464905
0.18482650816440582
0.35721781849861145
0.3736288249492645
0.6012680530548096
0.2385275810956955
0.14713948965072632
0.4435060918331146
0.2585560083389282
1.2015595436096191
0.4441956877708435
0.6144585013389587
0.2500052750110626
0.3025795519351959
0.4180467128753662
0.16929347813129425
0.27320459485054016
0.4150136113166809
0.4503144323825836
0.39840903878211975
0.25904446840286255
0.37917420268058777
0.4624496400356293
0.814993679523468
0.14365167915821075
0.1545613557100296
0.5872300863265991
0.3775627315044403
0.7301034927368164
0.46868568658828735
0.47850456833839417
0.0988617017865181
0.7045607566833496
0.23090815544128418
0.2016516476869583
0.2561056315898895
0.04373782128095627
0.2444671094417572
0.17408570647239685
0.34700170159339905
0.3995853662490845
0.17535634338855743
0.2266407459974289
0.45342907309532166
0.3635907471179962
0.2996869683265686
0.2569110095500946
0.20240290462970734
0.3275631070137024
0.1681843400001526
0.24297478795051575
0.19340780377388
0.1121758446097374
0.8247186541557312
0.492959588766098
0.8004385828971863
0.3555235266685486
0.21310047805309296
0.4842435419559479
0.6842666268348694
0.6533607244491577
0.35921066999435425
0.7379850149154663
0.1717868596315384
0.22178344428539276
0.3586880564689636
0.3508095145225525
0.09545407444238663
0.31731635332107544
0.3939001262187958
0.5439273118972778
0.3935750424861908
0.8199446797370911
0.32668840885162354
0.38418543338775635
0.44072213768959045
0.6818330883979797
0.46874505281448364
0.21196189522743225
0.6022049784660339
0.4039921760559082
0.09226568043231964
0.23722831904888153
0.3463652729988098
0.4021327495574951
0.467886745929718
0.23940451443195343
0.2990618646144867
0.7969918847084045
0.2673923969268799
0.41374486684799194
0.5222764611244202
0.31315481662750244
0.4127199053764343
0.6059437394142151
0.2593720853328705
0.41495075821876526
0.1854342520236969
0.5864242315292358
0.49532538652420044
0.8161495923995972
0.3848692774772644
0.6324157118797302
0.1897296905517578
0.3428308367729187
0.7010715007781982
0.24401207268238068
0.2824864983558655
0.8198229074478149
0.29898953437805176
0.41996079683303833
0.2684650123119354
0.3831231892108917
0.6664371490478516
0.3469351530075073
0.3342839777469635
0.1875433474779129
0.5560844540596008
0.33022433519363403
0.6338642835617065
0.10167165100574493
0.4240778088569641
0.297604501247406
0.13530877232551575
0.34710365533828735
0.3246600329875946
0.3011047840118408
0.5267841815948486
0.20426228642463684
0.285774827003479
0.25945740938186646
0.2599238157272339
0.12071217596530914
0.34755855798721313
0.5547601580619812
0.20894062519073486
0.5646743178367615
0.5088841915130615
0.5801264643669128
0.20147545635700226
0.14247998595237732
0.4457152485847473
0.11671800911426544
0.4879356920719147
0.07317354530096054
0.43704915046691895
0.18153908848762512
0.3787296414375305
0.4180995523929596
0.3793124556541443
0.34731343388557434
0.41552233695983887
0.23521573841571808
0.5507679581642151
0.5374308824539185
0.47958555817604065
0.4788645803928375
0.5018037557601929
0.5381599068641663
0.19382254779338837
0.4488849639892578
0.30694639682769775
0.07083962112665176
0.7396534085273743
0.30593910813331604
0.8209823369979858
0.2044665366411209
0.2846413552761078
0.48315081000328064
0.26127880811691284
0.33327868580818176
0.08577482402324677
0.43879252672195435
0.4954850673675537
0.2661614716053009
0.5380114912986755
0.3433794379234314
0.41448068618774414
0.3609732985496521
0.23224011063575745
0.5439302921295166
0.18685922026634216
0.430826336145401
0.4876447319984436
0.6698087453842163
0.5221633315086365
0.18079140782356262
0.4001105725765228
0.3091903328895569
0.4222341477870941
0.484314501285553
0.2616744339466095
0.7053617238998413
0.39027926325798035
0.36128371953964233
0.38742804527282715
0.33034369349479675
0.17018690705299377
0.40573087334632874
0.4027211666107178
0.41550153493881226
0.4079383313655853
0.1902899146080017
0.46466606855392456
0.4156121611595154
0.48158177733421326
0.517404317855835
0.5433989763259888
0.38639628887176514
0.3126574158668518
0.2657342851161957
0.4800277352333069
0.2683444619178772
0.538086473941803
0.6205146312713623
0.310494065284729
0.30239343643188477
0.22830700874328613
0.12978877127170563
0.385277658700943
0.5487886667251587
0.6360884308815002
0.5125576853752136
0.5281825065612793
0.754530668258667
0.592091977596283
0.30878162384033203
0.3572855591773987
0.3602765202522278
0.2528586983680725
0.13130584359169006
0.32873448729515076
0.29498666524887085
0.2183920443058014
0.3119383454322815
0.23248764872550964
0.3672436475753784
0.5405809283256531
0.34118518233299255
0.9127558469772339
0.6390387415885925
0.9448642730712891
0.4067758023738861
0.2952197194099426
0.325259804725647
0.17799995839595795
0.7026611566543579
0.25075072050094604
0.4912424683570862
0.7321711778640747
0.04478397220373154
0.2704954743385315
0.3404121994972229
0.5302827954292297
0.1942278891801834
0.4309471547603607
0.42841824889183044
0.2922814190387726
0.3361440598964691
0.1978338062763214
0.49876514077186584
0.22854390740394592
0.3428531885147095
0.34752848744392395
0.2653670608997345
0.43432432413101196
0.3327087461948395
0.3817909359931946
0.23165008425712585
0.24536839127540588
0.513508677482605
0.08767451345920563
0.21004757285118103
0.17515435814857483
0.2643973231315613
0.24398159980773926
0.416370689868927
0.10477353632450104
0.1460885852575302
0.2247653305530548
0.3072507083415985
0.1358814239501953
0.44428181648254395
0.34068453311920166
0.2404799908399582
0.33899426460266113
0.2691882252693176
0.1429932713508606
0.15696053206920624
0.4316495358943939
0.4811632037162781
0.295357882976532
0.29566043615341187
0.43695369362831116
0.08450105786323547
0.26635852456092834
0.43442362546920776
0.6548846960067749
0.6000482439994812
0.32091251015663147
0.5107681155204773
0.7496799230575562
0.3909544348716736
0.39604705572128296
0.38680386543273926
0.39458873867988586
0.4981074929237366
0.7804750800132751
0.3739824891090393
0.5421323180198669
0.21936102211475372
0.6990447044372559
0.5926156044006348
0.5591862201690674
0.2745693325996399
0.8892892599105835
0.5394294857978821
0.7512991428375244
0.16797573864459991
0.4480465054512024
0.4826735556125641
0.15198221802711487
0.44321489334106445
0.39550283551216125
0.6375632882118225
0.20056864619255066
0.35815542936325073
0.28731223940849304
0.327828586101532
0.5943682789802551
0.38577279448509216
0.20121264457702637
0.40867844223976135
0.7084648013114929
0.2350994348526001
0.14040464162826538
0.45401161909103394
0.3273455500602722
0.398494690656662
0.1940966099500656
0.3921108841896057
0.3866732120513916
0.3626318573951721
0.22649507224559784
0.44073694944381714
0.3769057095050812
0.10876933485269547
0.5486935377120972
0.5091888904571533
0.6408306360244751
0.35494545102119446
0.4116106927394867
0.26993077993392944
0.4880174696445465
0.2989129424095154
0.34023064374923706
0.4219260811805725
0.3859960436820984
0.6369260549545288
0.3974974751472473
0.2681388854980469
0.18787798285484314
0.504099428653717
0.20709116756916046
0.3127003610134125
0.18986783921718597
0.4087584614753723
0.5515016317367554
0.4355570673942566
0.5580151081085205
0.12492372840642929
0.3797397315502167
0.12535542249679565
0.2310125082731247
0.3503725528717041
0.3743595480918884
0.6984880566596985
0.32608991861343384
0.48186007142066956
0.14030614495277405
0.37966763973236084
0.4106273651123047
0.2687877416610718
0.2096797525882721
0.20368997752666473
0.4835015833377838
0.24535217881202698
0.32616156339645386
0.41234850883483887
0.5185772180557251
0.07605499774217606
0.2738409638404846
0.5358967781066895
0.4877726435661316
0.4242487847805023
0.47190412878990173
0.40828394889831543
0.19245819747447968
0.1366361528635025
0.47753602266311646
0.37927454710006714
0.15068966150283813
0.4639294147491455
0.3247787356376648
0.42425036430358887
0.5797756314277649
0.4213663637638092
0.3132030963897705
0.20651300251483917
0.35750195384025574
0.751610517501831
0.2532147765159607
0.3813038468360901
0.3902676999568939
0.25612980127334595
0.3288242816925049
0.5577715635299683
0.3040545582771301
0.393136203289032
0.2820315957069397
0.433459609746933
0.4382992386817932
0.1810329407453537
0.29114407300949097
0.20291149616241455
0.709841251373291
0.36835092306137085
0.30737394094467163
0.6530176997184753
0.8060271143913269
0.20961248874664307
0.26894229650497437
0.5067130327224731
0.45518922805786133
0.3553231358528137
0.3112561106681824
0.12561799585819244
0.2507241368293762
0.4653903543949127
0.6051895022392273
0.4153146743774414
0.4834236204624176
0.24220776557922363
0.4824766218662262
0.414682000875473
0.4666181206703186
0.31145891547203064
0.3621075451374054
0.3723752200603485
0.3024086356163025
0.14438045024871826
0.583081841468811
0.42683300375938416
0.2318861484527588
0.34880000352859497
0.29457515478134155
0.448547899723053
0.48910465836524963
0.40254679322242737
0.39650315046310425
0.36675941944122314
0.6419693231582642
0.34787359833717346
0.18725714087486267
0.3242702782154083
0.45181339979171753
0.24855613708496094
0.3109225928783417
0.10367610305547714
0.5680177807807922
0.43889713287353516
0.6152318716049194
0.31945866346359253
0.5842709541320801
0.4439014792442322
0.36221843957901
0.34515470266342163
0.6141296029090881
0.2017163783311844
0.3599580228328705
0.40757879614830017
0.2840920388698578
0.37363260984420776
0.4581216871738434
0.49210628867149353
0.2970483899116516
0.22627532482147217
0.2614665925502777
0.7298513054847717
0.6381545066833496
1.1189115047454834
0.4661247134208679
0.24371632933616638
0.667473554611206
0.21558435261249542
0.41931694746017456
0.48776325583457947
0.17099431157112122
0.48639917373657227
0.29687291383743286
0.39131084084510803
0.34451815485954285
0.21496129035949707
0.3074398636817932
0.18660032749176025
0.3979261517524719
0.4509710371494293
0.1297188401222229
0.5789434313774109
0.06961151957511902
0.2789902687072754
0.1297379434108734
0.24836000800132751
0.6171087622642517
0.3203320801258087
0.28838491439819336
0.395347535610199
0.714431643486023
0.2566142976284027
0.5333715677261353
0.32774168252944946
0.5648103952407837
0.549152672290802
0.4089595675468445
0.3089354336261749
0.42869457602500916
0.3755962550640106
0.464221328496933
0.2625119984149933
0.17364758253097534
0.2097007930278778
0.5238593816757202
0.2349981814622879
1.157313346862793
0.38270264863967896
0.4876181483268738
0.37032070755958557
0.7722461819648743
0.399364173412323
0.13875797390937805
0.41423121094703674
0.17071904242038727
0.31869029998779297
0.1974770724773407
0.253032922744751
0.2496090829372406
0.27427107095718384
0.2589888274669647
0.16054655611515045
0.3945819139480591
0.3841911554336548
0.11251556873321533
0.2501264214515686
0.10734958946704865
0.40319934487342834
0.5275357365608215
0.38082554936408997
0.5842010378837585
0.40144699811935425
0.42333048582077026
0.4312261939048767
0.27008023858070374
0.2584826350212097
0.49811020493507385
0.27057820558547974
0.37501078844070435
0.40728893876075745
0.40910306572914124
0.5857126116752625
0.14324714243412018
0.15360629558563232
0.4062756597995758
0.5897408127784729
0.27627450227737427
0.1663702428340912
0.507792055606842
0.22265808284282684
0.5737531185150146
0.3273216485977173
0.2887957990169525
0.5592644810676575
0.2547582983970642
0.3260195851325989
0.737014889717102
0.1609046757221222
0.5995076894760132
0.2815641760826111
0.21729333698749542
0.5739027261734009
0.2560991048812866
0.3120664358139038
0.7137328386306763
0.12544867396354675
0.14495345950126648
0.15591639280319214
0.2596147954463959
0.802615761756897
0.5595369338989258
0.19524070620536804
0.1721041351556778
0.2687596380710602
0.323808878660202
0.768541157245636
0.33234041929244995
0.29694169759750366
0.15219314396381378
0.19457827508449554
0.6043134927749634
0.3013705611228943
0.34349822998046875
0.38123199343681335
0.09805221110582352
0.23175497353076935
0.5513506531715393
0.43796306848526
0.48733267188072205
0.8109869956970215
0.4913695752620697
0.3418770432472229
0.07758230715990067
0.17595914006233215
0.8674828410148621
0.44046634435653687
0.35411980748176575
0.6239737272262573
0.38797441124916077
0.1418621838092804
0.3285800814628601
0.5814403891563416
0.37876564264297485
0.34227436780929565
0.2008999139070511
0.6926459670066833
0.23536157608032227
0.31466490030288696
0.18825821578502655
0.6438079476356506
0.7423890233039856
0.7945043444633484
0.7050817608833313
0.2163507491350174
0.23527953028678894
0.2620525360107422
0.2383817881345749
0.33206987380981445
0.4056435525417328
0.20287640392780304
0.28481754660606384
0.440964937210083
0.3475804626941681
0.18069250881671906
0.6999107599258423
0.6854373812675476
0.21208806335926056
0.7359670400619507
0.34028974175453186
0.4498458802700043
0.33081310987472534
0.3359591066837311
0.8788069486618042
0.2392975389957428
0.252371609210968
0.3737312853336334
0.32808297872543335
0.6252890825271606
0.5241221189498901
0.47189855575561523
0.2690095007419586
0.5698246359825134
0.34335142374038696
0.2024136334657669
0.2500405013561249
0.11287496984004974
0.4658378064632416
0.36608871817588806
0.36227506399154663
0.2278454303741455
0.5462673902511597
0.21942269802093506
0.27411583065986633
0.28432929515838623
0.6601661443710327
0.7274140119552612
0.16303420066833496
0.41345667839050293
0.3803531229496002
0.17061956226825714
0.21968869864940643
0.4229009747505188
0.43283993005752563
0.1623043417930603
0.33767813444137573
0.2830357551574707
0.3282727003097534
0.24422118067741394
0.20952430367469788
0.2145983725786209
0.25372156500816345
0.26245540380477905
0.2477658987045288
0.7436465620994568
0.651067852973938
0.21288423240184784
0.2569918930530548
0.2946775257587433
0.31754252314567566
0.5184719562530518
0.30652207136154175
0.40591293573379517
0.20679695904254913
0.18189330399036407
0.13855485618114471
0.8888457417488098
0.4979941248893738
0.7160853147506714
0.44372764229774475
0.4137018322944641
0.43908149003982544
0.42354869842529297
0.36517852544784546
0.20314517617225647
0.6661428809165955
0.3922571837902069
0.5689851641654968
0.6524857878684998
0.5900254845619202
0.5490339994430542
0.2907702326774597
0.3046868145465851
0.2838086485862732
0.19196723401546478
0.28048962354660034
0.39121881127357483
0.3123355209827423
0.3782946467399597
0.29758018255233765
0.4149828851222992
0.18382348120212555
0.23979561030864716
0.5020385384559631
0.31938496232032776
0.5816344618797302
0.46549463272094727
0.37322869896888733
0.4142303466796875
0.3477928340435028
0.4460054039955139
0.6084516048431396
0.5278398990631104
0.26061612367630005
0.6672655344009399
0.4256165623664856
0.3804568648338318
0.5420548915863037
0.33869069814682007
0.516136109828949
0.29266589879989624
0.20182259380817413
0.5220288038253784
0.324975848197937
0.5201769471168518
0.5222426056861877
0.4078446924686432
0.21692140400409698
0.20171292126178741
0.16230417788028717
0.6677370071411133
0.3804122805595398
0.5731648206710815
0.3368036448955536
0.19112329185009003
0.5669488906860352
0.17525818943977356
0.3220009207725525
0.35717374086380005
0.38074690103530884
0.2890535593032837
0.13215790688991547
0.26008540391921997
0.623165488243103
0.3168753385543823
0.5270897150039673
0.6141117811203003
0.1929199993610382
0.3416762948036194
0.5790839791297913
0.3391401469707489
1.022454023361206
0.5118077397346497
0.3204881250858307
0.2283921241760254
0.43745261430740356
0.4458836615085602
0.8616610765457153
0.4849706292152405
0.2822147309780121
0.3139578104019165
0.26782843470573425
0.657418966293335
0.29583489894866943
0.31608065962791443
0.6308282017707825
0.3082968592643738
0.04794397950172424
0.3708077073097229
0.12553775310516357
0.606208086013794
0.15968994796276093
0.4272347092628479
0.4452091157436371
0.2787701487541199
0.16878458857536316
0.935673713684082
0.21344974637031555
0.2767327129840851
0.30742159485816956
0.5164476037025452
0.32667413353919983
0.4931732714176178
0.2676653265953064
0.21664834022521973
0.5584111213684082
0.18999192118644714
0.582058310508728
0.33921581506729126
0.238393634557724
0.3913091719150543
0.21964816749095917
0.4283014237880707
0.3341084122657776
0.4860250949859619
0.5481265187263489
0.2906992733478546
0.33577078580856323
0.22679249942302704
0.3283437192440033
0.29102277755737305
0.11010332405567169
0.2321881502866745
0.3295022249221802
0.45532211661338806
0.48104286193847656
0.41821378469467163
0.39696004986763
0.12448116391897202
0.4609246850013733
0.9247432947158813
0.2848878502845764
0.1570759117603302
0.21041730046272278
0.36279556155204773
0.27820488810539246
0.34462034702301025
0.22586289048194885
0.36117666959762573
0.3247719407081604
0.2837507128715515
0.4108029901981354
0.42476901412010193
0.5063153505325317
0.3871443569660187
0.19287659227848053
0.06559441983699799
0.9359240531921387
0.41139650344848633
0.23096351325511932
0.38789886236190796
0.23443564772605896
0.29976239800453186
0.5076900720596313
0.5072497725486755
0.7614187002182007
0.3205501437187195
0.5871340036392212
0.7135154008865356
0.817560076713562
0.2275538146495819
0.331401526927948
0.10485229641199112
0.7943149209022522
0.26822561025619507
0.6640979647636414
0.8379222750663757
0.42993250489234924
0.6105829477310181
0.8176999092102051
0.4494662880897522
0.5110846161842346
0.3820967674255371
0.289650022983551
0.35164326429367065
0.15484800934791565
0.6685382723808289
0.37612485885620117
0.18664859235286713
0.15104225277900696
0.27198129892349243
0.4870140552520752
0.2239038199186325
0.39779943227767944
0.30974966287612915
0.7076418995857239
0.5234729051589966
0.130752831697464
0.38107794523239136
0.5514886975288391
0.2716229259967804
0.7149883508682251
0.235088512301445
0.4890936017036438
0.57594895362854
0.47480082511901855
0.3326988220214844
0.5933138132095337
0.5734869241714478
0.3538351356983185
0.3672919273376465
0.5357261300086975
0.4792776107788086
0.17970402538776398
0.3586634695529938
0.9419487118721008
0.10641534626483917
0.4479362964630127
0.23909802734851837
0.3763931691646576
0.3272482752799988
0.8244991302490234
0.7330815196037292
0.500157356262207
0.22709771990776062
0.23305368423461914
0.3735857605934143
0.3545660078525543
0.30783066153526306
0.5346031188964844
0.3865549862384796
0.18196530640125275
0.3930601477622986
0.44372281432151794
0.32317811250686646
0.5100113153457642
0.2442583292722702
0.26830750703811646
0.6124848127365112
1.094351887702942
0.1486470252275467
0.4812382757663727
0.4445280134677887
0.2895045876502991
0.3998911380767822
0.334802508354187
0.32093700766563416
0.30045515298843384
0.5498771667480469
0.37802058458328247
0.10520287603139877
1.1393778324127197
0.46156638860702515
0.5578352808952332
0.1415877640247345
0.17371776700019836
0.37670886516571045
0.43452388048171997
0.7639010548591614
0.4057254195213318
0.4725186228752136
0.3588583171367645
0.8193638920783997
0.30420586466789246
0.8052574992179871
0.17481549084186554
0.43044352531433105
0.38354402780532837
0.31556788086891174
0.3448525369167328
0.3798685073852539
0.0425979383289814
0.1500120460987091
0.6351926326751709
0.1387358456850052
0.26487091183662415
0.3680363595485687
0.4600583612918854
0.3522801697254181
0.20469005405902863
0.14274699985980988
0.6173281073570251
0.4260510504245758
0.38776084780693054
0.3675890564918518
0.19505524635314941
0.4551072120666504
0.17635223269462585
0.31017017364501953
0.7833124399185181
0.3296639621257782
0.41278356313705444
0.7378439903259277
0.6748870015144348
0.34688717126846313
0.5731395483016968
0.2863193452358246
0.5500922203063965
0.23574475944042206
0.2403934895992279
0.29102107882499695
0.5770561099052429
0.8073775172233582
0.2981225848197937
0.24722039699554443
0.6055856347084045
0.25135013461112976
0.32090047001838684
0.28568074107170105
0.2105787694454193
0.6149125695228577
0.6304876804351807
0.36172258853912354
0.5786620378494263
0.17531174421310425
0.39881518483161926
0.3103974461555481
0.6343119144439697
0.3114206790924072
0.1497974693775177
0.25881853699684143
0.1701515167951584
0.08389091491699219
0.2559433579444885
0.5059017539024353
0.10308931767940521
0.17691180109977722
0.35797470808029175
0.41575202345848083
0.665662407875061
0.33805230259895325
0.7605045437812805
0.2940439283847809
0.2582379877567291
0.47639554738998413
0.3343544900417328
0.3369697034358978
0.4876968264579773
0.5266636610031128
0.11639878898859024
0.5982786417007446
0.30578702688217163
0.42426031827926636
0.2772396206855774
0.6248775720596313
0.3698222041130066
0.5040013194084167
0.6139043569564819
0.46029195189476013
0.35738304257392883
0.34148234128952026
0.5259922742843628
0.17215046286582947
0.31335896253585815
0.5179170370101929
0.4341734051704407
0.3319024443626404
0.21657879650592804
0.23208937048912048
0.4666013717651367
0.6312906742095947
0.3026798665523529
0.15809306502342224
0.6675358414649963
0.12969647347927094
0.41283100843429565
0.8842511177062988
0.29073429107666016
0.3226979672908783
0.32352250814437866
0.24200725555419922
0.337238073348999
0.32508984208106995
0.49449700117111206
0.4217652678489685
0.3090633749961853
0.3637659549713135
0.4303185045719147
0.30803558230400085
0.5334209203720093
0.5915208458900452
0.44178611040115356
0.15505817532539368
0.22083909809589386
0.6115966439247131
0.12465685606002808
0.2651640474796295
0.4741031527519226
0.2221604883670807
0.31632113456726074
0.6269823908805847
0.319571852684021
0.41964632272720337
0.17975112795829773
0.4122035503387451
0.2519659101963043
0.2884925603866577
0.41149625182151794
0.2590946555137634
0.43670231103897095
0.14649322628974915
0.5060304403305054
0.314261257648468
0.5723230838775635
0.1498716175556183
0.4785940647125244
0.6491181254386902
0.2812332510948181
0.6159756183624268
0.3291782736778259
0.4237033724784851
0.7802977561950684
0.38823845982551575
0.305208683013916
0.32684415578842163
0.1442943960428238
0.19657787680625916
0.3441930115222931
0.3759520947933197
0.4409244954586029
0.3514530062675476
0.1733083873987198
0.276414155960083
0.19682931900024414
0.3365645110607147
0.20079579949378967
0.48209190368652344
0.5574280023574829
0.4380698800086975
0.36731141805648804
0.2593112289905548
0.6998820900917053
0.3964269757270813
0.246199369430542
0.43585404753685
0.04423221945762634
0.4914007782936096
0.19669806957244873
0.30183878540992737
0.7407170534133911
0.2781556248664856
0.2450457066297531
0.40476566553115845
0.4687776565551758
0.5783121585845947
0.6015482544898987
0.43992114067077637
0.6581573486328125
0.7012799978256226
0.1960291564464569
0.4158729016780853
0.3364816904067993
0.6919631361961365
0.6346291899681091
0.2701299786567688
0.21561917662620544
0.3062403202056885
0.7899783849716187
0.4439111351966858
0.23425443470478058
0.052829425781965256
0.380229115486145
0.20729322731494904
0.3134898841381073
0.8659763336181641
0.5363705158233643
0.43371978402137756
1.1777713298797607
0.5654670000076294
0.11192391067743301
0.3881511390209198
0.17335397005081177
0.27576011419296265
0.36379939317703247
0.5958606600761414
0.10639022290706635
0.1745832860469818
0.5802125930786133
0.3418996334075928
0.365554541349411
0.20595082640647888
0.4670834541320801
0.5216442942619324
0.3121003806591034
0.22773043811321259
0.2650495171546936
0.8449044227600098
0.3542356491088867
0.4402547776699066
0.35853496193885803
0.2353603094816208
0.6991175413131714
0.34445321559906006
0.21305271983146667
0.28830304741859436
0.2510693371295929
0.16161444783210754
0.5813880562782288
0.4536050856113434
0.4627574384212494
0.5390015840530396
0.42262881994247437
0.2604544758796692
0.4520845413208008
0.4023924469947815
0.3314589858055115
0.5104726552963257
0.6763811707496643
0.24604375660419464
0.26901954412460327
0.4183794856071472
0.48742446303367615
0.1504794955253601
0.5354211330413818
0.18526038527488708
0.6037863492965698
0.3489479422569275
0.33526408672332764
0.5252745747566223
0.43826231360435486
0.2798152565956116
0.3712601065635681
0.3015982508659363
0.5365620255470276
0.6278703212738037
0.09027381241321564
0.5231226086616516
0.1859857141971588
0.3450872302055359
0.2681613564491272
0.14003248512744904
0.41015228629112244
0.22047290205955505
0.3395206034183502
0.2835098206996918
0.2208985835313797
0.14181289076805115
0.4379688799381256
0.17061105370521545
0.38457566499710083
0.4830170273780823
0.9580422639846802
0.4457167088985443
0.40399807691574097
0.16124990582466125
0.4517133831977844
0.5166657567024231
0.3796262741088867
0.5801449418067932
0.19743041694164276
0.3417423367500305
0.22030413150787354
0.37259921431541443
0.5293762683868408
0.49807530641555786
0.551726222038269
0.30264660716056824
0.3381827175617218
0.21638402342796326
0.40004920959472656
0.5587105751037598
0.44679149985313416
0.2257794439792633
0.19301846623420715
0.4103941023349762
0.31890642642974854
0.5996842384338379
0.5697706937789917
0.7612137794494629
0.23003070056438446
0.6173665523529053
0.40432167053222656
0.31174662709236145
0.15887406468391418
0.0883377343416214
0.45299020409584045
0.3303229510784149
0.3384484648704529
0.3560801148414612
0.49403566122055054
0.407449871301651
0.7115577459335327
0.05921587347984314
0.3121017813682556
0.3542720377445221
0.1390986442565918
0.25704121589660645
0.5173351764678955
0.41565337777137756
0.3543301820755005
0.1494498997926712
0.11161403357982635
0.198790043592453
0.29960498213768005
0.22249707579612732
0.44723647832870483
0.23306939005851746
0.23477184772491455
0.25176259875297546
0.33238446712493896
0.4619472026824951
0.27810871601104736
0.18249186873435974
0.22876596450805664
0.2561492323875427
0.2891135811805725
0.44696521759033203
0.45538049936294556
0.22126519680023193
0.49373650550842285
0.5715745091438293
0.4062776565551758
0.2714138329029083
0.1986570656299591
0.9084271192550659
0.3409690856933594
0.661768913269043
0.4311060905456543
0.31720930337905884
0.3746841847896576
0.3643341660499573
0.3370446562767029
0.43538108468055725
0.2945724427700043
0.26582953333854675
0.16576874256134033
0.24119102954864502
0.568204402923584
0.6759344339370728
0.3786451816558838
0.35004112124443054
0.3121402859687805
0.23210886120796204
0.5555382966995239
0.17286917567253113
0.26507288217544556
0.21709409356117249
0.3552360236644745
0.26730239391326904
0.31295791268348694
0.40433019399642944
0.8022258877754211
0.32354140281677246
0.2844819724559784
0.2829577922821045
0.45823001861572266
0.21571633219718933
0.1478700041770935
0.6347230672836304
0.3089715242385864
1.1500946283340454
0.4231471121311188
0.4701777398586273
0.3809446692466736
0.5774469971656799
0.14133067429065704
0.21870236098766327
0.36235228180885315
0.455793559551239
0.1830616295337677
0.5798905491828918
0.608096718788147
0.15414193272590637
0.2785998582839966
0.321035236120224
0.22711308300495148
0.24033315479755402
0.3483082354068756
0.25505271553993225
0.19300177693367004
0.5208238363265991
0.15241500735282898
0.1417723000049591
0.4446435570716858
0.531426191329956
0.4138704836368561
0.345145046710968
0.24174907803535461
0.3490602374076843
0.2876913547515869
0.41297492384910583
0.12656232714653015
0.30072349309921265
0.8722874522209167
0.7415525317192078
0.49696364998817444
0.3038139343261719
0.30219244956970215
0.2555728554725647
0.20197860896587372
0.28429484367370605
0.2168811857700348
0.12524858117103577
0.19348086416721344
0.8649803400039673
0.23685607314109802
0.29093629121780396
0.35489946603775024
0.5745733976364136
0.5454739928245544
0.20594115555286407
0.557407021522522
0.28268104791641235
0.3600035309791565
0.03299181908369064
0.4988386631011963
0.6210622787475586
0.21430173516273499
0.23066703975200653
0.410257488489151
0.4663380980491638
0.23544473946094513
0.45175901055336
0.14649419486522675
0.35051634907722473
0.15362732112407684
0.5259929299354553
0.6412736177444458
0.4235074520111084
0.7404735684394836
0.3349994719028473
0.5582056641578674
0.6927655339241028
0.4597274363040924
0.2529917359352112
0.17067253589630127
0.45689088106155396
0.15693309903144836
0.6011607050895691
0.35796812176704407
0.13996683061122894
0.20858009159564972
0.5907467603683472
0.1599930226802826
0.27014726400375366
0.46316590905189514
0.3956594467163086
0.21668007969856262
0.5261626839637756
0.6311364769935608
0.37744253873825073
0.24389731884002686
0.32047879695892334
0.15652361512184143
0.10184361040592194
0.31924790143966675
0.5016037225723267
0.5449790358543396
0.2336607426404953
0.4159051775932312
0.4793909192085266
0.20962584018707275
0.7781950235366821
0.6112822890281677
0.3101038932800293
0.22925563156604767
0.5079020261764526
0.3907155692577362
0.41336578130722046
0.5242449045181274
0.2148752212524414
0.17614518105983734
0.319685697555542
0.9181623458862305
0.5573626756668091
0.3644943833351135
0.2803410589694977
0.3796117305755615
0.17444494366645813
0.14704719185829163
0.7435547113418579
0.21418607234954834
0.26048603653907776
0.5847209692001343
0.18578983843326569
0.21983365714550018
0.19978460669517517
0.506024956703186
0.532612681388855
0.39994049072265625
0.3714582920074463
0.2694361209869385
0.5154517889022827
0.39240285754203796
0.31030336022377014
0.3108065128326416
0.29785841703414917
0.3477882146835327
0.19583526253700256
0.9557759165763855
0.511726975440979
0.38864797353744507
0.13119858503341675
1.02950119972229
0.07679861783981323
0.2793391942977905
0.5569967031478882
0.21340855956077576
0.5206032395362854
0.343319296836853
0.1788678616285324
0.5860728025436401
0.4719332158565521
0.3010596036911011
0.2261747121810913
0.3597727417945862
0.614007294178009
0.31282445788383484
0.42943233251571655
0.3770313262939453
0.7092626690864563
0.5232530236244202
0.48719221353530884
0.5067174434661865
0.8442347645759583
0.4120858609676361
0.40463787317276
0.38797128200531006
0.7723503112792969
0.6344580054283142
0.4708320200443268
0.3133421540260315
0.3275354504585266
0.19505907595157623
0.4657112658023834
0.5965588092803955
0.15974003076553345
0.35050734877586365
0.7276803851127625
0.24381232261657715
0.5383789539337158
0.36083540320396423
0.2998370826244354
0.1648712307214737
0.37007349729537964
0.5066455602645874
0.3360985815525055
0.17230461537837982
0.2842297852039337
0.3079790472984314
0.31467586755752563
0.5823833346366882
0.416137158870697
0.5996549129486084
0.5064061880111694
1.04337477684021
0.3589265048503876
0.24536991119384766
0.5089678764343262
0.5216587781906128
0.30258601903915405
0.4239477217197418
0.22638818621635437
0.589792013168335
0.15782953798770905
0.2525694966316223
0.4490966796875
0.12886284291744232
0.07874466478824615
0.4112410545349121
0.2527095377445221
0.26201140880584717
0.1741372048854828
0.3064758777618408
0.4993534982204437
0.14793327450752258
0.23962588608264923
0.1291676163673401
0.27075886726379395
0.6407436728477478
0.49895039200782776
0.20544859766960144
0.42748674750328064
0.5742986798286438
0.15592852234840393
0.13755881786346436
0.7049779295921326
0.6126054525375366
0.7302166223526001
0.13977111876010895
0.5179402828216553
0.39230239391326904
0.19404521584510803
0.5087941884994507
0.5928817391395569
0.3271932601928711
0.3843001425266266
0.2408643662929535
0.7045842409133911
0.3112224340438843
0.18304939568042755
0.40615567564964294
0.08488398790359497
0.19735023379325867
0.24864375591278076
0.922502338886261
0.2854856550693512
0.2312476933002472
0.13603384792804718
0.8754817843437195
0.3201688528060913
0.6623089909553528
0.5121955275535583
0.27779170870780945
0.48783785104751587
0.31172794103622437
0.2583634853363037
0.24601534008979797
0.13604669272899628
0.35607606172561646
0.3792325258255005
0.2901914417743683
0.5306754112243652
0.26149317622184753
0.40584006905555725
0.5193904638290405
0.3766230642795563
0.1473543345928192
0.257515013217926
0.2092883586883545
0.20964983105659485
0.5371299386024475
0.4017721116542816
0.5135611891746521
0.4987463057041168
0.27851325273513794
0.41625434160232544
0.6327632665634155
0.26901501417160034
0.19766339659690857
0.23028871417045593
0.18985086679458618
0.3027834892272949
0.18650275468826294
0.23935432732105255
0.10173708200454712
0.26711827516555786
0.05782480165362358
0.31685683131217957
0.4865679144859314
0.44650906324386597
0.234198659658432
0.4441607892513275
0.42267662286758423
0.630027711391449
0.19944298267364502
0.26362115144729614
0.5042248368263245
0.18564485013484955
0.3740459680557251
0.31135129928588867
0.7936525940895081
0.4759030342102051
0.1357421725988388
0.48912352323532104
0.31782859563827515
0.12847760319709778
0.29617559909820557
0.39020872116088867
0.6712645888328552
0.39404574036598206
0.6019776463508606
0.17410627007484436
0.2590453624725342
0.4018379747867584
0.04472099989652634
0.1898430585861206
0.32729893922805786
0.20819976925849915
0.37743306159973145
0.09979932010173798
0.16672967374324799
0.4730779528617859
0.33505114912986755
0.09931748360395432
0.5272994041442871
0.31402939558029175
0.6148180961608887
0.7798923850059509
0.4696682095527649
0.17082087695598602
0.2156381905078888
0.4203673303127289
0.2738710045814514
0.27217787504196167
0.37108248472213745
0.3055916726589203
0.18248003721237183
0.36472246050834656
0.69263756275177
0.2192104309797287
0.3405522108078003
0.16369841992855072
0.30091339349746704
0.24123358726501465
0.26343002915382385
0.3465465009212494
0.14480869472026825
0.3844095766544342
0.5112081170082092
0.44753605127334595
0.43150702118873596
0.6314167380332947
0.21653258800506592
0.30636361241340637
0.04529600217938423
0.18275251984596252
0.6235964894294739
0.309173047542572
0.4312968850135803
0.46399837732315063
0.16879403591156006
0.4368974268436432
0.24608147144317627
0.9794262647628784
0.9790970087051392
0.48211002349853516
0.37785792350769043
0.7079941034317017
0.1578817367553711
0.4339293837547302
0.4359845519065857
0.47006407380104065
0.184256911277771
0.7846707105636597
0.30124908685684204
0.17205208539962769
1.6327762603759766
0.2541493773460388
0.45742902159690857
0.48065894842147827
0.5977593064308167
0.32823798060417175
0.20617493987083435
0.32844018936157227
0.3292279541492462
0.2112363874912262
0.6360858678817749
0.6332388520240784
0.48581331968307495
0.3539973795413971
0.5711572170257568
0.658333420753479
0.7503513097763062
0.2836475968360901
0.45163363218307495
0.1789287030696869
0.35875120759010315
0.5485012531280518
0.419811874628067
0.19479301571846008
0.10215236991643906
0.35673272609710693
0.31574583053588867
0.3357279896736145
0.16687852144241333
0.2497788667678833
0.43256235122680664
0.9396620988845825
0.4796382784843445
0.42017918825149536
0.39072078466415405
0.08418956398963928
0.245402529835701
0.21567225456237793
0.27869468927383423
0.4024975299835205
0.16405676305294037
0.5305442810058594
0.34637993574142456
0.30708402395248413
0.22750389575958252
0.6543269753456116
0.129316508769989
0.177789106965065
0.5513730049133301
0.3038962483406067
0.3320271074771881
0.46957558393478394
0.3750498592853546
0.8377999067306519
0.4693726599216461
0.30861422419548035
0.5758886933326721
0.30433955788612366
0.5193639397621155
0.26049113273620605
0.7064024806022644
0.24676641821861267
0.24431605637073517
0.30513855814933777
0.8593419790267944
0.21653707325458527
0.3992820084095001
0.4798586964607239
0.38514262437820435
0.2200559377670288
0.5380761027336121
0.23749315738677979
0.234219029545784
0.3318447172641754
0.17223426699638367
0.6453747749328613
0.1293879896402359
0.3559708893299103
0.8367902040481567
0.14920608699321747
0.7010302543640137
0.21611598134040833
0.31413280963897705
0.2252902090549469
0.4778091311454773
0.5075119733810425
0.19918683171272278
0.4159698486328125
0.19289059937000275
0.25979119539260864
0.9156163334846497
0.19505709409713745
0.2771274447441101
0.5582946538925171
1.0333709716796875
0.44880715012550354
1.1049635410308838
0.4505653381347656
0.31959089636802673
0.48665061593055725
0.5924666523933411
0.38413381576538086
0.4385311007499695
0.29993200302124023
0.48941856622695923
0.2551271617412567
0.27098774909973145
0.4735639691352844
0.14161966741085052
0.1727159023284912
0.13035495579242706
0.5381220579147339
0.34833452105522156
0.4414890706539154
1.1177685260772705
0.4407537579536438
0.8612204790115356
0.197933629155159
0.2218897044658661
0.23259711265563965
0.673970103263855
0.2841515839099884
0.7557067275047302
0.13083121180534363
0.5742238163948059
0.2615286707878113
0.7824640274047852
0.42763224244117737
1.3017655611038208
0.36280736327171326
0.3080544173717499
0.38357824087142944
0.48784422874450684
0.41962122917175293
0.3581677973270416
0.5906491279602051
0.4853765368461609
0.33107855916023254
0.508118748664856
0.13018110394477844
1.0156747102737427
0.38772696256637573
0.46292924880981445
0.37395909428596497
0.903088390827179
0.1810504049062729
0.4639337956905365
0.5772352814674377
0.2508324980735779
0.3564453125
0.41579723358154297
0.7432267665863037
0.294985294342041
0.6056382060050964
0.2502744793891907
0.34418147802352905
0.31518658995628357
0.3023715317249298
0.3214576840400696
0.11673367023468018
0.7981862425804138
0.3558351397514343
0.46824511885643005
0.5095357894897461
0.25253164768218994
0.42241495847702026
0.6211058497428894
0.484187513589859
0.17161846160888672
0.6180040836334229
0.17009276151657104
0.1733895093202591
0.3772484362125397
0.32714903354644775
0.5292169451713562
0.40232810378074646
0.219456285238266
0.6768199801445007
0.2240976095199585
0.2703598737716675
0.625653862953186
0.37009769678115845
0.08055330812931061
0.2943732738494873
0.4072032570838928
0.265846312046051
0.23659582436084747
0.22589106857776642
0.1785181611776352
0.321111261844635
0.38857993483543396
0.5272209048271179
0.3747892677783966
0.33359822630882263
0.26476001739501953
0.3414590060710907
0.5694186687469482
0.25702527165412903
0.5579653382301331
0.34097820520401
0.45096468925476074
0.275650292634964
0.3583056926727295
0.27401262521743774
0.11740408837795258
0.33591002225875854
0.316605806350708
0.5598573684692383
0.6224087476730347
0.4169479012489319
0.37152159214019775
0.3554369807243347
0.38045647740364075
0.39245471358299255
0.32946568727493286
0.4804181158542633
0.10544272512197495
0.9735456705093384
0.4336721897125244
0.9390773773193359
0.2509722113609314
0.38909393548965454
0.26509618759155273
0.3629549741744995
0.4669112265110016
0.4188457429409027
0.170893132686615
0.2770404517650604
0.3197987675666809
0.3026321232318878
0.17111684381961823
0.1875091791152954
0.22533166408538818
0.689972996711731
0.22275897860527039
0.16298939287662506
0.6856752634048462
0.16258108615875244
0.2585669457912445
0.41761255264282227
0.41315150260925293
0.2680160403251648
0.7194973230361938
0.36337441205978394
0.35857272148132324
0.3644034266471863
0.4169834554195404
0.3519085943698883
0.40997809171676636
0.2758897840976715
0.24528726935386658
0.43806201219558716
0.655873715877533
0.41699495911598206
0.6114819645881653
0.13355807960033417
0.20295116305351257
0.44565311074256897
0.09753069281578064
0.2514537274837494
0.4739606976509094
0.16713587939739227
0.711313784122467
0.24247905611991882
0.2614380717277527
0.38040825724601746
0.20752689242362976
0.11851730197668076
0.6239393949508667
0.19821439683437347
0.22083695232868195
0.5530296564102173
0.5653378963470459
0.239475816488266
0.35310763120651245
0.28327709436416626
0.7407804131507874
0.2124556005001068
0.5884736776351929
0.3367815613746643
0.35261398553848267
0.2651360034942627
0.1880890429019928
0.5566480755805969
0.4233681261539459
0.3034653067588806
0.42176610231399536
0.23894982039928436
0.45400896668434143
0.4932733178138733
0.4442392885684967
0.23661291599273682
0.5012438893318176
0.3883196711540222
0.14789335429668427
0.9122560620307922
0.1283079832792282
0.42679181694984436
0.4106849730014801
0.6237478256225586
0.13380888104438782
0.20785541832447052
0.5468372106552124
0.3490141034126282
0.16645567119121552
0.5506059527397156
0.14817853271961212
0.323425829410553
0.5541152954101562
0.20782773196697235
0.2916310429573059
0.6311033964157104
0.5727589130401611
0.34609004855155945
0.6370716094970703
0.26938682794570923
0.626090407371521
0.1660207062959671
0.9354766607284546
0.49547067284584045
0.3616311848163605
0.4241054654121399
0.1418980062007904
0.17030780017375946
0.35153669118881226
0.3641115128993988
0.2106715887784958
0.4303321838378906
0.2907950282096863
0.376624196767807
0.5310722589492798
0.8538309335708618
0.2296762466430664
0.2364785373210907
0.21049955487251282
0.25961077213287354
0.4182991087436676
0.5759531259536743
0.1855204701423645
0.4833885133266449
0.3870405852794647
0.3923647105693817
0.11037520319223404
0.5623642206192017
0.2585040330886841
0.14039243757724762
0.30014628171920776
0.2780765891075134
0.18549540638923645
0.49177828431129456
0.3790266513824463
0.7210172414779663
0.3214944005012512
0.8181851506233215
0.3280959129333496
0.22182266414165497
0.10627566277980804
0.4821702539920807
0.19596776366233826
0.3624403774738312
0.19427135586738586
0.4938364624977112
0.4130519926548004
0.3962024450302124
0.15332020819187164
0.4026782512664795
0.5519511699676514
0.1931314766407013
0.20365400612354279
0.5855765342712402
0.20529881119728088
0.550119161605835
0.38084548711776733
0.375948429107666
0.2247796505689621
0.5618139505386353
0.2985140383243561
0.7632700800895691
0.2295496016740799
0.3665476441383362
0.36748188734054565
0.3789382874965668
0.15833733975887299
0.330428808927536
0.24685125052928925
0.6358877420425415
0.36122244596481323
0.4749518036842346
0.2309374064207077
0.4236672520637512
0.07561478763818741
0.18365664780139923
0.8228885531425476
0.4220760464668274
0.42610853910446167
0.4390565752983093
0.21168582141399384
0.8052082061767578
0.2623786926269531
0.22961518168449402
0.19240513443946838
0.284087598323822
0.38927212357521057
0.5757670998573303
0.14751604199409485
0.10361684858798981
0.8218986392021179
0.5158171653747559
0.45288705825805664
0.5881498456001282
0.2427857220172882
0.40158694982528687
0.767210841178894
0.5657903552055359
0.2611783742904663
0.28523725271224976
0.2587277293205261
0.8666120767593384
0.5965845584869385
0.245644211769104
0.3331599235534668
0.37568920850753784
0.1515570878982544
0.4124241769313812
0.3450046181678772
0.6205261945724487
0.33792972564697266
0.574385404586792
0.13578972220420837
0.4630185067653656
0.3001931309700012
0.5577500462532043
0.3249981999397278
0.2538490891456604
0.1568797528743744
0.297168493270874
0.43461936712265015
0.3493750989437103
0.7480608224868774
0.2528025507926941
0.15166135132312775
0.44391536712646484
0.36657899618148804
0.1394968330860138
0.3039012849330902
0.26258501410484314
0.8737562894821167
0.2665537893772125
0.8238129615783691
0.2260572612285614
0.39931195974349976
0.3818657100200653
0.2803463339805603
0.3719908893108368
0.10977472364902496
0.5246690511703491
0.4768997132778168
0.5015410780906677
0.241812065243721
0.3387611508369446
0.25874897837638855
0.7175924777984619
0.4428228437900543
0.3754345178604126
0.23750539124011993
0.31544169783592224
0.47232478857040405
0.3161104619503021
0.11738065630197525
0.1366690695285797
0.2807547450065613
0.6573095917701721
0.375617653131485
0.28758925199508667
0.1722743809223175
0.4658626914024353
0.7404088973999023
0.39906707406044006
0.48504653573036194
0.13478656113147736
0.4061461091041565
0.5463576912879944
0.7234224677085876
0.4323355555534363
0.20062360167503357
0.48502105474472046
0.3852795958518982
0.10001437366008759
0.2731344699859619
0.1822527050971985
0.5801095366477966
0.31750163435935974
0.18975293636322021
0.3144187331199646
0.3414417505264282
0.34309133887290955
0.3418465256690979
0.47396403551101685
0.24899756908416748
0.18158802390098572
0.34566086530685425
0.6803432703018188
0.4263148307800293
0.42690110206604004
0.45125097036361694
0.12864819169044495
0.21306660771369934
0.4173051416873932
0.19498024880886078
0.7762883901596069
0.2419186383485794
0.5500221252441406
0.1580185890197754
0.2986118197441101
0.2784106433391571
0.2856328785419464
0.23358705639839172
0.704275906085968
0.45324262976646423
0.6582145690917969
0.19791284203529358
0.28422367572784424
0.22970113158226013
0.6032096743583679
0.6093469858169556
0.5179179310798645
0.4023524224758148
0.11051808297634125
0.4265722632408142
0.6639805436134338
0.2414942979812622
0.45663294196128845
0.3879530429840088
0.40608495473861694
0.44412392377853394
0.2002139836549759
0.26176950335502625
0.44998565316200256
0.14924336969852448
0.5367054343223572
0.5751557350158691
0.16710390150547028
0.4101196229457855
0.3085140883922577
0.22949954867362976
0.39974257349967957
0.23944535851478577
0.2105145901441574
0.30424952507019043
0.5821447372436523
0.7218616008758545
0.5718485116958618
0.30985838174819946
1.1833044290542603
0.2551729083061218
0.22762556374073029
0.21513326466083527
0.9218250513076782
0.9271806478500366
0.6271497011184692
0.3032172620296478
0.1633215844631195
0.6033868193626404
0.568351149559021
0.17746582627296448
0.32829755544662476
0.5754603147506714
0.3833737075328827
0.3733673095703125
0.2980325222015381
0.5147899985313416
0.39857369661331177
0.27400141954421997
0.522316038608551
0.40634045004844666
0.5845329761505127
0.2050410807132721
0.40317487716674805
0.6811047792434692
0.5488796830177307
0.3945782780647278
0.15284696221351624
0.4213385581970215
0.2514633536338806
0.15870335698127747
0.5346270203590393
0.2170020043849945
0.5834431052207947
0.406106173992157
0.3109229505062103
0.3317442238330841
0.5722806453704834
0.2886260747909546
0.3755386471748352
0.26382216811180115
0.9062660336494446
0.20469865202903748
0.4417613446712494
0.38153785467147827
0.55560302734375
0.27211320400238037
0.6357150077819824
0.5186202526092529
0.5255647897720337
0.259450763463974
0.5623908638954163
0.3572586476802826
0.22452816367149353
0.6104450225830078
0.327548086643219
0.3920714259147644
0.27048414945602417
0.5906132459640503
0.09690214693546295
0.301491916179657
0.24600057303905487
0.383919894695282
0.5201616883277893
0.6074246168136597
0.22578862309455872
0.2969551980495453
0.37779778242111206
0.3742339611053467
0.32374173402786255
0.29359370470046997
0.49145254492759705
0.37687087059020996
0.5473315119743347
0.45342177152633667
0.3195898234844208
0.6260011792182922
0.27489474415779114
0.4256304204463959
0.4741063714027405
0.18608811497688293
0.21601879596710205
0.28377848863601685
0.18342480063438416
0.22140267491340637
0.24712133407592773
0.480633407831192
0.34579601883888245
0.6635202169418335
0.405331552028656
0.48661690950393677
0.604093074798584
0.20068839192390442
0.291351854801178
0.2160603106021881
0.6312601566314697
0.282867968082428
0.2639480233192444
0.20781278610229492
0.8085230588912964
0.32965996861457825
0.43094879388809204
0.22511449456214905
0.7147820591926575
0.6722085475921631
0.5564915537834167
0.11186065524816513
0.20149293541908264
0.14507505297660828
0.3092183470726013
0.3589029610157013
0.41650763154029846
0.3909814655780792
0.25602033734321594
0.38050657510757446
0.38746851682662964
0.6037615537643433
0.7940107583999634
0.312160849571228
0.5049809217453003
0.33656826615333557
0.9877945780754089
0.15605832636356354
0.2661544680595398
0.8735408782958984
0.16219356656074524
0.17964278161525726
0.5814487338066101
0.32404980063438416
0.17330323159694672
0.2571779787540436
0.4671754240989685
0.2794198989868164
0.9080365896224976
0.38695603609085083
0.46948933601379395
0.8407132029533386
0.702725350856781
0.18119743466377258
0.1494220495223999
0.46133533120155334
0.5426360368728638
0.18352267146110535
0.2615742087364197
0.25613975524902344
0.31690335273742676
0.45447009801864624
0.2254074513912201
0.15962651371955872
0.29788175225257874
0.20284545421600342
0.15281817317008972
0.48496466875076294
0.3750886023044586
0.25763148069381714
0.2911851704120636
0.20159348845481873
0.36129212379455566
0.451770156621933
0.32862040400505066
0.49706611037254333
0.10222402960062027
0.1490042358636856
0.4691963791847229
0.20073576271533966
0.4691406190395355
0.3685205280780792
0.189825639128685
0.2982000708580017
0.23158018290996552
0.718142569065094
0.31469887495040894
0.40591803193092346
0.42397060990333557
0.5544866323471069
0.08382115513086319
0.45457887649536133
0.18303385376930237
0.07452553510665894
0.32332083582878113
0.24376627802848816
0.21888312697410583
0.5185734033584595
0.23595431447029114
0.49597716331481934
0.1859438270330429
0.4873727262020111
0.24514290690422058
0.2984946370124817
0.5808999538421631
0.5635029077529907
0.3302704691886902
0.21300718188285828
0.26911675930023193
0.45935019850730896
0.7456017136573792
0.3697679042816162
0.6460047960281372
0.3639514446258545
0.19486628472805023
0.373847097158432
0.1560356318950653
0.12594331800937653
0.3320583403110504
0.37931180000305176
0.46370750665664673
0.3201849162578583
0.2504598796367645
0.25410279631614685
0.47093701362609863
0.19256791472434998
0.5473758578300476
0.11752764135599136
0.19876690208911896
0.2534805238246918
0.5683601498603821
0.19751450419425964
0.23039214313030243
0.15314948558807373
0.17326471209526062
0.5421549081802368
0.12864704430103302
0.25892359018325806
0.3601490557193756
0.694065272808075
0.35377466678619385
0.23204894363880157
0.2980804741382599
0.504052996635437
0.4468553960323334
0.21598967909812927
0.3468206822872162
0.25547006726264954
0.2390364706516266
0.16086038947105408
0.5793410539627075
0.5359676480293274
0.10594306141138077
0.33342546224594116
0.4293683171272278
0.26669326424598694
0.9540538787841797
0.4289998412132263
1.002403974533081
0.4734116196632385
0.15552251040935516
0.20927050709724426
0.14072225987911224
0.2631891071796417
0.25203225016593933
0.3133876919746399
0.6090989112854004
0.35483303666114807
0.257188618183136
0.2883149981498718
0.2930620312690735
0.8856881260871887
0.650427520275116
0.619395911693573
0.6955392956733704
0.6322528719902039
0.34153884649276733
0.27906468510627747
0.35313552618026733
0.2978065609931946
0.4258945882320404
0.48179373145103455
0.26401078701019287
0.24740473926067352
0.36763817071914673
0.4171363413333893
0.5019484162330627
0.33925673365592957
0.5143918395042419
0.3719061315059662
0.5763510465621948
0.43013086915016174
0.3199341893196106
0.27667036652565
0.24420805275440216
0.16207902133464813
0.33963531255722046
0.32052376866340637
0.17235039174556732
0.6541464328765869
0.32066744565963745
0.26314303278923035
0.24839529395103455
0.4114726185798645
0.12058603763580322
0.37099412083625793
0.9895011186599731
0.462985098361969
0.7344796061515808
0.30392998456954956
0.1330815702676773
0.505293071269989
0.42990636825561523
0.25529250502586365
0.21456444263458252
0.6395920515060425
0.4917594790458679
0.28937023878097534
0.3513020873069763
0.08078886568546295
0.3796692192554474
0.37157413363456726
0.2127562314271927
0.5299494862556458
0.3219553828239441
0.28317755460739136
0.2267034500837326
0.17480866611003876
0.661681056022644
0.44226551055908203
0.5089212656021118
0.37039729952812195
0.29073184728622437
0.3535405397415161
0.7537994980812073
0.25054869055747986
0.6160092353820801
0.36477869749069214
0.24910303950309753
0.32496875524520874
0.3475155234336853
0.32402125000953674
0.09183861315250397
0.5030264258384705
0.550965428352356
0.19379781186580658
0.42873868346214294
0.45759597420692444
0.39531123638153076
0.18427790701389313
0.32782232761383057
0.2255144566297531
0.47395873069763184
0.7302907705307007
0.3832486569881439
0.3615970015525818
0.37157148122787476
0.12306847423315048
0.9032057523727417
0.4942144453525543
0.33028852939605713
0.3216227889060974
0.48906731605529785
0.18398651480674744
0.2906716465950012
0.399954229593277
0.5915708541870117
0.3809172213077545
0.597192645072937
0.0902177095413208
0.44137415289878845
0.8443929553031921
0.27719905972480774
0.22092565894126892
0.3400382697582245
0.3708916902542114
0.2529623806476593
0.25198185443878174
0.2680474519729614
0.38481053709983826
0.6865857243537903
0.21192128956317902
0.07506230473518372
0.1747114062309265
0.8326321840286255
0.35558632016181946
0.24740076065063477
0.25908857583999634
0.6757486462593079
0.9130969047546387
0.8283463716506958
0.27428847551345825
0.2703327238559723
0.2947370707988739
0.38288432359695435
0.36032089591026306
0.23975253105163574
0.5686208009719849
0.754665195941925
0.3548923134803772
0.38560429215431213
0.37031716108322144
0.7929335236549377
0.6475921869277954
0.3677550256252289
0.585802435874939
0.25441405177116394
0.41733279824256897
0.5395581126213074
0.2526004910469055
0.8058231472969055
0.24123413860797882
0.3821713924407959
0.2536887228488922
0.2345234453678131
0.276927649974823
0.4396318793296814
0.21101915836334229
0.31616008281707764
0.26054540276527405
0.3104783594608307
0.8856409788131714
0.3293159008026123
0.5579932332038879
0.2921263575553894
0.172659233212471
0.2588735818862915
0.2677236795425415
0.5731902122497559
0.4087475836277008
0.3835112154483795
0.4739397466182709
0.3382195234298706
0.4714411795139313
0.3786766529083252
0.7033606767654419
0.3540312647819519
0.5647784471511841
0.6529566645622253
0.28658527135849
0.13126727938652039
0.2977820038795471
0.5863659977912903
0.42867159843444824
0.2852811813354492
0.5093203783035278
0.32612472772598267
0.2797923982143402
0.4801868498325348
0.23930327594280243
0.5308016538619995
0.49125242233276367
0.3529462516307831
0.29126065969467163
0.31632617115974426
0.21569308638572693
0.6183276772499084
0.6921387314796448
0.26917654275894165
0.45996785163879395
0.4153328537940979
0.5917080640792847
0.18720383942127228
0.2020377367734909
0.38216057419776917
0.2796301543712616
1.2824127674102783
0.4733220636844635
0.4306495785713196
0.40550145506858826
0.2574419379234314
0.7390848398208618
0.40122485160827637
0.4188324809074402
0.5127785801887512
0.1894165575504303
0.29297780990600586
0.6575533747673035
0.6506320238113403
0.2887781262397766
0.2331182062625885
0.3489437997341156
0.6759213805198669
0.6053678393363953
0.47692450881004333
0.31402021646499634
0.3677211105823517
0.4358998239040375
0.42963385581970215
0.36221039295196533
0.45044222474098206
0.3478891849517822
0.20644274353981018
0.5727766752243042
0.3858526051044464
0.5998198390007019
0.0801917240023613
0.6527612805366516
0.7738611102104187
0.5962417125701904
0.9411540031433105
0.4696671962738037
0.3067060112953186
0.46525606513023376
0.4449283480644226
0.2893826961517334
0.12002110481262207
0.513505756855011
0.2970181107521057
0.18370328843593597
0.498492956161499
0.2557317614555359
0.3850211203098297
0.3307698369026184
0.5247498750686646
0.7227786779403687
0.3380078971385956
0.410055935382843
0.3145985007286072
0.352001816034317
0.1431155949831009
0.6166344881057739
0.43935704231262207
0.7484885454177856
0.3326779305934906
0.20311422646045685
0.28515177965164185
0.1996467411518097
0.09743717312812805
0.28782665729522705
0.21708473563194275
0.26045000553131104
0.291056752204895
0.15030106902122498
0.45069217681884766
0.2724405825138092
0.4848845899105072
0.3963845372200012
0.24832546710968018
0.6903561353683472
0.41173475980758667
0.2967754900455475
0.48512497544288635
0.16894462704658508
0.45423704385757446
0.35471510887145996
0.5558362603187561
0.43258529901504517
0.16145974397659302
0.3244432806968689
0.5230814814567566
0.303034245967865
0.44426578283309937
0.07928957790136337
0.4007335603237152
0.6746169328689575
0.2469194382429123
0.5601240992546082
0.606667160987854
0.2075766772031784
0.5241842865943909
0.37370815873146057
0.22883279621601105
0.2021695375442505
0.4084108769893646
0.33798927068710327
0.31174248456954956
0.31308168172836304
0.653149425983429
0.40077823400497437
0.3499343693256378
0.29110270738601685
0.3096520006656647
0.23146450519561768
0.35063374042510986
0.5410237908363342
0.17344024777412415
0.4201512932777405
0.07299882918596268
0.46701937913894653
0.7998589277267456
0.3119655251502991
0.2602011263370514
0.27537471055984497
0.3336731791496277
0.17403870820999146
0.34723764657974243
0.2967654764652252
0.4440973401069641
0.350983589887619
0.3035680651664734
0.32511550188064575
0.456501305103302
0.11969278007745743
0.4825004041194916
0.4528008997440338
0.33696937561035156
0.37191417813301086
0.5402759313583374
0.2482842206954956
0.6374035477638245
0.2941201627254486
0.566077470779419
0.2687172293663025
0.4715959429740906
0.11886435747146606
0.3644014894962311
0.5665863752365112
0.6043044328689575
0.31655845046043396
0.08400000631809235
0.2613678276538849
0.2755042612552643
0.15842673182487488
0.4385276734828949
0.6782594323158264
0.3993069529533386
0.12114904075860977
0.406093031167984
0.23429353535175323
0.31596535444259644
0.6613981127738953
0.30408933758735657
0.27139896154403687
0.33078208565711975
0.2915312349796295
0.6733365058898926
0.4711780548095703
0.3158697485923767
0.36572265625
0.9317594766616821
0.6995066404342651
0.2860148549079895
0.9036275148391724
0.12497279793024063
0.15473631024360657
0.44564589858055115
0.3516693115234375
0.3927486538887024
0.22871048748493195
0.4525032639503479
0.05444677546620369
0.4048081040382385
0.21817132830619812
0.17136672139167786
0.22293522953987122
0.3774331212043762
0.34778907895088196
0.5760277509689331
0.1140035018324852
0.2965579032897949
0.19872137904167175
0.42764344811439514
0.47323450446128845
0.35225042700767517
0.3532719910144806
0.06662829965353012
0.4698244631290436
0.3668280243873596
0.27114632725715637
0.6952228546142578
0.19759269058704376
0.40978750586509705
0.17170552909374237
0.28236958384513855
0.10332997143268585
0.4230177402496338
0.4004249572753906
0.3794333338737488
0.3003464341163635
0.11466117203235626
0.3004528880119324
0.38024866580963135
0.49772125482559204
0.5341002345085144
0.2801983654499054
0.20849673449993134
0.7199485301971436
0.4144373834133148
0.3229566514492035
0.24351640045642853
0.21782949566841125
0.9915382266044617
0.36340463161468506
0.35666099190711975
0.2564695477485657
0.2838379740715027
0.22806374728679657
0.4300629198551178
0.7234286069869995
0.6016531586647034
0.2717941701412201
0.20357124507427216
0.8079924583435059
0.45743265748023987
0.7874566912651062
0.36306601762771606
0.5271069407463074
0.16415271162986755
0.3869243264198303
0.32607194781303406
0.2867834270000458
0.45206594467163086
0.4604204595088959
0.13014693558216095
0.42512601613998413
0.3441064953804016
0.2823029160499573
0.37140771746635437
0.16626985371112823
0.7226508855819702
0.6658350825309753
0.1958656758069992
0.2881731390953064
0.2791626453399658
0.3214905261993408
0.3011334240436554
0.510288417339325
0.24418874084949493
0.36358463764190674
0.14142248034477234
0.5738433003425598
0.16030219197273254
0.37695804238319397
0.2895154654979706
0.29476314783096313
0.14551594853401184
0.3294226825237274
0.24047020077705383
0.21173152327537537
0.4140027165412903
0.36891797184944153
0.6054254174232483
0.23619797825813293
0.14544764161109924
0.4350920617580414
0.2555519938468933
1.1957042217254639
0.4409421980381012
0.6301246285438538
0.25232401490211487
0.29977449774742126
0.36216819286346436
0.1664336770772934
0.26234176754951477
0.4175189435482025
0.4454539716243744
0.39039358496665955
0.2512635290622711
0.37111979722976685
0.4417818486690521
0.8021785616874695
0.14393924176692963
0.1573038548231125
0.5856855511665344
0.37050026655197144
0.7924405336380005
0.4674736559391022
0.47387194633483887
0.10228803008794785
0.6973142027854919
0.23757000267505646
0.2083531618118286
0.27805906534194946
0.04059649258852005
0.2473086565732956
0.17080390453338623
0.34429168701171875
0.39609912037849426
0.178767591714859
0.2409699708223343
0.4566429555416107
0.36523741483688354
